1718393086356 0.4430122926363528 0
1718393086724 0.4430122926363528 1
1718393087125 0.4430122926363528 2
1718393087498 0.4430122926363528 3
1718393087976 0.14693877551020407 4
1718393088413 0.39208410636982066 5
1718393088784 0.30995670995670993 6
1718393089135 0.36453201970443355 7
1718393089509 0.5378151260504203 8
1718393089872 0.3939495798319328 9
1718393090236 0.3939495798319328 10
1718393090590 0.3939495798319328 11
1718393090956 0.3939495798319328 12
1718393091323 0.3939495798319328 13
1718393091683 0.3939495798319328 14
1718393092035 0.3939495798319328 15
1718393092422 0.3939495798319328 16
1718393092812 0.3939495798319328 17
1718393093189 0.3939495798319328 18
1718393093575 0.3939495798319328 19
1718393093968 0.3939495798319328 20
1718393094334 0.3939495798319328 21
1718393094709 0.3939495798319328 22
1718393095072 0.3939495798319328 23
1718393095447 0.3939495798319328 24
1718393095830 0.3939495798319328 25
1718393096202 0.3939495798319328 26
1718393096579 0.3557692307692308 27
1718393096953 0.3698206555349412 28
1718393097352 0.42800000000000005 29
1718393097729 0.42800000000000005 30
1718393098096 0.42800000000000005 31
1718393098463 0.3136645962732919 32
1718393098852 0.3136645962732919 33
1718393099234 0.3136645962732919 34
1718393099584 0.3136645962732919 35
1718393099989 0.3136645962732919 36
1718393100352 0.3136645962732919 37
1718393100719 0.10810810810810811 38
1718393101103 0.10810810810810811 39
1718393101502 0.10810810810810811 40
1718393101902 0.10810810810810811 41
1718393102319 0.10810810810810811 42
1718393102801 0.10810810810810811 43
1718393103272 0.10810810810810811 44
1718393103765 0.10810810810810811 45
1718393104240 0.10810810810810811 46
1718393104728 0.10810810810810811 47
1718393105157 0.10810810810810811 48
1718393105607 0.10810810810810811 49
