1718387968059 0.07714426517486572 0
1718387968292 0.023380517959594727 1
1718387968532 -0.058910489082336426 2
1718387968797 -0.13709521293640137 3
1718387969046 0.11973607540130615 4
1718387969282 0.10290515422821045 5
1718387969512 -0.19912946224212646 6
1718387969746 -0.10811495780944824 7
1718387969980 0.19988036155700684 8
1718387970210 0.16363966464996338 9
1718387970449 0.1029735803604126 10
1718387970687 0.04096710681915283 11
1718387970914 -0.09043300151824951 12
1718387971148 -0.03963947296142578 13
1718387971384 0.05318009853363037 14
1718387971627 -0.10988509654998779 15
1718387971855 -0.03985142707824707 16
1718387972090 0.10314321517944336 17
1718387972323 0.05373680591583252 18
1718387972556 -0.04974722862243652 19
1718387972781 0.1393829584121704 20
1718387973017 0.11341404914855957 21
1718387973237 0.0009789466857910156 22
1718387973460 -0.3291081190109253 23
1718387973695 -0.05340099334716797 24
1718387974113 0.05713474750518799 25
1718387974343 0.19433820247650146 26
1718387974585 0.08085966110229492 27
1718387974834 -0.04252350330352783 28
1718387975077 -0.12984299659729004 29
1718387975306 -0.3455514907836914 30
1718387975541 0.1494385004043579 31
1718387975773 0.30605053901672363 32
1718387976003 0.09315550327301025 33
1718387976280 -0.013074040412902832 34
1718387976524 -0.07718324661254883 35
1718387976768 0.08430588245391846 36
1718387977009 -0.038095831871032715 37
1718387977252 -0.2378072738647461 38
1718387977481 0.23026764392852783 39
1718387977718 -0.10990095138549805 40
1718387977948 0.1298741102218628 41
1718387978183 -0.03774309158325195 42
1718387978414 0.08045756816864014 43
1718387978648 0.15002405643463135 44
1718387978877 0.08116543292999268 45
1718387979112 -0.09573662281036377 46
1718387979340 -0.0817878246307373 47
1718387979594 0.10013818740844727 48
1718387979850 -0.008525729179382324 49
