1718393405879 0.34285714285714286 0
1718393406338 0.37142857142857144 1
1718393406932 0.37142857142857144 2
1718393407464 0.37142857142857144 3
1718393408114 0.37142857142857144 4
1718393408638 0.37142857142857144 5
1718393409205 0.37142857142857144 6
1718393409722 0.37142857142857144 7
1718393410193 0.37142857142857144 8
1718393410605 0.34285714285714286 9
1718393411066 0.34285714285714286 10
1718393411509 0.3142857142857143 11
1718393411953 0.37142857142857144 12
1718393412410 0.34285714285714286 13
1718393412861 0.37142857142857144 14
1718393413268 0.34285714285714286 15
1718393413685 0.34285714285714286 16
1718393414144 0.45714285714285713 17
1718393414589 0.4 18
1718393415024 0.45714285714285713 19
1718393415451 0.4 20
1718393415903 0.5428571428571428 21
1718393416330 0.42857142857142855 22
1718393416762 0.4 23
1718393417264 0.5142857142857142 24
1718393417696 0.4857142857142857 25
1718393418259 0.14285714285714285 26
1718393418904 0.34285714285714286 27
1718393419409 0.22857142857142856 28
1718393419886 0.2857142857142857 29
1718393420294 0.37142857142857144 30
1718393420766 0.37142857142857144 31
1718393421231 0.37142857142857144 32
1718393421717 0.2857142857142857 33
1718393422202 0.34285714285714286 34
1718393422758 0.37142857142857144 35
1718393423220 0.2857142857142857 36
1718393423600 0.2857142857142857 37
1718393424019 0.34285714285714286 38
1718393424395 0.37142857142857144 39
1718393424781 0.37142857142857144 40
1718393425151 0.37142857142857144 41
1718393425511 0.37142857142857144 42
1718393425887 0.37142857142857144 43
1718393426253 0.37142857142857144 44
1718393426642 0.37142857142857144 45
1718393427058 0.37142857142857144 46
1718393427426 0.34285714285714286 47
1718393427790 0.4 48
1718393428206 0.37142857142857144 49
