1718446389246 nan 0
1718446389562 nan 1
1718446389879 nan 2
1718446390196 nan 3
1718446390512 nan 4
1718446390812 nan 5
1718446391112 nan 6
1718446391395 nan 7
1718446391695 nan 8
1718446391995 nan 9
1718446392282 nan 10
1718446392565 nan 11
1718446392862 nan 12
1718446393149 nan 13
1718446393467 nan 14
1718446393783 nan 15
1718446394099 nan 16
1718446394415 nan 17
1718446394733 nan 18
1718446395264 nan 19
1718446395563 nan 20
1718446395861 nan 21
1718446396161 nan 22
1718446396465 nan 23
1718446396781 nan 24
1718446397111 nan 25
1718446397393 nan 26
1718446397644 nan 27
1718446397948 nan 28
1718446398229 nan 29
1718446398511 nan 30
1718446398797 nan 31
1718446399064 nan 32
1718446399331 nan 33
1718446399612 nan 34
1718446399881 nan 35
1718446400144 nan 36
1718446400413 nan 37
1718446400690 nan 38
1718446400977 nan 39
1718446401247 nan 40
1718446401527 nan 41
1718446401812 nan 42
1718446402084 nan 43
1718446402343 nan 44
1718446402613 nan 45
1718446402892 nan 46
1718446403160 nan 47
1718446403426 nan 48
1718446403693 nan 49
