1718382490482 0.11428571428571428 0
1718382490857 0.11428571428571428 1
1718382491238 0.11428571428571428 2
1718382491600 0.11428571428571428 3
1718382491995 0.11428571428571428 4
1718382492388 0.11428571428571428 5
1718382492747 0.11428571428571428 6
1718382493081 0.11428571428571428 7
1718382493414 0.11428571428571428 8
1718382493732 0.11428571428571428 9
1718382494055 0.11428571428571428 10
1718382494378 0.11428571428571428 11
1718382494708 0.11428571428571428 12
1718382495032 0.11428571428571428 13
1718382495364 0.05714285714285714 14
1718382495685 0.05714285714285714 15
1718382496004 0.05714285714285714 16
1718382496406 0.05714285714285714 17
1718382496856 0.05714285714285714 18
1718382497180 0.05714285714285714 19
1718382497507 0.2571428571428571 20
1718382497818 0.2857142857142857 21
1718382498160 0.34285714285714286 22
1718382498512 0.2857142857142857 23
1718382498828 0.22857142857142856 24
1718382499151 0.34285714285714286 25
1718382499471 0.2857142857142857 26
1718382499786 0.2857142857142857 27
1718382500119 0.2857142857142857 28
1718382500445 0.34285714285714286 29
1718382500762 0.34285714285714286 30
1718382501089 0.34285714285714286 31
1718382501431 0.2571428571428571 32
1718382501752 0.3142857142857143 33
1718382502065 0.37142857142857144 34
1718382502437 0.34285714285714286 35
1718382502778 0.37142857142857144 36
1718382503094 0.3142857142857143 37
1718382503457 0.3142857142857143 38
1718382503776 0.3142857142857143 39
1718382504093 0.34285714285714286 40
1718382504425 0.2571428571428571 41
1718382504743 0.34285714285714286 42
1718382505049 0.17142857142857143 43
1718382505376 0.14285714285714285 44
1718382505690 0.14285714285714285 45
1718382505996 0.14285714285714285 46
1718382506305 0.14285714285714285 47
1718382506609 0.14285714285714285 48
1718382506926 0.14285714285714285 49
