1718388354144 0.808955223880597 0
1718388354369 0.8238805970149253 1
1718388354605 0.8149253731343283 2
1718388354842 0.8328358208955224 3
1718388355097 0.808955223880597 4
1718388355330 0.7850746268656716 5
1718388355558 0.7402985074626866 6
1718388355797 0.7701492537313432 7
1718388356046 0.835820895522388 8
1718388356277 0.7761194029850746 9
1718388356507 0.8208955223880597 10
1718388356733 0.7940298507462686 11
1718388356966 0.8 12
1718388357205 0.826865671641791 13
1718388357432 0.8 14
1718388357663 0.8417910447761194 15
1718388357890 0.8119402985074626 16
1718388358117 0.8388059701492537 17
1718388358348 0.7611940298507462 18
1718388358578 0.6417910447761194 19
1718388359018 0.6656716417910448 20
1718388359253 0.746268656716418 21
1718388359485 0.7492537313432835 22
1718388359712 0.7880597014925373 23
1718388359944 0.7820895522388059 24
1718388360189 0.7701492537313432 25
1718388360422 0.7820895522388059 26
1718388360652 0.8059701492537313 27
1718388360882 0.7522388059701492 28
1718388361113 0.8567164179104477 29
1718388361349 0.8238805970149253 30
1718388361580 0.8388059701492537 31
1718388361807 0.7970149253731343 32
1718388362043 0.7611940298507462 33
1718388362307 0.7223880597014926 34
1718388362595 0.7701492537313432 35
1718388362903 0.7432835820895523 36
1718388363212 0.7611940298507462 37
1718388363515 0.8388059701492537 38
1718388363807 0.8417910447761194 39
1718388364090 0.8328358208955224 40
1718388364362 0.8328358208955224 41
1718388364633 0.8 42
1718388364909 0.7432835820895523 43
1718388365182 0.8119402985074626 44
1718388365445 0.808955223880597 45
1718388365712 0.835820895522388 46
1718388365982 0.8388059701492537 47
1718388366258 0.8029850746268656 48
1718388366533 0.7940298507462686 49
