1718435105266 0.1 0
1718435105570 0.08656716417910448 1
1718435105933 0.1 2
1718435106253 0.09402985074626866 3
1718435106573 0.11044776119402985 4
1718435106849 0.11791044776119403 5
1718435107149 0.11343283582089553 6
1718435107449 0.11791044776119403 7
1718435107770 0.11044776119402985 8
1718435108066 0.11791044776119403 9
1718435108366 0.11343283582089553 10
1718435108681 0.1 11
1718435108982 0.11343283582089553 12
1718435109282 0.11791044776119403 13
1718435109599 0.11343283582089553 14
1718435109899 0.11791044776119403 15
1718435110199 0.11343283582089553 16
1718435110532 0.11791044776119403 17
1718435110882 0.11343283582089553 18
1718435111232 0.11791044776119403 19
1718435111567 0.11343283582089553 20
1718435111927 0.11791044776119403 21
1718435112227 0.11343283582089553 22
1718435112532 0.11791044776119403 23
1718435112868 0.11791044776119403 24
1718435113182 0.11343283582089553 25
1718435113486 0.11791044776119403 26
1718435113802 0.10895522388059702 27
1718435114119 0.11791044776119403 28
1718435114432 0.11343283582089553 29
1718435114982 0.11343283582089553 30
1718435115266 0.11791044776119403 31
1718435115546 0.09402985074626866 32
1718435115818 0.11791044776119403 33
1718435116120 0.09402985074626866 34
1718435116431 0.11791044776119403 35
1718435116721 0.11044776119402985 36
1718435116998 0.11791044776119403 37
1718435117282 0.07611940298507462 38
1718435117548 0.11791044776119403 39
1718435117831 0.11343283582089553 40
1718435118114 0.11791044776119403 41
1718435118397 0.11343283582089553 42
1718435118699 0.11791044776119403 43
1718435118997 0.11343283582089553 44
1718435119296 0.11791044776119403 45
1718435119614 0.11044776119402985 46
1718435119897 0.11791044776119403 47
1718435120184 0.11343283582089553 48
1718435120463 0.11791044776119403 49
