1718536813651 0.08727272727272728 0
1718536816121 0.08727272727272728 1
1718536818587 0.08727272727272728 2
1718536821052 0.08727272727272728 3
1718536823533 0.08727272727272728 4
1718536826152 0.08727272727272728 5
1718536828718 0.08727272727272728 6
1718536831237 0.08727272727272728 7
1718536833714 0.08727272727272728 8
1718536836314 0.08727272727272728 9
1718536838796 0.08727272727272728 10
1718536841245 0.08727272727272728 11
1718536843715 0.08727272727272728 12
1718536846178 0.08727272727272728 13
1718536848644 0.08727272727272728 14
1718536851093 0.08727272727272728 15
1718536853577 0.08727272727272728 16
1718536856076 0.08727272727272728 17
1718536858615 0.08727272727272728 18
1718536861142 0.08727272727272728 19
1718536864191 0.08727272727272728 20
1718536867524 0.08727272727272728 21
1718536870807 0.08727272727272728 22
1718536873823 0.08727272727272728 23
1718536876405 0.08727272727272728 24
1718536878893 0.08727272727272728 25
1718536881338 0.08727272727272728 26
1718536883773 0.08727272727272728 27
1718536886237 0.08727272727272728 28
1718536888703 0.08727272727272728 29
1718536891169 0.08727272727272728 30
1718536893652 0.08727272727272728 31
1718536896102 0.08727272727272728 32
1718536898668 0.08727272727272728 33
1718536901104 0.08727272727272728 34
1718536903569 0.08727272727272728 35
1718536906016 0.08727272727272728 36
1718536908535 0.08727272727272728 37
1718536911037 0.08727272727272728 38
1718536913540 0.08727272727272728 39
1718536915998 0.08727272727272728 40
1718536918497 0.08727272727272728 41
1718536921047 0.08727272727272728 42
1718536924080 0.08727272727272728 43
1718536927396 0.08727272727272728 44
1718536930695 0.08727272727272728 45
1718536933727 0.08727272727272728 46
1718536936227 0.08727272727272728 47
1718536938843 0.08727272727272728 48
1718536941576 0.08727272727272728 49
