1718583770893 0.2885776529857771 0
1718583771977 -0.6440677833686528 1
1718583773043 -1.2620979059556658 2
1718583774142 -0.2073648625075788 3
1718583775241 -2.9503201707247313 4
1718583776292 -0.4642010693068097 5
1718583777313 -1.2504091613139567 6
1718583778397 0.132022236710164 7
1718583779362 0.03530948193619965 8
1718583780408 -0.41307919255105263 9
1718583781274 0.4032205849656796 10
1718583782389 -2.2804657921619618 11
1718583783570 0.4093775714160848 12
1718583784874 -0.10120119692943907 13
1718583786040 0.25720485426192363 14
1718583787239 0.5412752913409689 15
1718583788455 -0.05940537702600501 16
1718583789642 0.2777201777828706 17
1718583790856 0.375842887667281 18
1718583792022 0.30289042928756915 19
1718583793241 0.14149113943651237 20
1718583794308 0.1514942057258888 21
1718583795355 0.35869040709175914 22
1718583796466 -2.7065879241851922 23
1718583797553 -0.5724313643818686 24
1718583798639 -2.1289888501356007 25
1718583799721 -0.10653971051371824 26
1718583800888 -1.9241281014958536 27
1718583802090 -0.43004893970834557 28
1718583803260 0.40264006140328057 29
1718583804252 -0.048716796409593144 30
1718583805184 0.18021082020841117 31
1718583806069 0.1694660181106351 32
1718583806919 0.5829657241533592 33
1718583807772 0.2347418454937782 34
1718583808646 0.2043946807819057 35
1718583809707 0.10502203855510217 36
1718583810631 -5.034813238263185 37
1718583811535 0.43201906482378627 38
1718583812530 0.10590758561171443 39
1718583814003 -0.47458698511231523 40
1718583815523 -5.324899085395102 41
1718583816920 0.15689836696551884 42
1718583818253 -0.1028828171112588 43
1718583819504 -4.263425560032065 44
1718583820568 0.47629310567418903 45
1718583821655 -0.11123803443953983 46
1718583822756 0.36002392469084343 47
1718583823851 0.4239239702662534 48
1718583824909 -3.6819717242997028 49
