1718537745885 0.08727272727272728 0
1718537746662 0.08727272727272728 1
1718537747434 0.08727272727272728 2
1718537748252 0.08727272727272728 3
1718537749067 0.08727272727272728 4
1718537749817 0.08727272727272728 5
1718537750616 0.08727272727272728 6
1718537751367 0.08727272727272728 7
1718537752159 0.08727272727272728 8
1718537752916 0.08727272727272728 9
1718537753703 0.08727272727272728 10
1718537754533 0.08727272727272728 11
1718537755283 0.08727272727272728 12
1718537756132 0.08727272727272728 13
1718537756916 0.08727272727272728 14
1718537757665 0.08727272727272728 15
1718537758466 0.08727272727272728 16
1718537759251 0.08727272727272728 17
1718537760032 0.08727272727272728 18
1718537760832 0.08727272727272728 19
1718537761598 0.08727272727272728 20
1718537762465 0.08727272727272728 21
1718537763464 0.08727272727272728 22
1718537764547 0.08727272727272728 23
1718537765464 0.08727272727272728 24
1718537766380 0.08727272727272728 25
1718537767297 0.08727272727272728 26
1718537768228 0.08727272727272728 27
1718537769141 0.08727272727272728 28
1718537770080 0.08727272727272728 29
1718537771013 0.08727272727272728 30
1718537771942 0.08727272727272728 31
1718537772865 0.08727272727272728 32
1718537773796 0.08727272727272728 33
1718537774764 0.08727272727272728 34
1718537775745 0.08727272727272728 35
1718537776678 0.08727272727272728 36
1718537777562 0.08727272727272728 37
1718537778414 0.08727272727272728 38
1718537779194 0.08727272727272728 39
1718537779928 0.08727272727272728 40
1718537780678 0.08727272727272728 41
1718537781431 0.08727272727272728 42
1718537782194 0.08727272727272728 43
1718537782944 0.08727272727272728 44
1718537783712 0.08727272727272728 45
1718537784460 0.08727272727272728 46
1718537785227 0.08727272727272728 47
1718537785994 0.08727272727272728 48
1718537786729 0.08727272727272728 49
