1718537292924 0.08727272727272728 0
1718537293894 0.08727272727272728 1
1718537294823 0.08727272727272728 2
1718537295740 0.08727272727272728 3
1718537296623 0.08727272727272728 4
1718537297506 0.08727272727272728 5
1718537298376 0.08727272727272728 6
1718537299157 0.08727272727272728 7
1718537300009 0.08727272727272728 8
1718537300839 0.08727272727272728 9
1718537301672 0.08727272727272728 10
1718537302438 0.08727272727272728 11
1718537303226 0.08727272727272728 12
1718537303998 0.08727272727272728 13
1718537304771 0.08727272727272728 14
1718537305574 0.08727272727272728 15
1718537306354 0.08727272727272728 16
1718537307137 0.08727272727272728 17
1718537307941 0.08727272727272728 18
1718537308737 0.08727272727272728 19
1718537309504 0.08727272727272728 20
1718537310337 0.08727272727272728 21
1718537311154 0.08727272727272728 22
1718537311935 0.08727272727272728 23
1718537312703 0.08727272727272728 24
1718537313473 0.08727272727272728 25
1718537314253 0.08727272727272728 26
1718537315053 0.08727272727272728 27
1718537315869 0.08727272727272728 28
1718537316636 0.08727272727272728 29
1718537317424 0.08727272727272728 30
1718537318235 0.08727272727272728 31
1718537319002 0.08727272727272728 32
1718537319802 0.08727272727272728 33
1718537320585 0.08727272727272728 34
1718537321335 0.08727272727272728 35
1718537322165 0.08727272727272728 36
1718537322966 0.08727272727272728 37
1718537323753 0.08727272727272728 38
1718537324535 0.08727272727272728 39
1718537325332 0.08727272727272728 40
1718537326127 0.08727272727272728 41
1718537326884 0.08727272727272728 42
1718537327633 0.08727272727272728 43
1718537328400 0.08727272727272728 44
1718537329227 0.08727272727272728 45
1718537330000 0.08727272727272728 46
1718537330769 0.08727272727272728 47
1718537331548 0.08727272727272728 48
1718537332383 0.08727272727272728 49
