1718585453669 0.10242424242424242 0
1718585454170 0.10242424242424242 1
1718585454660 0.10242424242424242 2
1718585455199 0.10242424242424242 3
1718585455674 0.10303030303030303 4
1718585456189 0.33006244858755146 5
1718585456680 0.10242424242424242 6
1718585457209 0.10242424242424242 7
1718585457693 0.10848484848484848 8
1718585458179 0.10242424242424242 9
1718585458659 0.10303030303030303 10
1718585459160 0.10242424242424242 11
1718585459650 0.10242424242424242 12
1718585460160 0.10848484848484848 13
1718585460645 0.10387373034563921 14
1718585461128 0.10848484848484848 15
1718585461629 0.10242424242424242 16
1718585462127 0.10575069608053117 17
1718585463061 0.10242424242424242 18
1718585464157 0.13003230527593346 19
1718585465172 0.10242424242424242 20
1718585466012 0.10242424242424242 21
1718585466826 0.10242424242424242 22
1718585467571 0.10242424242424242 23
1718585468325 0.10848484848484848 24
1718585469092 0.10848484848484848 25
1718585469875 0.3936816822404736 26
1718585470839 0.10242424242424242 27
1718585471615 0.10242424242424242 28
1718585472396 0.10242424242424242 29
1718585473154 0.10303030303030303 30
1718585473929 0.19721282896574843 31
1718585474722 0.10303030303030303 32
1718585475493 0.5113052544343545 33
1718585476280 0.10242424242424242 34
1718585477040 0.24473339869069224 35
1718585477807 0.2515639546366108 36
1718585478595 0.10848484848484848 37
1718585479476 0.10242424242424242 38
1718585480456 0.5641384886695524 39
1718585481374 0.10242424242424242 40
1718585482244 0.10848484848484848 41
1718585483121 0.10242424242424242 42
1718585484057 0.10242424242424242 43
1718585484838 0.10848484848484848 44
1718585485605 0.10242424242424242 45
1718585486389 0.10242424242424242 46
1718585487186 0.10242424242424242 47
1718585488005 0.10242424242424242 48
1718585488778 0.10242424242424242 49
