1718398595150 4.01241397857666 0
1718398597603 2.4971866607666016 1
1718398599987 6.925201892852783 2
1718398602572 3.7555899620056152 3
1718398605174 4.275096416473389 4
1718398607694 7.827878475189209 5
1718398610177 2.898752212524414 6
1718398612614 8.80190372467041 7
1718398615081 3.715179204940796 8
1718398617533 2.6270241737365723 9
1718398619936 3.21243953704834 10
1718398622588 2.5415873527526855 11
1718398625641 3.221648693084717 12
1718398628708 3.0226047039031982 13
1718398631745 2.768277168273926 14
1718398634412 4.329219818115234 15
1718398636847 4.399625301361084 16
1718398639267 1.6412413120269775 17
1718398641669 3.0194318294525146 18
1718398644087 2.601884365081787 19
1718398646489 8.226553916931152 20
1718398648907 8.012251853942871 21
1718398651309 6.119918346405029 22
1718398653711 3.00072979927063 23
1718398656097 2.257534980773926 24
1718398658515 3.247540235519409 25
1718398660900 2.9666309356689453 26
1718398663335 6.395388603210449 27
1718398665703 9.09207820892334 28
1718398668172 3.619828939437866 29
1718398670623 2.923862934112549 30
1718398673109 3.1441922187805176 31
1718398675561 2.316112756729126 32
1718398677995 4.580394744873047 33
1718398680414 3.276406764984131 34
1718398683017 3.322319507598877 35
1718398685984 2.4913694858551025 36
1718398689071 2.751923084259033 37
1718398692090 2.2574973106384277 38
1718398694658 5.596530437469482 39
1718398697027 6.030817985534668 40
1718398699445 5.402585983276367 41
1718398701897 2.5155255794525146 42
1718398704331 2.850456714630127 43
1718398706799 2.6960701942443848 44
1718398709170 3.672074317932129 45
1718398711586 4.986132621765137 46
1718398713972 2.9974935054779053 47
1718398716339 7.657723426818848 48
1718398718709 5.6699981689453125 49
