1718386784605 0.14285714285714285 0
1718386784989 0.17142857142857143 1
1718386785318 0.17142857142857143 2
1718386785657 0.2571428571428571 3
1718386785983 0.2571428571428571 4
1718386786305 0.2571428571428571 5
1718386786630 0.2571428571428571 6
1718386786958 0.2571428571428571 7
1718386787279 0.2571428571428571 8
1718386787600 0.11428571428571428 9
1718386787935 0.3142857142857143 10
1718386788263 0.2571428571428571 11
1718386788588 0.2 12
1718386788928 0.17142857142857143 13
1718386789254 0.2 14
1718386789581 0.2857142857142857 15
1718386789919 0.2571428571428571 16
1718386790255 0.2571428571428571 17
1718386790583 0.2857142857142857 18
1718386790929 0.3142857142857143 19
1718386791258 0.3142857142857143 20
1718386791574 0.22857142857142856 21
1718386791909 0.3142857142857143 22
1718386792234 0.22857142857142856 23
1718386792549 0.2571428571428571 24
1718386792892 0.2571428571428571 25
1718386793216 0.22857142857142856 26
1718386793538 0.3142857142857143 27
1718386793874 0.3142857142857143 28
1718386794201 0.11428571428571428 29
1718386794522 0.11428571428571428 30
1718386794861 0.37142857142857144 31
1718386795177 0.17142857142857143 32
1718386795509 0.2571428571428571 33
1718386795847 0.2857142857142857 34
1718386796176 0.3142857142857143 35
1718386796498 0.34285714285714286 36
1718386796828 0.4 37
1718386797152 0.14285714285714285 38
1718386797478 0.3142857142857143 39
1718386797803 0.2857142857142857 40
1718386798124 0.22857142857142856 41
1718386798455 0.11428571428571428 42
1718386798785 0.11428571428571428 43
1718386799103 0.11428571428571428 44
1718386799431 0.14285714285714285 45
1718386799761 0.14285714285714285 46
1718386800097 0.3142857142857143 47
1718386800506 0.22857142857142856 48
1718386800846 0.37142857142857144 49
