1718354141415 0.0 0
1718354143849 0.0 1
1718354146455 0.0 2
1718354148865 0.0 3
1718354151443 0.0 4
1718354153881 0.0 5
1718354156347 0.0 6
1718354158809 0.0 7
1718354161134 0.0 8
1718354163904 0.0 9
1718354166382 0.0 10
1718354168928 0.0 11
1718354171196 0.0 12
1718354173582 0.0 13
1718354176054 0.0 14
1718354178376 0.0 15
1718354180856 0.0 16
1718354183072 0.0 17
1718354185708 0.0 18
1718354188099 0.0 19
1718354190586 0.0 20
1718354193017 0.0 21
1718354195425 0.0 22
1718354197732 0.0 23
1718354200045 0.0 24
1718354202583 0.0 25
1718354204931 0.0 26
1718354207523 0.0 27
1718354209914 0.0 28
1718354212435 0.0 29
1718354214851 0.0 30
1718354217221 0.0 31
1718354219774 0.0 32
1718354222066 0.0 33
1718354224971 0.0 34
1718354227300 0.0 35
1718354229900 0.0 36
1718354232212 0.0 37
1718354234666 0.0 38
1718354236948 0.0 39
1718354239327 0.0 40
1718354241899 0.0 41
1718354244230 0.0 42
1718354246726 0.0 43
1718354248961 0.0 44
1718354251409 0.0 45
1718354253704 0.0 46
1718354256081 0.0 47
1718354258591 0.0 48
1718354260956 0.0 49
