1718354141289 5.997502326965332 0
1718354143737 5.997502326965332 1
1718354146323 5.997502326965332 2
1718354148738 5.997501850128174 3
1718354151277 5.997502326965332 4
1718354153767 5.997501850128174 5
1718354156209 5.997501850128174 6
1718354158696 5.997501850128174 7
1718354161023 5.997501850128174 8
1718354163770 5.997502326965332 9
1718354166273 5.997501850128174 10
1718354168804 5.997502326965332 11
1718354171082 5.997502326965332 12
1718354173418 5.997501850128174 13
1718354175944 5.997501850128174 14
1718354178259 5.997502326965332 15
1718354180744 5.997502326965332 16
1718354182918 5.997501850128174 17
1718354185591 5.997501850128174 18
1718354187975 5.997501850128174 19
1718354190429 5.504034519195557 20
1718354192904 5.504034996032715 21
1718354195296 5.504034519195557 22
1718354197609 5.997502326965332 23
1718354199931 5.997502326965332 24
1718354202460 5.997501850128174 25
1718354204815 5.997506618499756 26
1718354207403 5.997501850128174 27
1718354209797 5.997501373291016 28
1718354212295 5.997501850128174 29
1718354214740 5.997501850128174 30
1718354217099 5.997501850128174 31
1718354219664 5.997501850128174 32
1718354221956 5.997502326965332 33
1718354224840 5.997501373291016 34
1718354227191 5.997501850128174 35
1718354229774 5.997501850128174 36
1718354232106 5.504034996032715 37
1718354234518 5.504034996032715 38
1718354236833 5.504034996032715 39
1718354239203 5.504034519195557 40
1718354241781 5.504034519195557 41
1718354244119 5.504034519195557 42
1718354246614 5.504034519195557 43
1718354248844 5.504034519195557 44
1718354251283 5.504034996032715 45
1718354253592 5.504034042358398 46
1718354255966 5.504034519195557 47
1718354258473 5.504034996032715 48
1718354260847 5.504034042358398 49
