1718501893281 2.412998424635993 0
1718501893763 2.3431805769602456 1
1718501894232 2.3937449940928706 2
1718501894699 2.444254482233966 3
1718501895166 2.531838333165204 4
1718501895766 2.316416894948041 5
1718501896370 2.3540203306410046 6
1718501896867 2.3389085796144276 7
1718501897370 2.3299769737102367 8
1718501897834 2.444784711908411 9
1718501898285 2.85855934354994 10
1718501898702 2.3518566952811346 11
1718501899135 2.353865248185617 12
1718501899586 2.351641306170711 13
1718501900069 2.836449706995929 14
1718501900535 2.3987799882888794 15
1718501900987 2.305213451385498 16
1718501901587 2.4892693360646567 17
1718501902037 2.3112133079104953 18
1718501902554 2.4616053457613343 19
1718501903021 2.374330087944313 20
1718501903638 2.466302831967672 21
1718501904122 2.364312688509623 22
1718501904573 2.3214124882662737 23
1718501905023 2.395166626682988 24
1718501905456 2.545186758041382 25
1718501905890 2.3163504600524902 26
1718501906356 2.451719323794047 27
1718501906808 2.3724044119870222 28
1718501907258 2.3310432080869323 29
1718501907708 2.537941570635195 30
1718501908159 2.451791626435739 31
1718501908609 2.4842394369619862 32
1718501909076 2.4161789373115257 33
1718501909526 2.3771998153792486 34
1718501909943 2.600039800008138 35
1718501910460 2.322660949495104 36
1718501910944 2.387274667068764 37
1718501911444 2.3640413593362877 38
1718501911961 2.31211487893705 39
1718501912445 2.4494119264461376 40
1718501912928 2.5182919723016246 41
1718501913346 2.324984245830112 42
1718501913763 2.397269769951149 43
1718501914196 2.5132418473561606 44
1718501914630 2.6763122302514537 45
1718501915080 2.5301243596606784 46
1718501915514 2.3592157275588423 47
1718501915964 2.3731030314056962 48
1718501916415 2.3981655085528337 49
