1718553524879 nan 0
1718553525912 nan 1
1718553526745 nan 2
1718553527578 nan 3
1718553528412 nan 4
1718553529261 nan 5
1718553530135 nan 6
1718553530978 nan 7
1718553531828 nan 8
1718553532644 nan 9
1718553533461 nan 10
1718553534311 nan 11
1718553535119 nan 12
1718553535943 nan 13
1718553536777 nan 14
1718553537631 nan 15
1718553538476 nan 16
1718553539315 nan 17
1718553540143 nan 18
1718553540979 nan 19
1718553541812 nan 20
1718553542792 nan 21
1718553543942 nan 22
1718553545008 nan 23
1718553546012 nan 24
1718553547018 nan 25
1718553548035 nan 26
1718553549074 nan 27
1718553550090 nan 28
1718553551091 nan 29
1718553552127 nan 30
1718553553140 nan 31
1718553554190 nan 32
1718553555305 nan 33
1718553556339 nan 34
1718553557356 nan 35
1718553558422 nan 36
1718553559439 nan 37
1718553560426 nan 38
1718553561255 nan 39
1718553562072 nan 40
1718553562903 nan 41
1718553563705 nan 42
1718553564538 nan 43
1718553565404 nan 44
1718553566238 nan 45
1718553567037 nan 46
1718553567887 nan 47
1718553568707 nan 48
1718553569557 nan 49
