1718553524813 nan 0
1718553525845 nan 1
1718553526701 nan 2
1718553527530 nan 3
1718553528362 nan 4
1718553529195 nan 5
1718553530078 nan 6
1718553530923 nan 7
1718553531761 nan 8
1718553532596 nan 9
1718553533417 nan 10
1718553534244 nan 11
1718553535060 nan 12
1718553535878 nan 13
1718553536731 nan 14
1718553537576 nan 15
1718553538393 nan 16
1718553539243 nan 17
1718553540076 nan 18
1718553540926 nan 19
1718553541742 nan 20
1718553542695 nan 21
1718553543834 nan 22
1718553544924 nan 23
1718553545925 nan 24
1718553546925 nan 25
1718553547945 nan 26
1718553548989 nan 27
1718553549995 nan 28
1718553551007 nan 29
1718553552040 nan 30
1718553553057 nan 31
1718553554090 nan 32
1718553555206 nan 33
1718553556256 nan 34
1718553557256 nan 35
1718553558339 nan 36
1718553559339 nan 37
1718553560355 nan 38
1718553561205 nan 39
1718553562022 nan 40
1718553562838 nan 41
1718553563656 nan 42
1718553564488 nan 43
1718553565338 nan 44
1718553566181 nan 45
1718553566981 nan 46
1718553567820 nan 47
1718553568654 nan 48
1718553569487 nan 49
