1718349186837 0.0 0
1718349189761 0.0 1
1718349192388 0.0 2
1718349195256 0.0 3
1718349198033 0.0 4
1718349200880 0.0 5
1718349203489 0.0 6
1718349206224 0.0 7
1718349208672 0.0 8
1718349211431 0.0 9
1718349213992 0.0 10
1718349216705 0.0 11
1718349219365 0.0 12
1718349222121 0.0 13
1718349224672 0.0 14
1718349227330 0.0 15
1718349229839 0.0 16
1718349232408 0.0 17
1718349235073 0.0 18
1718349237640 0.0 19
1718349240355 0.0 20
1718349243329 0.0 21
1718349246300 0.0 22
1718349248951 0.0 23
1718349251723 0.0 24
1718349254274 0.0 25
1718349257041 0.0 26
1718349259569 0.0 27
1718349262314 0.0 28
1718349264948 0.0 29
1718349267740 0.0 30
1718349270292 0.0 31
1718349273064 0.0 32
1718349275565 0.0 33
1718349278361 0.0 34
1718349280961 0.0 35
1718349283716 0.0 36
1718349286248 0.0 37
1718349289249 0.0 38
1718349291780 0.0 39
1718349294462 0.0 40
1718349297066 0.0 41
1718349299914 0.0 42
1718349302674 0.0 43
1718349305884 0.0 44
1718349308361 0.0 45
1718349311153 0.0 46
1718349313773 0.0 47
1718349316527 0.0 48
1718349319032 0.0 49
