1718379490504 2.2004477977752686 0
1718379491142 1.969093680381775 1
1718379491786 1.6776363849639893 2
1718379492438 1.6944236755371094 3
1718379493081 2.409075975418091 4
1718379493723 2.405618667602539 5
1718379494386 2.398855686187744 6
1718379495076 2.3965256214141846 7
1718379496160 2.395346164703369 8
1718379497363 2.394660472869873 9
1718379498097 2.3942458629608154 10
1718379498840 2.3939871788024902 11
1718379499507 2.3622632026672363 12
1718379500181 2.380443572998047 13
1718379500924 2.3435518741607666 14
1718379501588 2.3545444011688232 15
1718379502247 2.3581879138946533 16
1718379503025 2.3592350482940674 17
1718379503744 2.3594532012939453 18
1718379504454 2.3594117164611816 19
1718379505156 2.359290599822998 20
1718379505808 2.3591513633728027 21
1718379506518 2.359015941619873 22
1718379507192 2.3588943481445312 23
1718379507836 2.3581385612487793 24
1718379508502 2.358091354370117 25
1718379509307 2.3580565452575684 26
1718379509988 2.3580098152160645 27
1718379510666 2.357964038848877 28
1718379511368 2.357923984527588 29
1718379512529 2.357891082763672 30
1718379513279 2.3578643798828125 31
1718379514180 2.3578426837921143 32
1718379515328 2.0866169929504395 33
1718379516272 2.3748676776885986 34
1718379517255 2.4395205974578857 35
1718379517988 2.390153169631958 36
1718379518668 2.3626322746276855 37
1718379519381 2.331894874572754 38
1718379520034 2.315286636352539 39
1718379520777 2.306736469268799 40
1718379521427 2.3020083904266357 41
1718379522121 2.2991397380828857 42
1718379522792 2.297252655029297 43
1718379523582 2.2959372997283936 44
1718379524274 2.294982433319092 45
1718379525043 2.2942707538604736 46
1718379525742 2.4147772789001465 47
1718379526535 2.394282817840576 48
1718379527315 2.4212000370025635 49
