1718434640525 1.1842327117919922 0
1718434640941 0.372499942779541 1
1718434641408 -0.20370078086853027 2
1718434641823 -0.8248291015625 3
1718434642211 -1.1179726123809814 4
1718434642607 -0.11694526672363281 5
1718434643024 -0.4080934524536133 6
1718434643460 1.6502432823181152 7
1718434643870 -0.21392083168029785 8
1718434644270 1.2063164710998535 9
1718434644662 0.16646432876586914 10
1718434645124 1.0874402523040771 11
1718434645540 5.846718788146973 12
1718434645890 -0.8247056007385254 13
1718434646241 0.5213847160339355 14
1718434646607 0.15239262580871582 15
1718434646990 1.6261286735534668 16
1718434647405 0.06082963943481445 17
1718434647740 -0.49730682373046875 18
1718434648127 1.9455251693725586 19
1718434648473 1.8997876644134521 20
1718434648842 4.167500019073486 21
1718434649190 -0.17615246772766113 22
1718434649540 -0.1837766170501709 23
1718434649890 1.2631516456604004 24
1718434650293 -0.1035001277923584 25
1718434650624 -0.2040998935699463 26
1718434650992 0.8484914302825928 27
1718434651361 2.2801971435546875 28
1718434651721 0.3279097080230713 29
1718434652089 1.692431926727295 30
1718434652460 -0.7997775077819824 31
1718434652806 -0.12927603721618652 32
1718434653159 4.239060401916504 33
1718434653506 1.0672192573547363 34
1718434653862 0.1591038703918457 35
1718434654205 -1.417604923248291 36
1718434654559 0.7242591381072998 37
1718434654906 -0.5850813388824463 38
1718434655269 0.45238375663757324 39
1718434655588 0.05094337463378906 40
1718434655926 0.2329254150390625 41
1718434656273 -2.208177089691162 42
1718434656606 0.5640537738800049 43
1718434656972 0.19094181060791016 44
1718434657345 0.46967267990112305 45
1718434657671 0.17571043968200684 46
1718434658022 -0.06099414825439453 47
1718434658358 0.4813556671142578 48
1718434658708 -0.13851690292358398 49
