1718337317533 0.0 0
1718337320300 0.0 1
1718337322929 0.0 2
1718337325722 0.0 3
1718337328431 0.0 4
1718337331255 0.0 5
1718337333842 0.0 6
1718337336573 0.0 7
1718337339045 0.0 8
1718337341727 0.0 9
1718337344229 0.0 10
1718337346973 0.0 11
1718337349609 0.0 12
1718337352549 0.0 13
1718337355186 0.0 14
1718337357858 0.0 15
1718337360475 0.0 16
1718337363340 0.0 17
1718337366029 0.0 18
1718337368837 0.0 19
1718337371412 0.0 20
1718337374193 0.0 21
1718337376834 0.0 22
1718337379576 0.0 23
1718337382196 0.0 24
1718337384941 0.0 25
1718337387549 0.0 26
1718337390298 0.0 27
1718337392817 0.0 28
1718337395549 0.0 29
1718337398201 0.0 30
1718337400936 0.0 31
1718337403498 0.0 32
1718337406265 0.0 33
1718337408885 0.0 34
1718337411506 0.0 35
1718337414132 0.0 36
1718337416675 0.0 37
1718337419384 0.0 38
1718337422010 0.0 39
1718337425157 0.0 40
1718337427929 0.0 41
1718337430543 0.0 42
1718337433193 0.0 43
1718337435804 0.0 44
1718337438410 0.0 45
1718337441024 0.0 46
1718337443877 0.0 47
1718337446588 0.0 48
1718337449100 0.0 49
