1718392669085 -0.5565385818481445 0
1718392669468 -0.5608699321746826 1
1718392669838 -0.5637171268463135 2
1718392670262 -0.565852165222168 3
1718392670656 -0.567631721496582 4
1718392671007 -0.5692238807678223 5
1718392671448 -0.5707104206085205 6
1718392671811 -0.5721304416656494 7
1718392672245 -0.5735018253326416 8
1718392672633 -0.574836015701294 9
1718392672985 -0.48378753662109375 10
1718392673346 -0.3834812641143799 11
1718392673729 -0.21323919296264648 12
1718392674120 -0.17184972763061523 13
1718392674563 -0.1718742847442627 14
1718392674957 -0.18051481246948242 15
1718392675331 -0.19032764434814453 16
1718392675715 -0.19946789741516113 17
1718392676081 -0.20754504203796387 18
1718392676457 -0.21458649635314941 19
1718392676807 -0.22072315216064453 20
1718392677149 -0.2261033058166504 21
1718392677511 -0.23086309432983398 22
1718392677889 -0.23511648178100586 23
1718392678252 -0.23895549774169922 24
1718392678609 -0.24245595932006836 25
1718392678961 -0.24567651748657227 26
1718392679318 -0.24866151809692383 27
1718392679677 -0.2514479160308838 28
1718392680046 -0.25406336784362793 29
1718392680424 -0.2565298080444336 30
1718392680772 -0.2588658332824707 31
1718392681119 -0.26108336448669434 32
1718392681490 -0.26319456100463867 33
1718392681840 -0.26520800590515137 34
1718392682200 -0.26713109016418457 35
1718392682682 -0.268970251083374 36
1718392683113 -0.27073240280151367 37
1718392683562 -0.27242112159729004 38
1718392684020 -0.27404046058654785 39
1718392684454 -0.27559494972229004 40
1718392684876 -0.27708864212036133 41
1718392685280 -0.27852416038513184 42
1718392685717 -0.279904842376709 43
1718392686171 -0.2812330722808838 44
1718392686636 -0.2825136184692383 45
1718392687123 -0.28374600410461426 46
1718392687942 -0.28493547439575195 47
1718392688518 -0.28608250617980957 48
1718392689061 -0.28718996047973633 49
