1718493539143 -0.04601461879332058 0
1718493539750 0.023200154304504395 1
1718493540153 0.04514474780471245 2
1718493540584 -0.08217481772104929 3
1718493540989 0.03990481678484237 4
1718493541401 -0.0068969132522940235 5
1718493541818 0.004391488001402433 6
1718493542274 0.0029788711657028344 7
1718493542769 -0.0095191744441534 8
1718493543286 -0.05623076821015749 9
1718493543770 -0.048220594322641475 10
1718493544253 -0.008637900304312662 11
1718493544757 -0.050319758729902464 12
1718493545239 0.022223645990544938 13
1718493545720 -0.015527087028580855 14
1718493546184 -0.00260734277140795 15
1718493546672 0.06978348931078138 16
1718493547122 -0.057466834883898255 17
1718493547623 -0.007472232536033463 18
1718493548106 0.03340255371247869 19
1718493548557 0.06925955685702245 20
1718493549042 0.07633520577491737 21
1718493549528 -0.006231832584548069 22
1718493549994 0.02082875722185129 23
1718493550443 0.044008638722326854 24
1718493550909 -0.07762723819976713 25
1718493551426 0.045331563612427406 26
1718493551892 -0.0032245169585003453 27
1718493552359 -0.02886535342694918 28
1718493552845 0.013886945817607188 29
1718493553294 0.05446524732442004 30
1718493553725 -0.04358509213033335 31
1718493554143 0.13033743338151416 32
1718493554546 -0.00751246908297043 33
1718493554946 -0.05124479993826592 34
1718493555365 0.019072142514315438 35
1718493555767 -0.11902829412659433 36
1718493556195 0.0869455293372825 37
1718493556596 0.043063692171565915 38
1718493557030 -0.09589749313765505 39
1718493557463 0.019398024989298435 40
1718493557899 0.005679490991714609 41
1718493558313 0.03277243307543909 42
1718493558737 0.05650470874927649 43
1718493559150 0.013397946702911945 44
1718493559586 -0.011442957903800899 45
1718493559987 -0.35568293898996695 46
1718493560417 0.03564124878006769 47
1718493560816 0.02266051873614927 48
1718493561216 -0.10465606013532458 49
