1717626087420 11.042842270335965 0
1717626087494 11.042842270335965 0
1717626095200 10.782017318600452 1
1717626095263 10.782017318600452 1
1717626102533 10.773001972041563 2
1717626102600 10.773001972041563 2
1717626109423 10.772992654506483 3
1717626109482 10.772992654506483 3
1717626116715 10.772554723603701 4
1717626116797 10.772554723603701 4
1717626123962 10.771390312353141 5
1717626124028 10.771390312353141 5
1717626131226 10.770102870058492 6
1717626131326 10.770102870058492 6
1717626138592 10.772353192565143 7
1717626138658 10.772353192565143 7
1717626145391 10.77248595270884 8
1717626145508 10.77248595270884 8
1717626153523 10.76896507754371 9
1717626153673 10.76896507754371 9
1717626160905 10.770069800077056 10
1717626160988 10.770069800077056 10
1717626167887 10.769057639544458 11
1717626167954 10.769057639544458 11
1717626174936 10.773047445639843 12
1717626175010 10.773047445639843 12
1717626181960 10.773326900809492 13
1717626182018 10.773326900809492 13
1717626188815 10.77291408853978 14
1717626188883 10.77291408853978 14
1717626195948 10.769146270450454 15
1717626196015 10.769146270450454 15
1717626202850 10.770329872418445 16
1717626202924 10.770329872418445 16
1717626210245 10.769368983091894 17
1717626210312 10.769368983091894 17
1717626218160 10.77279076445416 18
1717626218227 10.77279076445416 18
1717626225575 10.773536858226684 19
1717626225641 10.773536858226684 19
1717626233127 10.773106793475446 20
1717626233220 10.773106793475446 20
1717626240220 10.769299227896646 21
1717626240288 10.769299227896646 21
1717626247321 10.770436734492757 22
1717626247423 10.770436734492757 22
1717626254429 10.769527694476757 23
1717626254504 10.769527694476757 23
1717626261634 10.772565511676524 24
1717626261701 10.772565511676524 24
1717626269050 10.773678662488226 25
1717626269117 10.773678662488226 25
1717626277151 10.773224285195333 26
1717626277247 10.773224285195333 26
1717626287879 10.769424331047167 27
1717626287993 10.769424331047167 27
1717626296510 10.77048993078828 28
1717626296590 10.77048993078828 28
1717626304326 10.769624434324708 29
1717626304409 10.769624434324708 29
1717626311842 10.772386274500468 30
1717626311908 10.772386274500468 30
1717626318824 10.773774699063548 31
1717626318891 10.773774699063548 31
1717626326222 10.773303850341982 32
1717626326289 10.773303850341982 32
1717626334304 10.76952918177174 33
1717626334462 10.76952918177174 33
1717626341769 10.770521011477877 34
1717626341836 10.770521011477877 34
1717626348702 10.769691331002269 35
1717626348777 10.769691331002269 35
1717626355917 10.772235087161603 36
1717626355983 10.772235087161603 36
1717626362849 10.77384099213715 37
1717626362925 10.77384099213715 37
1717626370197 10.773361691259455 38
1717626370271 10.773361691259455 38
1717626377095 10.769623667420216 39
1717626377161 10.769623667420216 39
1717626384361 10.770545018361844 40
1717626384428 10.770545018361844 40
1717626391576 10.769742377235367 41
1717626391709 10.769742377235367 41
1717626399593 10.772093727611233 42
1717626399666 10.772093727611233 42
1717626406323 10.773887032007268 43
1717626406390 10.773887032007268 43
1717626412772 10.773406381239793 44
1717626412872 10.773406381239793 44
1717626419800 10.769719100946084 45
1717626419869 10.769719100946084 45
1717626426786 10.770574516038579 46
1717626426877 10.770574516038579 46
1717626434225 10.769785729432378 47
1717626434297 10.769785729432378 47
1717626441133 10.771939489422195 48
1717626441200 10.771939489422195 48
1717626447899 10.773916583702688 49
1717626447965 10.773916583702688 49
