1718374667466 0.2 0
1718374668086 0.2 1
1718374668677 0.2 2
1718374669285 0.2 3
1718374669880 0.2 4
1718374670523 0.2 5
1718374671135 0.2 6
1718374671730 0.2 7
1718374672342 0.2 8
1718374672949 0.2 9
1718374673567 0.2 10
1718374674178 0.2 11
1718374674785 0.2 12
1718374675425 0.2 13
1718374676034 0.2 14
1718374676661 0.2 15
1718374677301 0.2 16
1718374677950 0.0 17
1718374678696 0.0 18
1718374679370 0.0 19
1718374680023 0.0 20
1718374680771 0.0 21
1718374681423 0.0 22
1718374682094 0.0 23
1718374683007 0.0 24
1718374683819 0.0 25
1718374684643 0.0 26
1718374685784 0.0 27
1718374686834 0.0 28
1718374687854 0.0 29
1718374689272 0.2 30
1718374690178 0.0 31
1718374691389 0.2 32
1718374692850 0.2 33
1718374693644 0.2 34
1718374694390 0.4 35
1718374695153 0.4 36
1718374695934 0.4 37
1718374696686 0.4 38
1718374697391 0.4 39
1718374698480 0.4 40
1718374699214 0.4 41
1718374699943 0.4 42
1718374700643 0.4 43
1718374701275 0.4 44
1718374701884 0.4 45
1718374702493 0.2 46
1718374703102 0.2 47
1718374703713 0.2 48
1718374704317 0.2 49
