1718374667372 2.2690751552581787 0
1718374667969 2.2690751552581787 1
1718374668598 2.2690751552581787 2
1718374669191 2.2690751552581787 3
1718374669786 2.269075393676758 4
1718374670429 2.2690751552581787 5
1718374671025 2.2690751552581787 6
1718374671636 2.2690751552581787 7
1718374672250 2.2690751552581787 8
1718374672844 2.2690751552581787 9
1718374673470 2.269075393676758 10
1718374674076 2.2690751552581787 11
1718374674685 2.2690749168395996 12
1718374675324 2.269075393676758 13
1718374675941 2.2690751552581787 14
1718374676560 2.269075870513916 15
1718374677195 2.2392995357513428 16
1718374677849 2.228538751602173 17
1718374678596 2.2285385131835938 18
1718374679270 2.228538751602173 19
1718374679918 2.228538751602173 20
1718374680668 2.228538990020752 21
1718374681315 2.228538990020752 22
1718374681992 2.228538751602173 23
1718374682803 2.228538990020752 24
1718374683631 2.228538990020752 25
1718374684462 2.228538990020752 26
1718374685588 2.2285385131835938 27
1718374686687 2.2285385131835938 28
1718374687732 2.228538990020752 29
1718374689117 2.0863254070281982 30
1718374690055 2.302466869354248 31
1718374691213 2.1573119163513184 32
1718374692688 1.6064348220825195 33
1718374693478 1.7390512228012085 34
1718374694261 1.7965457439422607 35
1718374695030 1.768358826637268 36
1718374695799 1.7661101818084717 37
1718374696573 1.7678905725479126 38
1718374697270 1.7694133520126343 39
1718374698359 1.7705217599868774 40
1718374699098 1.771340012550354 41
1718374699825 1.7719624042510986 42
1718374700515 1.7724469900131226 43
1718374701182 1.7728307247161865 44
1718374701786 1.7728239297866821 45
1718374702391 2.2412517070770264 46
1718374703010 2.408585548400879 47
1718374703618 2.4319567680358887 48
1718374704221 2.4378662109375 49
