1718510259902 0.09151515151515152 0
1718510260791 0.10242424242424242 1
1718510261656 0.09151515151515152 2
1718510262507 0.09151515151515152 3
1718510263408 0.10242424242424242 4
1718510264275 0.09151515151515152 5
1718510265109 0.08424242424242424 6
1718510265976 0.10242424242424242 7
1718510266881 0.08969696969696969 8
1718510267761 0.10242424242424242 9
1718510268638 0.09151515151515152 10
1718510269516 0.09757575757575758 11
1718510270369 0.10848484848484849 12
1718510271217 0.09151515151515152 13
1718510272081 0.09151515151515152 14
1718510272965 0.09151515151515152 15
1718510273882 0.10242424242424242 16
1718510274766 0.09151515151515152 17
1718510275671 0.09151515151515152 18
1718510276551 0.09151515151515152 19
1718510277445 0.09151515151515152 20
1718510278353 0.10242424242424242 21
1718510279253 0.09151515151515152 22
1718510280158 0.10242424242424242 23
1718510281021 0.09151515151515152 24
1718510281922 0.10242424242424242 25
1718510282993 0.10242424242424242 26
1718510284049 0.09151515151515152 27
1718510285122 0.09151515151515152 28
1718510286175 0.09151515151515152 29
1718510287226 0.10848484848484849 30
1718510288277 0.09151515151515152 31
1718510289253 0.10242424242424242 32
1718510290261 0.09151515151515152 33
1718510291262 0.09151515151515152 34
1718510292279 0.11090909090909092 35
1718510293297 0.09151515151515152 36
1718510294298 0.09151515151515152 37
1718510295282 0.09151515151515152 38
1718510296182 0.09151515151515152 39
1718510297066 0.09696969696969697 40
1718510297988 0.10242424242424242 41
1718510298838 0.09151515151515152 42
1718510299718 0.10242424242424242 43
1718510300602 0.09151515151515152 44
1718510301507 0.09151515151515152 45
1718510302419 0.09212121212121212 46
1718510303353 0.10242424242424242 47
1718510304205 0.09151515151515152 48
1718510305106 0.09090909090909091 49
