1718510259872 0.4974901975144741 0
1718510260760 -1.672637185539287 1
1718510261641 0.9770874641212282 2
1718510262496 0.9512934745948596 3
1718510263389 -3.232584182882352 4
1718510264258 1.3179131459995723 5
1718510265092 0.9793733434135805 6
1718510265960 1.1087461403865504 7
1718510266844 -1.4949405117711025 8
1718510267744 -6.03427082178874 9
1718510268612 1.626956559020111 10
1718510269495 1.2054089285814076 11
1718510270346 0.5808842704340322 12
1718510271180 -1.9894833204057192 13
1718510272048 -2.071573915995391 14
1718510272941 1.6432673434146867 15
1718510273869 0.15327814538141338 16
1718510274749 -1.5526651011932389 17
1718510275651 -1.0876486896120654 18
1718510276534 1.1884220316500644 19
1718510277418 0.6219624849613408 20
1718510278337 0.5042685135248717 21
1718510279220 1.1413564355273098 22
1718510280123 -0.7333271054728758 23
1718510281008 0.7899809429571136 24
1718510281904 -1.4728090374354372 25
1718510282956 1.5837673933890977 26
1718510284007 0.6216968629544595 27
1718510285092 0.5215926528758779 28
1718510286142 0.49118218557805493 29
1718510287196 1.29036290480615 30
1718510288243 1.2918176940801942 31
1718510289225 -0.7161213197033098 32
1718510290228 -1.726883116012674 33
1718510291237 0.6963217445947856 34
1718510292251 1.5666778979124607 35
1718510293263 0.14440193099708143 36
1718510294268 1.3014953699871086 37
1718510295264 0.738947591715299 38
1718510296159 0.4557506506365385 39
1718510297050 0.6342413348075442 40
1718510297965 0.919534098207007 41
1718510298818 -0.34480215340165365 42
1718510299702 0.019102664486632115 43
1718510300571 -5.40043743394824 44
1718510301484 -1.039006108021315 45
1718510302387 -0.9557801354314228 46
1718510303321 -0.14164218599038225 47
1718510304192 1.949919251336711 48
1718510305094 1.5268681481217756 49
