1718572147374 0.1858163826278175 0
1718572153130 0.1858163826278175 1
1718572158453 0.1858163826278175 2
1718572162367 0.1858163826278175 3
1718572166311 0.1858163826278175 4
1718572170144 0.1858163826278175 5
1718572174722 0.1858163826278175 6
1718572179231 0.1858163826278175 7
1718572182567 0.09807825966082846 8
1718572186061 0.1858163826278175 9
1718572189738 0.1858163826278175 10
1718572193384 0.1858163826278175 11
1718572197172 0.1858163826278175 12
1718572200492 0.09033774252114449 13
1718572204328 0.1858163826278175 14
1718572208718 0.1858163826278175 15
1718572213578 0.1858163826278175 16
1718572217439 0.1858163826278175 17
1718572220764 0.1858163826278175 18
1718572223935 0.1858163826278175 19
1718572227096 0.1858163826278175 20
1718572230379 0.1858163826278175 21
1718572233847 0.1858163826278175 22
1718572237087 0.1858163826278175 23
1718572240357 0.1858163826278175 24
1718572243925 0.1858163826278175 25
1718572247548 0.1858163826278175 26
1718572251100 0.1858163826278175 27
1718572254284 0.1858163826278175 28
1718572257587 0.1858163826278175 29
1718572260942 0.1858163826278175 30
1718572265282 0.1858163826278175 31
1718572269711 0.1858163826278175 32
1718572275145 0.1858163826278175 33
1718572279387 0.1858163826278175 34
1718572284079 0.1858163826278175 35
1718572288230 0.09997199761979769 36
1718572292159 0.1858163826278175 37
1718572295391 0.1858163826278175 38
1718572298656 0.1858163826278175 39
1718572302407 0.1858163826278175 40
1718572305939 0.1858163826278175 41
1718572309557 0.1858163826278175 42
1718572312931 0.1858163826278175 43
1718572316432 0.1858163826278175 44
1718572320135 0.1858163826278175 45
1718572324537 0.1858163826278175 46
1718572329172 0.1858163826278175 47
1718572333877 0.1858163826278175 48
1718572338021 0.1858163826278175 49
