1718427569253 -0.7505996227264404 0
1718427569566 -0.366715669631958 1
1718427569921 0.19825983047485352 2
1718427570249 -0.06375455856323242 3
1718427570566 -0.46067261695861816 4
1718427570886 -0.27074241638183594 5
1718427571183 -1.044520616531372 6
1718427571499 -2.058356285095215 7
1718427571818 -0.15013980865478516 8
1718427572123 -3.7185347080230713 9
1718427572427 -0.20373940467834473 10
1718427572732 -0.030275344848632812 11
1718427573132 0.08754396438598633 12
1718427573447 -0.6415040493011475 13
1718427573749 -0.15935611724853516 14
1718427574065 0.07474040985107422 15
1718427574365 -0.9091126918792725 16
1718427574697 -0.6972317695617676 17
1718427575099 -0.3592503070831299 18
1718427575415 -0.10421204566955566 19
1718427575749 0.05927133560180664 20
1718427576080 -0.30851221084594727 21
1718427576398 -1.1540188789367676 22
1718427576732 0.025948762893676758 23
1718427577085 0.03189826011657715 24
1718427577448 -0.10602688789367676 25
1718427577819 2.0368080139160156 26
1718427578165 -0.00832819938659668 27
1718427578488 -1.8315699100494385 28
1718427578824 -0.5188164710998535 29
1718427579131 -0.2860221862792969 30
1718427579463 -0.16901707649230957 31
1718427579835 -0.047615766525268555 32
1718427580181 -1.971548318862915 33
1718427580498 -1.4415810108184814 34
1718427580831 -0.18445158004760742 35
1718427581147 0.7162961959838867 36
1718427581468 -0.8067400455474854 37
1718427581785 -0.2314598560333252 38
1718427582101 -1.3898091316223145 39
1718427582418 -0.7099463939666748 40
1718427582747 -0.08855319023132324 41
1718427583068 1.3401565551757812 42
1718427583384 -0.6276249885559082 43
1718427583697 -1.0439934730529785 44
1718427584034 0.22443294525146484 45
1718427584368 -0.04324221611022949 46
1718427584680 0.5139601230621338 47
1718427585000 -0.028749942779541016 48
1718427585314 -0.6992290019989014 49
