1718348781674 0.0 0
1718348784410 0.0 1
1718348787001 0.0 2
1718348789806 0.0 3
1718348792556 0.0 4
1718348795361 0.0 5
1718348797936 0.0 6
1718348800510 0.0 7
1718348803180 0.0 8
1718348805731 0.0 9
1718348808561 0.0 10
1718348811035 0.0 11
1718348813832 0.0 12
1718348816420 0.0 13
1718348819316 0.0 14
1718348821942 0.0 15
1718348825066 0.0 16
1718348827670 0.0 17
1718348830490 0.0 18
1718348833074 0.0 19
1718348835734 0.0 20
1718348838347 0.0 21
1718348841090 0.0 22
1718348843696 0.0 23
1718348846508 0.0 24
1718348849134 0.0 25
1718348851915 0.0 26
1718348854338 0.0 27
1718348857032 0.0 28
1718348859655 0.0 29
1718348862542 0.0 30
1718348865191 0.0 31
1718348867988 0.0 32
1718348870614 0.0 33
1718348873432 0.0 34
1718348876066 0.0 35
1718348878900 0.0 36
1718348881452 0.0 37
1718348884575 0.0 38
1718348887297 0.0 39
1718348890094 0.0 40
1718348892696 0.0 41
1718348895421 0.0 42
1718348897947 0.0 43
1718348900711 0.0 44
1718348903263 0.0 45
1718348905842 0.0 46
1718348908517 0.0 47
1718348910973 0.0 48
1718348913775 0.0 49
