1718489659778 1.1221754368525425 0
1718489662608 -4.386421999193421 1
1718489665544 0.32151856750703 2
1718489668296 -1.2504298305230912 3
1718489671035 0.24528531137980814 4
1718489673754 -1.327782935472725 5
1718489676552 -1.712055712835446 6
1718489679287 -0.0545465082128489 7
1718489682056 -2.2456910345759495 8
1718489684858 -0.163025941662025 9
1718489687577 1.952218293180957 10
1718489690345 0.617949168366879 11
1718489693139 0.0702858014660741 12
1718489695916 -0.7063096739680992 13
1718489698718 -0.031078504971552512 14
1718489701471 1.6783240726867361 15
1718489705040 1.7281269162254773 16
1718489708626 0.6129147453894173 17
1718489712061 -0.28012468034209004 18
1718489714897 1.953598161313046 19
1718489717787 -0.14182923517384083 20
1718489720550 0.012254704411392758 21
1718489723341 1.8541033691146702 22
1718489726111 -0.905728751717561 23
1718489728857 -1.6843531008931318 24
1718489731659 -4.995135872556169 25
1718489734495 -0.6248132310770531 26
1718489737197 -2.97606129421522 27
1718489739949 1.0363004701427956 28
1718489742718 0.8162149797947826 29
1718489745503 -1.408977579176482 30
1718489748293 0.19728085013280872 31
1718489751024 -2.006298303508377 32
1718489753826 1.1961549812885512 33
1718489756578 -1.5605817605034673 34
1718489759330 1.2935766658409462 35
1718489762116 0.9693844706319021 36
1718489765601 -2.8217048750959757 37
1718489769204 2.09683316370051 38
1718489772176 -1.1029026861168711 39
1718489774958 -0.5408726901865499 40
1718489777794 2.01431240056825 41
1718489780629 0.8893102433017646 42
1718489783436 0.6130176592336882 43
1718489786221 0.32110038113159867 44
1718489789136 0.594270671390293 45
1718489791988 1.1526707042233584 46
1718489794761 2.297158594802612 47
1718489797525 -0.0737622295418463 48
1718489800344 1.6351083342241641 49
