1718533219175 0.10848484848484849 0
1718533219542 0.09151515151515152 1
1718533219894 0.10787878787878788 2
1718533220275 0.10848484848484849 3
1718533220625 0.09818181818181818 4
1718533220962 0.10848484848484849 5
1718533221307 0.09818181818181818 6
1718533221642 0.1393939393939394 7
1718533221975 0.09818181818181818 8
1718533222325 0.09212121212121212 9
1718533222662 0.09151515151515152 10
1718533222994 0.09212121212121212 11
1718533223375 0.10787878787878788 12
1718533223745 0.10848484848484849 13
1718533224094 0.09151515151515152 14
1718533224458 0.09212121212121212 15
1718533224824 0.10848484848484849 16
1718533225174 0.11333333333333333 17
1718533225561 0.00909090909090909 18
1718533225924 0.09212121212121212 19
1718533226277 0.10848484848484849 20
1718533226643 0.09212121212121212 21
1718533226974 0.10848484848484849 22
1718533227324 0.09818181818181818 23
1718533227674 0.1690909090909091 24
1718533228057 0.08727272727272728 25
1718533228557 0.10848484848484849 26
1718533228923 0.09151515151515152 27
1718533229273 0.09212121212121212 28
1718533229623 0.09818181818181818 29
1718533229977 0.08363636363636363 30
1718533230323 0.09151515151515152 31
1718533230673 0.10848484848484849 32
1718533231026 0.09151515151515152 33
1718533231373 0.1096969696969697 34
1718533231723 0.13757575757575757 35
1718533232056 0.016363636363636365 36
1718533232406 0.10848484848484849 37
1718533232773 0.15454545454545454 38
1718533233106 0.10848484848484849 39
1718533233459 0.09818181818181818 40
1718533233822 0.00909090909090909 41
1718533234172 0.09818181818181818 42
1718533234525 0.10848484848484849 43
1718533234872 0.09151515151515152 44
1718533235222 0.11333333333333333 45
1718533235589 0.09151515151515152 46
1718533235939 0.10848484848484849 47
1718533236301 0.10303030303030303 48
1718533236703 0.09151515151515152 49
