1718330164414 0.08571428571428572 0
1718330164760 0.08571428571428572 1
1718330165068 0.08571428571428572 2
1718330165371 0.08571428571428572 3
1718330165685 0.08571428571428572 4
1718330165981 0.08571428571428572 5
1718330166279 0.08571428571428572 6
1718330166586 0.08571428571428572 7
1718330166885 0.08571428571428572 8
1718330167182 0.08571428571428572 9
1718330167481 0.08571428571428572 10
1718330167764 0.08571428571428572 11
1718330168069 0.08571428571428572 12
1718330168364 0.08571428571428572 13
1718330168666 0.08571428571428572 14
1718330168951 0.08571428571428572 15
1718330169252 0.08571428571428572 16
1718330169575 0.08571428571428572 17
1718330169900 0.08571428571428572 18
1718330170193 0.08571428571428572 19
1718330170491 0.08571428571428572 20
1718330170796 0.08571428571428572 21
1718330171096 0.08571428571428572 22
1718330171405 0.08571428571428572 23
1718330171725 0.08571428571428572 24
1718330172018 0.08571428571428572 25
1718330172321 0.08571428571428572 26
1718330172656 0.08571428571428572 27
1718330172956 0.08571428571428572 28
1718330173272 0.08571428571428572 29
1718330173586 0.08571428571428572 30
1718330173880 0.08571428571428572 31
1718330174188 0.08571428571428572 32
1718330174491 0.08571428571428572 33
1718330174805 0.08571428571428572 34
1718330175112 0.08571428571428572 35
1718330175426 0.08571428571428572 36
1718330175740 0.08571428571428572 37
1718330176036 0.08571428571428572 38
1718330176338 0.08571428571428572 39
1718330176639 0.08571428571428572 40
1718330176937 0.08571428571428572 41
1718330177239 0.08571428571428572 42
1718330177543 0.08571428571428572 43
1718330177839 0.08571428571428572 44
1718330178136 0.08571428571428572 45
1718330178437 0.08571428571428572 46
1718330178743 0.08571428571428572 47
1718330179035 0.08571428571428572 48
1718330179337 0.08571428571428572 49
