1718547115144 2891.810546875 0
1718547115507 2932.906494140625 1
1718547115870 2907.38525390625 2
1718547116240 2946.55810546875 3
1718547116589 2920.90771484375 4
1718547116961 2958.41259765625 5
1718547117307 2932.64794921875 6
1718547117657 2968.705078125 7
1718547118035 2942.842529296875 8
1718547118405 2977.64013671875 9
1718547118760 2951.693115234375 10
1718547119123 2985.3984375 11
1718547119473 2959.37744140625 12
1718547119823 2992.134521484375 13
1718547120206 2966.049560546875 14
1718547120573 2997.98388671875 15
1718547120923 2971.843017578125 16
1718547121273 3003.061279296875 17
1718547121673 2976.872802734375 18
1718547122039 3007.471435546875 19
1718547122500 2981.239990234375 20
1718547123043 3011.29931640625 21
1718547123622 2985.031494140625 22
1718547124172 3014.623291015625 23
1718547124639 2988.32373046875 24
1718547125105 3017.674560546875 25
1718547125609 3027.336669921875 26
1718547126089 3052.1064453125 27
1718547126561 3050.111083984375 28
1718547127021 3074.433837890625 29
1718547127637 3069.884033203125 30
1718547128121 3093.822265625 31
1718547128609 3088.273681640625 32
1718547129088 3120.0849609375 33
1718547129604 3112.388916015625 34
1718547130071 3142.887939453125 35
1718547130554 3133.326904296875 36
1718547131021 3162.6865234375 37
1718547131471 3151.505859375 38
1718547131941 3179.92236328125 39
1718547132437 3168.692138671875 40
1718547132923 3204.318359375 41
1718547133470 3193.385498046875 42
1718547133954 3238.720458984375 43
1718547134437 3231.76220703125 44
1718547134887 3274.18994140625 45
1718547135353 3265.081298828125 46
1718547135835 3304.98583984375 47
1718547136286 3294.01123046875 48
1718547136736 3332.945068359375 49
