1718426424242 2.86468243598938 0
1718426424925 2.9462761878967285 1
1718426425583 4.093697547912598 2
1718426426225 12.272575378417969 3
1718426426862 3.5149874687194824 4
1718426427508 5.531018257141113 5
1718426428158 4.358797073364258 6
1718426428824 8.433064460754395 7
1718426429544 5.712379455566406 8
1718426430278 2.745112657546997 9
1718426430959 5.710370063781738 10
1718426431640 12.092683792114258 11
1718426432340 5.299950122833252 12
1718426433090 13.701330184936523 13
1718426433777 14.578991889953613 14
1718426434473 8.388141632080078 15
1718426435161 10.974960327148438 16
1718426435873 4.099315166473389 17
1718426436589 6.310730934143066 18
1718426437339 8.986480712890625 19
1718426438006 7.660614013671875 20
1718426438706 5.865601539611816 21
1718426439389 4.711435317993164 22
1718426440038 5.624536514282227 23
1718426440688 16.73781967163086 24
1718426441356 3.456713914871216 25
1718426441992 5.533309459686279 26
1718426442638 5.1910810470581055 27
1718426443288 10.612181663513184 28
1718426443958 7.439953804016113 29
1718426444605 10.272211074829102 30
1718426445260 6.008285045623779 31
1718426445904 5.360091209411621 32
1718426446557 5.362451076507568 33
1718426447205 5.1273040771484375 34
1718426447854 5.721396446228027 35
1718426448527 16.311481475830078 36
1718426449174 2.869011163711548 37
1718426449824 5.984323024749756 38
1718426450487 5.593534469604492 39
1718426451123 5.452345371246338 40
1718426451773 3.0723111629486084 41
1718426452423 4.975664138793945 42
1718426453057 9.511775016784668 43
1718426453718 4.378366947174072 44
1718426454369 5.922158241271973 45
1718426455106 7.568173408508301 46
1718426455804 4.634311676025391 47
1718426456506 10.61381721496582 48
1718426457204 6.3714141845703125 49
