1718397473646 0.017721176147460938 0
1718397476515 0.10872316360473633 1
1718397479651 0.7445697784423828 2
1718397482920 0.2924342155456543 3
1718397486774 -0.6896944046020508 4
1718397490478 0.5010631084442139 5
1718397494312 0.41400623321533203 6
1718397497508 1.1689248085021973 7
1718397501011 0.11641454696655273 8
1718397504520 0.24486494064331055 9
1718397507405 0.7307114601135254 10
1718397510922 -0.32207345962524414 11
1718397514777 0.13881516456604004 12
1718397518029 -0.6552057266235352 13
1718397520498 -3.034453868865967 14
1718397523250 3.066041946411133 15
1718397526269 -0.6917660236358643 16
1718397529356 4.00678825378418 17
1718397532490 0.5923590660095215 18
1718397535592 0.11027789115905762 19
1718397538678 0.13889265060424805 20
1718397541797 0.04804348945617676 21
1718397545767 0.42673778533935547 22
1718397549770 0.19324064254760742 23
1718397554156 0.40790486335754395 24
1718397558043 0.03390812873840332 25
1718397561012 0.17516660690307617 26
1718397563547 0.24301958084106445 27
1718397566315 -0.7004151344299316 28
1718397569618 0.3035862445831299 29
1718397572770 1.1688189506530762 30
1718397575589 0.3028092384338379 31
1718397578942 0.5703051090240479 32
1718397582311 0.04862618446350098 33
1718397585497 0.08362102508544922 34
1718397588767 -2.1685357093811035 35
1718397592119 0.8696866035461426 36
1718397595521 -0.3364584445953369 37
1718397598756 0.23880434036254883 38
1718397602126 0.281508207321167 39
1718397606645 -0.52447509765625 40
1718397610765 -0.5401175022125244 41
1718397615018 -0.448028564453125 42
1718397618688 1.2602953910827637 43
1718397622107 0.16429567337036133 44
1718397625526 0.4210071563720703 45
1718397628618 0.3632528781890869 46
1718397631181 0.582705020904541 47
1718397634533 0.6097075939178467 48
1718397638104 -0.06213641166687012 49
