1718511130137 0.29878787878787877 0
1718511130738 0.3236363636363636 1
1718511131305 0.2727272727272727 2
1718511131874 0.22606060606060607 3
1718511132475 0.336969696969697 4
1718511133040 0.2684848484848485 5
1718511133607 0.3933333333333333 6
1718511134178 0.25393939393939396 7
1718511134758 0.23333333333333334 8
1718511135345 0.2812121212121212 9
1718511135879 0.38545454545454544 10
1718511136392 0.4260606060606061 11
1718511136875 0.32303030303030306 12
1718511137393 0.2545454545454545 13
1718511137893 0.30484848484848487 14
1718511138411 0.2496969696969697 15
1718511138911 0.18606060606060607 16
1718511139411 0.22606060606060607 17
1718511139912 0.09272727272727273 18
1718511140429 0.2593939393939394 19
1718511140896 0.22363636363636363 20
1718511141381 0.2927272727272727 21
1718511141883 0.2896969696969697 22
1718511142382 0.2915151515151515 23
1718511142879 0.26121212121212123 24
1718511143383 0.21575757575757576 25
1718511143884 0.2587878787878788 26
1718511144415 0.25212121212121213 27
1718511144916 0.28363636363636363 28
1718511145432 0.2878787878787879 29
1718511145919 0.22181818181818183 30
1718511146437 0.30424242424242426 31
1718511146934 0.1921212121212121 32
1718511147434 0.38545454545454544 33
1718511147918 0.4266666666666667 34
1718511148418 0.4018181818181818 35
1718511148918 0.3975757575757576 36
1718511149423 0.19333333333333333 37
1718511149956 0.37454545454545457 38
1718511150468 0.3418181818181818 39
1718511151003 0.4509090909090909 40
1718511151537 0.32303030303030306 41
1718511152037 0.3509090909090909 42
1718511152521 0.3515151515151515 43
1718511153025 0.39090909090909093 44
1718511153505 0.2915151515151515 45
1718511153992 0.42787878787878786 46
1718511154504 0.5236363636363637 47
1718511155023 0.24787878787878787 48
1718511155523 0.3303030303030303 49
