1718407336933 0.18181818181818182 0
1718407337731 0.18181818181818182 1
1718407338498 0.125 2
1718407339272 0.18181818181818182 3
1718407340031 0.18181818181818182 4
1718407340831 0.18181818181818182 5
1718407341480 0.18181818181818182 6
1718407342148 0.18181818181818182 7
1718407342814 0.18181818181818182 8
1718407343480 0.18181818181818182 9
1718407344164 0.18181818181818182 10
1718407344848 0.18181818181818182 11
1718407345513 0.18181818181818182 12
1718407346213 0.18181818181818182 13
1718407346895 0.18181818181818182 14
1718407347579 0.18181818181818182 15
1718407348282 0.18181818181818182 16
1718407348997 0.18181818181818182 17
1718407349679 0.18181818181818182 18
1718407350362 0.18181818181818182 19
1718407351146 0.18181818181818182 20
1718407351812 0.18181818181818182 21
1718407352512 0.18181818181818182 22
1718407353162 0.18181818181818182 23
1718407353812 0.18181818181818182 24
1718407354461 0.18181818181818182 25
1718407355128 0.18181818181818182 26
1718407355778 0.4666666666666666 27
1718407356444 0.18181818181818182 28
1718407357094 0.18181818181818182 29
1718407357744 0.18181818181818182 30
1718407358409 0.18181818181818182 31
1718407359060 0.18181818181818182 32
1718407359694 0.18181818181818182 33
1718407360359 0.18181818181818182 34
1718407360993 0.1111111111111111 35
1718407361643 0.24242424242424243 36
1718407362276 0.18181818181818182 37
1718407362926 0.18181818181818182 38
1718407363576 0.18181818181818182 39
1718407364226 0.7407407407407408 40
1718407364876 0.18181818181818182 41
1718407365526 0.18181818181818182 42
1718407366176 0.18181818181818182 43
1718407366824 0.08333333333333333 44
1718407367473 0.18181818181818182 45
1718407368125 0.6166666666666667 46
1718407368758 0.18181818181818182 47
1718407369425 0.18181818181818182 48
1718407370075 0.18181818181818182 49
