1718364950694 -0.05216217041015625 0
1718364953323 -0.5783390998840332 1
1718364956133 -0.1030125617980957 2
1718364958862 -1.067281723022461 3
1718364961687 -0.004204750061035156 4
1718364964841 -3.617608070373535 5
1718364967849 -4.25688362121582 6
1718364970534 -0.14063549041748047 7
1718364973357 -0.578338623046875 8
1718364975870 3.8884363174438477 9
1718364978748 -0.6166501045227051 10
1718364981390 -0.05089616775512695 11
1718364984233 -0.050884246826171875 12
1718364986836 -0.13593149185180664 13
1718364989743 -0.8962392807006836 14
1718364992371 0.06793498992919922 15
1718364995177 2.6750121116638184 16
1718364997855 -0.05228233337402344 17
1718365000739 -0.8533549308776855 18
1718365003290 2.0161941051483154 19
1718365006187 0.7478346824645996 20
1718365008697 -0.3808460235595703 21
1718365011488 0.026606082916259766 22
1718365014115 -0.6192083358764648 23
1718365016951 -0.1650075912475586 24
1718365019582 -2.445100784301758 25
1718365022542 -1.5202064514160156 26
1718365025552 -0.1526646614074707 27
1718365028457 -0.31569671630859375 28
1718365031041 2.694345474243164 29
1718365034011 5.423548221588135 30
1718365036528 2.8180487155914307 31
1718365039388 -2.9446401596069336 32
1718365041843 -0.05219888687133789 33
1718365044531 -0.31569862365722656 34
1718365046993 -0.06535959243774414 35
1718365049652 -1.2031900882720947 36
1718365052406 4.32488489151001 37
1718365055019 -0.43669891357421875 38
1718365057795 -0.023712158203125 39
1718365060395 -3.545051097869873 40
1718365062966 -4.91381311416626 41
1718365065633 -0.06453657150268555 42
1718365068492 -0.5783395767211914 43
1718365071191 -0.0432887077331543 44
1718365073934 -1.313781499862671 45
1718365076566 -1.2774522304534912 46
1718365079414 -1.0672616958618164 47
1718365082006 -1.203169584274292 48
1718365085226 -1.2031900882720947 49
