1718405840721 4.362411022186279 0
1718405845057 7.3966240882873535 1
1718405849344 14.061244010925293 2
1718405853630 12.224381446838379 3
1718405857917 3.4446253776550293 4
1718405862170 8.719515800476074 5
1718405866473 20.610944747924805 6
1718405871027 5.104634761810303 7
1718405875320 3.9683189392089844 8
1718405879600 9.534737586975098 9
1718405884554 4.184280872344971 10
1718405889824 3.3799021244049072 11
1718405894911 16.632183074951172 12
1718405900015 9.763792037963867 13
1718405904544 10.752165794372559 14
1718405909273 2.7357540130615234 15
1718405913776 14.695636749267578 16
1718405918229 2.9130961894989014 17
1718405922515 9.944252967834473 18
1718405926902 11.664003372192383 19
1718405931165 6.677743911743164 20
1718405935425 12.740248680114746 21
1718405939695 3.1283347606658936 22
1718405944347 7.028748989105225 23
1718405949435 18.8743839263916 24
1718405954589 10.266072273254395 25
1718405959810 6.508325576782227 26
1718405964163 4.828404903411865 27
1718405968449 5.5153279304504395 28
1718405972736 14.097055435180664 29
1718405977006 3.1387929916381836 30
1718405981301 5.325680732727051 31
1718405985595 4.464508533477783 32
1718405989849 2.5177650451660156 33
1718405994135 8.403181076049805 34
1718405998422 18.081344604492188 35
1718406002825 6.7039265632629395 36
1718406007946 5.540193557739258 37
1718406013541 11.597699165344238 38
1718406018609 3.8731555938720703 39
1718406023340 9.18308162689209 40
1718406027611 8.147195816040039 41
1718406031964 8.362744331359863 42
1718406036250 5.018028736114502 43
1718406040503 7.3837761878967285 44
1718406044756 6.440953254699707 45
1718406049026 11.487773895263672 46
1718406053279 2.8219919204711914 47
1718406057533 6.543938636779785 48
1718406061786 19.8408203125 49
