1718366962904 7.528395175933838 0
1718366965286 7.528359889984131 1
1718366968028 7.528332233428955 2
1718366970359 7.528314113616943 3
1718366972698 7.528292655944824 4
1718366975057 7.5282769203186035 5
1718366977370 7.528258323669434 6
1718366979654 7.52824592590332 7
1718366982176 7.528091907501221 8
1718366984562 7.52822208404541 9
1718366986728 7.528214454650879 10
1718366988972 7.528205394744873 11
1718366991217 7.528196811676025 12
1718366993524 7.528191089630127 13
1718366995938 7.52817964553833 14
1718366998456 7.5281782150268555 15
1718367000708 7.528173446655273 16
1718367003085 7.528162002563477 17
1718367005384 7.528165340423584 18
1718367007581 7.5281572341918945 19
1718367009825 7.528156280517578 20
1718367012440 7.528151988983154 21
1718367014795 7.5281500816345215 22
1718367017117 7.528147220611572 23
1718367019365 7.528141498565674 24
1718367021500 7.528136253356934 25
1718367023759 7.528139114379883 26
1718367026161 7.528130531311035 27
1718367028693 7.528130531311035 28
1718367030922 7.021250247955322 29
1718367033210 7.021252155303955 30
1718367035414 6.52859354019165 31
1718367037726 6.528602600097656 32
1718367039846 6.5286126136779785 33
1718367042380 6.528620719909668 34
1718367044714 6.52863073348999 35
1718367046849 6.528637886047363 36
1718367049030 6.040623664855957 37
1718367051400 6.040632247924805 38
1718367053582 6.0406389236450195 39
1718367056174 6.040645122528076 40
1718367058670 6.040655136108398 41
1718367060906 6.040661334991455 42
1718367063228 6.040663242340088 43
1718367065456 6.0406694412231445 44
1718367067653 6.04067325592041 45
1718367069944 6.040677070617676 46
1718367072526 6.040678977966309 47
1718367074817 6.0406813621521 48
1718367077104 6.040685176849365 49
