1718415731263 2.8009800910949707 0
1718415731746 2.297971248626709 1
1718415732179 2.3253228664398193 2
1718415732596 2.311176061630249 3
1718415732979 2.2310750484466553 4
1718415733346 2.3957414627075195 5
1718415733746 2.425790548324585 6
1718415734112 5.1141462326049805 7
1718415734497 2.6469380855560303 8
1718415734879 3.1640357971191406 9
1718415735262 2.3079159259796143 10
1718415735679 2.303684949874878 11
1718415736045 2.3033416271209717 12
1718415736462 2.3422906398773193 13
1718415736845 2.605792760848999 14
1718415737228 2.5128464698791504 15
1718415737645 2.3004090785980225 16
1718415738012 2.2131686210632324 17
1718415738395 2.3520171642303467 18
1718415738779 5.259445667266846 19
1718415739179 2.298403263092041 20
1718415739611 2.285264015197754 21
1718415740028 2.5253398418426514 22
1718415740394 3.1088778972625732 23
1718415740796 2.29716157913208 24
1718415741178 2.305588483810425 25
1718415741610 2.334995746612549 26
1718415742013 2.3582754135131836 27
1718415742411 2.324361562728882 28
1718415742811 2.3136050701141357 29
1718415743227 2.3042752742767334 30
1718415743594 2.29781174659729 31
1718415743927 2.3180034160614014 32
1718415744260 2.3208861351013184 33
1718415744594 2.3228139877319336 34
1718415744943 2.307662010192871 35
1718415745260 2.317425012588501 36
1718415745610 2.3175835609436035 37
1718415745943 2.3072009086608887 38
1718415746260 2.4238204956054688 39
1718415746593 2.5110790729522705 40
1718415746910 2.3507742881774902 41
1718415747242 2.319422483444214 42
1718415747580 2.2330336570739746 43
1718415747893 2.2926204204559326 44
1718415748243 2.297050714492798 45
1718415748593 3.002537488937378 46
1718415748926 2.304915189743042 47
1718415749242 2.3078551292419434 48
1718415749559 2.566754102706909 49
