1718516761397 -0.1024184841098208 0
1718516761735 -0.22795120152560155 1
1718516762051 0.23091815095959278 2
1718516762514 0.46680495955727297 3
1718516762964 -0.7780415722818086 4
1718516763397 0.5947186368884463 5
1718516763843 -0.10082089900970459 6
1718516764301 -0.22730810353250197 7
1718516764697 0.23286215103033836 8
1718516765114 0.4666445291403569 9
1718516765544 -0.7790256269050366 10
1718516765941 0.5927604472998418 11
1718516766350 -0.10042147564165527 12
1718516766767 -0.2267761627833047 13
1718516767330 0.23356062715703807 14
1718516767713 0.46641603021910694 15
1718516768132 -0.7791197914065737 16
1718516768546 0.5923054362788345 17
1718516768980 -0.100088621630813 18
1718516769396 -0.22696423530578613 19
1718516769767 0.23389297181909718 20
1718516770146 0.46620597983851564 21
1718516770546 -0.7790063041629214 22
1718516770896 0.5922036857315987 23
1718516771246 -0.09977200175776613 24
1718516771646 -0.22732634616620606 25
1718516771996 0.23410865032311623 26
1718516772379 0.4660067847280791 27
1718516772766 -0.7788378144755508 28
1718516773162 0.5921995567552969 29
1718516773562 -0.09947061177456007 30
1718516773962 -0.22772595376679394 31
1718516774362 0.2342890934510664 32
1718516774763 0.46582093022086424 33
1718516775162 -0.7786704699198403 34
1718516775545 0.59222480022546 35
1718516775862 -0.09917892831744579 36
1718516776211 -0.22812962532043457 37
1718516776543 0.23445890166542727 38
1718516776845 0.46564120957345656 39
1718516777164 -0.7785017815503208 40
1718516777478 0.5922549493385083 41
1718516777811 -0.09889782197547703 42
1718516778161 -0.22852873079704494 43
1718516778494 0.2346206325473208 44
1718516778794 0.465471361622666 45
1718516779133 -0.7783429369781958 46
1718516779461 0.5922921426368482 47
1718516779778 -0.09862697124481201 48
1718516780111 -0.22891871495680371 49
