1718516761481 0.16870144284128746 0
1718516761814 0.19573537452159653 1
1718516762144 0.16870144284128746 2
1718516762647 0.1676846196557468 3
1718516763097 0.16870144284128746 4
1718516763547 0.19573537452159653 5
1718516763997 0.16870144284128746 6
1718516764417 0.19573537452159653 7
1718516764835 0.16870144284128746 8
1718516765245 0.1676846196557468 9
1718516765647 0.16870144284128746 10
1718516766064 0.19573537452159653 11
1718516766480 0.16870144284128746 12
1718516766913 0.19573537452159653 13
1718516767447 0.16870144284128746 14
1718516767849 0.1676846196557468 15
1718516768266 0.16870144284128746 16
1718516768663 0.19573537452159653 17
1718516769096 0.16870144284128746 18
1718516769513 0.19573537452159653 19
1718516769880 0.16870144284128746 20
1718516770261 0.1676846196557468 21
1718516770640 0.16870144284128746 22
1718516770996 0.19573537452159653 23
1718516771366 0.16870144284128746 24
1718516771746 0.19573537452159653 25
1718516772116 0.16870144284128746 26
1718516772496 0.1676846196557468 27
1718516772878 0.16870144284128746 28
1718516773265 0.19573537452159653 29
1718516773662 0.16870144284128746 30
1718516774079 0.19573537452159653 31
1718516774479 0.16870144284128746 32
1718516774879 0.1676846196557468 33
1718516775278 0.16870144284128746 34
1718516775645 0.19573537452159653 35
1718516775962 0.16870144284128746 36
1718516776295 0.19573537452159653 37
1718516776612 0.16870144284128746 38
1718516776941 0.1676846196557468 39
1718516777245 0.16870144284128746 40
1718516777561 0.19573537452159653 41
1718516777895 0.16870144284128746 42
1718516778233 0.19573537452159653 43
1718516778578 0.16870144284128746 44
1718516778894 0.1676846196557468 45
1718516779228 0.16870144284128746 46
1718516779544 0.19573537452159653 47
1718516779861 0.16870144284128746 48
1718516780194 0.19573537452159653 49
