1718516761464 1.0 0
1718516761800 1.0 1
1718516762114 1.0 2
1718516762614 1.0 3
1718516763064 1.0 4
1718516763514 1.0 5
1718516763964 1.0 6
1718516764381 1.0 7
1718516764797 1.0 8
1718516765214 1.0 9
1718516765634 1.0 10
1718516766034 1.0 11
1718516766450 1.0 12
1718516766883 1.0 13
1718516767417 1.0 14
1718516767813 1.0 15
1718516768247 1.0 16
1718516768646 1.0 17
1718516769080 1.0 18
1718516769480 1.0 19
1718516769864 1.0 20
1718516770237 1.0 21
1718516770616 1.0 22
1718516770963 1.0 23
1718516771333 1.0 24
1718516771727 1.0 25
1718516772079 1.0 26
1718516772462 1.0 27
1718516772846 1.0 28
1718516773245 1.0 29
1718516773645 1.0 30
1718516774045 1.0 31
1718516774463 1.0 32
1718516774845 1.0 33
1718516775265 1.0 34
1718516775612 1.0 35
1718516775933 1.0 36
1718516776278 1.0 37
1718516776595 1.0 38
1718516776911 1.0 39
1718516777240 1.0 40
1718516777545 1.0 41
1718516777878 1.0 42
1718516778211 1.0 43
1718516778561 1.0 44
1718516778861 1.0 45
1718516779210 1.0 46
1718516779528 1.0 47
1718516779844 1.0 48
1718516780178 1.0 49
