1718385376385 2.223139524459839 0
1718385376719 2.2231240272521973 1
1718385377076 2.2231087684631348 2
1718385377417 2.2230937480926514 3
1718385377728 2.2230782508850098 4
1718385378064 2.223062753677368 5
1718385378374 2.2230474948883057 6
1718385378687 2.223032236099243 7
1718385379074 2.2230184078216553 8
1718385379395 2.2230048179626465 9
1718385379714 2.2229926586151123 10
1718385380039 2.2229816913604736 11
1718385380362 2.2229721546173096 12
1718385380675 2.2229630947113037 13
1718385380996 2.222956657409668 14
1718385381312 2.2229504585266113 15
1718385381615 2.2229461669921875 16
1718385381934 2.2229433059692383 17
1718385382252 2.2229418754577637 18
1718385382586 2.2229421138763428 19
1718385382901 2.2229433059692383 20
1718385383244 2.2229461669921875 21
1718385383587 2.222949981689453 22
1718385383908 2.2229552268981934 23
1718385384237 2.222961902618408 24
1718385384579 2.2229692935943604 25
1718385384902 2.222977876663208 26
1718385385240 2.222987651824951 27
1718385385564 2.2229983806610107 28
1718385385887 2.2230098247528076 29
1718385386212 2.223022222518921 30
1718385386540 2.2230350971221924 31
1718385386957 2.2230491638183594 32
1718385387291 2.2230639457702637 33
1718385387642 2.2230794429779053 34
1718385387995 2.223095178604126 35
1718385388332 2.223111629486084 36
1718385388669 2.2231287956237793 37
1718385389000 2.223146677017212 38
1718385389326 2.2231645584106445 39
1718385389652 2.2231831550598145 40
1718385390000 2.2232017517089844 41
1718385390337 2.2232208251953125 42
1718385390662 2.223240375518799 43
1718385391003 2.2232601642608643 44
1718385391372 2.223280191421509 45
1718385391761 2.2233002185821533 46
1718385392150 2.223320484161377 47
1718385392474 2.223341226577759 48
1718385392790 2.2233614921569824 49
