1718538906656 0.04661487687230262 0
1718538907156 0.04261931187569367 1
1718538907656 0.09212121212121212 2
1718538908189 0.08727272727272728 3
1718538908672 0.09212121212121212 4
1718538909155 0.08727272727272728 5
1718538909672 0.09212121212121212 6
1718538910193 0.08727272727272728 7
1718538910655 0.09212121212121212 8
1718538911122 0.08727272727272728 9
1718538911572 0.09212121212121212 10
1718538912022 0.08727272727272728 11
1718538912472 0.09212121212121212 12
1718538912925 0.08727272727272728 13
1718538913371 0.09212121212121212 14
1718538913889 0.08727272727272728 15
1718538914371 0.09212121212121212 16
1718538914903 0.08727272727272728 17
1718538915374 0.09212121212121212 18
1718538915808 0.08727272727272728 19
1718538916254 0.09212121212121212 20
1718538916694 0.08727272727272728 21
1718538917071 0.09212121212121212 22
1718538917495 0.08727272727272728 23
1718538917904 0.09212121212121212 24
1718538918320 0.08727272727272728 25
1718538918704 0.09212121212121212 26
1718538919053 0.08727272727272728 27
1718538919423 0.09212121212121212 28
1718538919769 0.08727272727272728 29
1718538920103 0.09212121212121212 30
1718538920470 0.08727272727272728 31
1718538920821 0.09212121212121212 32
1718538921170 0.08727272727272728 33
1718538921503 0.09212121212121212 34
1718538921853 0.08727272727272728 35
1718538922203 0.09212121212121212 36
1718538922670 0.08727272727272728 37
1718538923019 0.09212121212121212 38
1718538923369 0.08727272727272728 39
1718538923706 0.09212121212121212 40
1718538924086 0.08727272727272728 41
1718538924438 0.09212121212121212 42
1718538924786 0.08727272727272728 43
1718538925135 0.09212121212121212 44
1718538925485 0.08727272727272728 45
1718538925836 0.09212121212121212 46
1718538926185 0.08727272727272728 47
1718538926519 0.09212121212121212 48
1718538926885 0.08727272727272728 49
