1718384115126 -0.011336326599121094 0
1718384115447 -0.012185096740722656 1
1718384115810 -0.012984275817871094 2
1718384116137 -0.013737201690673828 3
1718384116458 -0.014446735382080078 4
1718384116780 -0.015115499496459961 5
1718384117085 -0.0157468318939209 6
1718384117401 -0.0163421630859375 7
1718384117722 -0.00397491455078125 8
1718384118027 0.02838301658630371 9
1718384118345 0.05863213539123535 10
1718384118660 0.02108001708984375 11
1718384118967 0.03506064414978027 12
1718384119282 0.024657011032104492 13
1718384119609 -0.0008113384246826172 14
1718384119949 0.013622283935546875 15
1718384120267 0.00027370452880859375 16
1718384120590 0.0003247261047363281 17
1718384120910 -0.039560794830322266 18
1718384121232 -0.03222370147705078 19
1718384121562 -0.028580904006958008 20
1718384121882 -0.026804208755493164 21
1718384122211 -0.02601313591003418 22
1718384122555 -0.02576160430908203 23
1718384122881 -0.012975692749023438 24
1718384123208 -0.013263225555419922 25
1718384123554 -0.013420343399047852 26
1718384123869 -0.01356649398803711 27
1718384124193 -0.013704061508178711 28
1718384124522 -0.013833284378051758 29
1718384124853 -0.013954877853393555 30
1718384125184 -0.014068841934204102 31
1718384125521 -0.014176130294799805 32
1718384125857 -0.014276742935180664 33
1718384126181 -0.014371395111083984 34
1718384126512 -0.014460563659667969 35
1718384126840 -0.01454472541809082 36
1718384127162 -0.01462411880493164 37
1718384127484 -0.014698505401611328 38
1718384127831 -0.014768600463867188 39
1718384128152 -0.014835119247436523 40
1718384128477 -0.014897823333740234 41
1718384128802 -0.014957189559936523 42
1718384129151 -0.015012979507446289 43
1718384129471 -0.015065908432006836 44
1718384129804 -0.015116453170776367 45
1718384130127 -0.015162467956542969 46
1718384130435 -0.015208244323730469 47
1718384130756 -0.015249967575073242 48
1718384131064 -0.015290260314941406 49
