1718546628790 0.08727272727272728 0
1718546629304 0.08727272727272728 1
1718546629753 0.08727272727272728 2
1718546630256 0.08727272727272728 3
1718546630755 0.08727272727272728 4
1718546631219 0.08727272727272728 5
1718546631705 0.08727272727272728 6
1718546632169 0.08727272727272728 7
1718546632619 0.08727272727272728 8
1718546633069 0.08727272727272728 9
1718546633522 0.08727272727272728 10
1718546633952 0.08727272727272728 11
1718546634418 0.08727272727272728 12
1718546634868 0.08727272727272728 13
1718546635318 0.08727272727272728 14
1718546635801 0.08727272727272728 15
1718546636254 0.08727272727272728 16
1718546636721 0.08727272727272728 17
1718546637184 0.08727272727272728 18
1718546637634 0.08727272727272728 19
1718546638068 0.08727272727272728 20
1718546638518 0.08727272727272728 21
1718546638950 0.08727272727272728 22
1718546639401 0.08727272727272728 23
1718546639859 0.08727272727272728 24
1718546640338 0.08727272727272728 25
1718546640784 0.08727272727272728 26
1718546641286 0.08727272727272728 27
1718546641753 0.08727272727272728 28
1718546642255 0.08727272727272728 29
1718546642967 0.08727272727272728 30
1718546643683 0.08727272727272728 31
1718546644359 0.08727272727272728 32
1718546644920 0.08727272727272728 33
1718546645500 0.08727272727272728 34
1718546646054 0.08727272727272728 35
1718546646619 0.08727272727272728 36
1718546647183 0.08727272727272728 37
1718546647752 0.08727272727272728 38
1718546648356 0.08727272727272728 39
1718546648899 0.08727272727272728 40
1718546649466 0.08727272727272728 41
1718546650065 0.08727272727272728 42
1718546650631 0.08727272727272728 43
1718546651198 0.08727272727272728 44
1718546651765 0.08727272727272728 45
1718546652349 0.08727272727272728 46
1718546652898 0.08727272727272728 47
1718546653452 0.08727272727272728 48
1718546654065 0.08727272727272728 49
