1718503880913 0.1858163826278175 0
1718503886368 0.1858163826278175 1
1718503891555 0.1858163826278175 2
1718503896824 0.1858163826278175 3
1718503902196 0.1858163826278175 4
1718503907467 0.1747787610619469 5
1718503912737 0.1858163826278175 6
1718503918091 0.1858163826278175 7
1718503923529 0.1858163826278175 8
1718503929250 0.1858163826278175 9
1718503934904 0.1858163826278175 10
1718503940173 0.1858163826278175 11
1718503945662 0.1858163826278175 12
1718503951183 0.1858163826278175 13
1718503956520 0.1858163826278175 14
1718503961991 0.1612796422360207 15
1718503967311 0.1858163826278175 16
1718503972649 0.1858163826278175 17
1718503978052 0.12476262093953645 18
1718503983490 0.1858163826278175 19
1718503989444 0.1858163826278175 20
1718503995132 0.1858163826278175 21
1718504000369 0.1858163826278175 22
1718504005823 0.1858163826278175 23
1718504011044 0.1858163826278175 24
1718504016281 0.1858163826278175 25
1718504021819 0.1858163826278175 26
1718504027072 0.1858163826278175 27
1718504032410 0.0781211624056056 28
1718504037814 0.1858163826278175 29
1718504043168 0.09729384997242141 30
1718504049022 0.1858163826278175 31
1718504054826 0.1858163826278175 32
1718504059964 0.1858163826278175 33
1718504065368 0.1858163826278175 34
1718504070555 0.1858163826278175 35
1718504075775 0.1858163826278175 36
1718504081263 0.1858163826278175 37
1718504086584 0.1858163826278175 38
1718504091821 0.1858163826278175 39
1718504097275 0.1676846196557468 40
1718504102811 0.1858163826278175 41
1718504108700 0.1858163826278175 42
1718504114504 0.1858163826278175 43
1718504119758 0.1858163826278175 44
1718504125196 0.1858163826278175 45
1718504130450 0.1858163826278175 46
1718504135720 0.1858163826278175 47
1718504141175 0.1858163826278175 48
1718504146494 0.1858163826278175 49
