1718503880897 1.0 0
1718503886350 1.0 1
1718503891521 1.0 2
1718503896792 1.0 3
1718503902179 1.0 4
1718503907450 1.0 5
1718503912721 1.0 6
1718503918075 1.0 7
1718503923512 1.0 8
1718503929216 1.0 9
1718503934870 1.0 10
1718503940141 1.0 11
1718503945646 1.0 12
1718503951166 1.0 13
1718503956503 1.0 14
1718503961974 0.4245472837022133 15
1718503967294 1.0 16
1718503972615 1.0 17
1718503978019 0.5073746312684366 18
1718503983473 1.0 19
1718503989411 1.0 20
1718503995115 1.0 21
1718504000353 1.0 22
1718504005807 1.0 23
1718504011027 1.0 24
1718504016264 1.0 25
1718504021802 1.0 26
1718504027022 1.0 27
1718504032376 0.34687500000000004 28
1718504037797 1.0 29
1718504043134 0.521875 30
1718504048989 1.0 31
1718504054810 1.0 32
1718504059947 1.0 33
1718504065350 1.0 34
1718504070538 1.0 35
1718504075759 1.0 36
1718504081247 1.0 37
1718504086567 1.0 38
1718504091804 1.0 39
1718504097258 1.0 40
1718504102779 1.0 41
1718504108683 1.0 42
1718504114488 1.0 43
1718504119742 1.0 44
1718504125179 1.0 45
1718504130433 1.0 46
1718504135687 1.0 47
1718504141158 1.0 48
1718504146477 1.0 49
