1718502223310 0.4330949948927477 0
1718502223761 0.44078361531611754 1
1718502224211 0.5134865134865135 2
1718502224678 0.7452830188679245 3
1718502225162 0.2288512911843277 4
1718502225695 0.3723076923076923 5
1718502226196 0.31790499390986604 6
1718502226730 0.672428694900605 7
1718502227247 0.47506561679790027 8
1718502227731 0.5915915915915916 9
1718502228197 0.5469422911283376 10
1718502228648 0.5110410094637224 11
1718502229098 0.48234280792420325 12
1718502229548 0.5415415415415415 13
1718502230016 0.47578785549577246 14
1718502230482 0.5534079348931842 15
1718502230933 0.6296296296296297 16
1718502231400 0.2598001537279016 17
1718502231867 0.48872180451127817 18
1718502232350 0.5453759723422644 19
1718502232784 0.5947826086956521 20
1718502233234 0.5258545135845749 21
1718502233701 0.3816793893129771 22
1718502234135 0.7125456760048721 23
1718502234585 0.43543543543543545 24
1718502235052 0.6726726726726727 25
1718502235519 0.584652862362972 26
1718502235970 0.6674786845310596 27
1718502236437 0.4791666666666667 28
1718502236904 0.5574354407836153 29
1718502237354 0.7354443309499489 30
1718502237788 0.28699551569506726 31
1718502238222 0.5254969749351772 32
1718502238672 0.5495403472931563 33
1718502239105 0.42487046632124353 34
1718502239556 0.34974747474747475 35
1718502240039 0.4158339738662567 36
1718502240573 0.332824427480916 37
1718502241107 0.30580357142857145 38
1718502241623 0.35751295336787564 39
1718502242158 0.5219611848825332 40
1718502242742 0.26632124352331604 41
1718502243259 0.5823686553873553 42
1718502243792 0.4291736930860034 43
1718502244276 0.3392698130008905 44
1718502244826 0.5626643295354952 45
1718502245360 0.546875 46
1718502245911 0.38134715025906735 47
1718502246428 0.3731800766283525 48
1718502246945 0.41652613827993257 49
