1717624915125 0.10242424242424242 0
1717624922717 0.10242424242424242 1
1717624927876 0.10242424242424242 2
1717624933191 0.10181818181818182 3
1717624938107 0.10181818181818182 4
1717624946030 0.10181818181818182 5
1717624952158 0.10181818181818182 6
1717624960249 0.10181818181818182 7
1717624967685 0.10181818181818182 8
1717624975525 0.10181818181818182 9
1717624983358 0.10181818181818182 10
1717624988203 0.10181818181818182 11
1717624995603 0.10181818181818182 12
1717625002750 0.10181818181818182 13
1717625010009 0.10181818181818182 14
1717625018421 0.10181818181818182 15
1717625027222 0.10181818181818182 16
1717625034660 0.10181818181818182 17
1717625041776 0.10181818181818182 18
1717625049253 0.10181818181818182 19
1717625056739 0.10181818181818182 20
1717625063387 0.10181818181818182 21
1717625076687 0.10181818181818182 22
1717625084534 0.10181818181818182 23
1717625092115 0.10181818181818182 24
1717625099440 0.10181818181818182 25
1717625106962 0.10181818181818182 26
1717625114424 0.10181818181818182 27
1717625122153 0.10181818181818182 28
1717625129559 0.10181818181818182 29
1717625139372 0.10181818181818182 30
1717625148470 0.10181818181818182 31
1717625158120 0.10181818181818182 32
1717625167075 0.10181818181818182 33
1717625175714 0.10181818181818182 34
1717625183586 0.10181818181818182 35
1717625190940 0.10181818181818182 36
1717625199927 0.10181818181818182 37
1717625207943 0.10181818181818182 38
1717625219323 0.10181818181818182 39
1717625227741 0.10181818181818182 40
1717625236122 0.10181818181818182 41
1717625244914 0.10181818181818182 42
1717625254679 0.10181818181818182 43
1717625265613 0.10181818181818182 44
1717625275814 0.10181818181818182 45
1717625285208 0.10181818181818182 46
1717625294763 0.10181818181818182 47
1717625303622 0.10181818181818182 48
1717625312787 0.10181818181818182 49
