1718552244181 0.1858163826278175 0
1718552249197 0.1858163826278175 1
1718552254196 0.1858163826278175 2
1718552259061 0.1858163826278175 3
1718552264094 0.1858163826278175 4
1718552269043 0.1858163826278175 5
1718552273996 0.1858163826278175 6
1718552278957 0.1858163826278175 7
1718552284142 0.1858163826278175 8
1718552289489 0.1858163826278175 9
1718552294979 0.1858163826278175 10
1718552300537 0.1858163826278175 11
1718552305589 0.1858163826278175 12
1718552310482 0.1858163826278175 13
1718552315484 0.1858163826278175 14
1718552320538 0.1858163826278175 15
1718552325515 0.1858163826278175 16
1718552330481 0.1858163826278175 17
1718552335598 0.1858163826278175 18
1718552340647 0.1858163826278175 19
1718552346220 0.1858163826278175 20
1718552351876 0.1858163826278175 21
1718552357621 0.1858163826278175 22
1718552362725 0.1858163826278175 23
1718552367623 0.1858163826278175 24
1718552372510 0.1858163826278175 25
1718552377622 0.1858163826278175 26
1718552382584 0.1858163826278175 27
1718552387553 0.1858163826278175 28
1718552392552 0.1858163826278175 29
1718552397471 0.1858163826278175 30
1718552402566 0.1858163826278175 31
1718552408299 0.1858163826278175 32
1718552414017 0.16705979709861352 33
1718552419780 0.1858163826278175 34
1718552424862 0.1858163826278175 35
1718552429893 0.1858163826278175 36
1718552435160 0.1858163826278175 37
1718552440076 0.1858163826278175 38
1718552445125 0.1858163826278175 39
1718552450127 0.1858163826278175 40
1718552455189 0.1858163826278175 41
1718552460155 0.1858163826278175 42
1718552465871 0.1858163826278175 43
1718552471591 0.1858163826278175 44
1718552477281 0.1858163826278175 45
1718552482501 0.1858163826278175 46
1718552487341 0.1858163826278175 47
1718552492365 0.1858163826278175 48
1718552497448 0.1858163826278175 49
