1718538795111 0.08727272727272728 0
1718538795544 0.08727272727272728 1
1718538795959 0.08727272727272728 2
1718538796360 0.08727272727272728 3
1718538796748 0.08727272727272728 4
1718538797144 0.08727272727272728 5
1718538797544 0.08727272727272728 6
1718538797931 0.08727272727272728 7
1718538798263 0.08727272727272728 8
1718538798594 0.08727272727272728 9
1718538798927 0.08727272727272728 10
1718538799260 0.08727272727272728 11
1718538799583 0.08727272727272728 12
1718538799927 0.08727272727272728 13
1718538800294 0.08727272727272728 14
1718538800610 0.08727272727272728 15
1718538800960 0.08727272727272728 16
1718538801312 0.08727272727272728 17
1718538801643 0.08727272727272728 18
1718538801977 0.08727272727272728 19
1718538802313 0.08727272727272728 20
1718538802660 0.08727272727272728 21
1718538802993 0.08727272727272728 22
1718538803343 0.08727272727272728 23
1718538803784 0.08727272727272728 24
1718538804126 0.08727272727272728 25
1718538804460 0.08727272727272728 26
1718538804793 0.08727272727272728 27
1718538805126 0.08727272727272728 28
1718538805493 0.08727272727272728 29
1718538805829 0.08727272727272728 30
1718538806163 0.08727272727272728 31
1718538806510 0.08727272727272728 32
1718538806859 0.08727272727272728 33
1718538807192 0.08727272727272728 34
1718538807526 0.08727272727272728 35
1718538807842 0.08727272727272728 36
1718538808175 0.08727272727272728 37
1718538808512 0.08727272727272728 38
1718538808825 0.08727272727272728 39
1718538809142 0.08727272727272728 40
1718538809487 0.08727272727272728 41
1718538809840 0.08727272727272728 42
1718538810158 0.08727272727272728 43
1718538810514 0.08727272727272728 44
1718538810841 0.08727272727272728 45
1718538811158 0.08727272727272728 46
1718538811511 0.08727272727272728 47
1718538811858 0.08727272727272728 48
1718538812191 0.08727272727272728 49
