1718446168262 0.05 0
1718446168558 0.05 1
1718446168858 0.05 2
1718446169206 0.05 3
1718446169505 0.05 4
1718446169822 0.05 5
1718446170139 0.05 6
1718446170442 0.05 7
1718446170750 0.05 8
1718446171058 0.05 9
1718446171370 0.05 10
1718446171666 0.05 11
1718446171972 0.05 12
1718446172305 0.05 13
1718446172605 0.05 14
1718446172921 0.05 15
1718446173238 0.05 16
1718446173558 0.05 17
1718446173871 0.05 18
1718446174205 0.05 19
1718446174521 0.05 20
1718446174838 0.05 21
1718446175188 0.05 22
1718446175504 0.05 23
1718446175838 0.05 24
1718446176171 0.05 25
1718446176471 0.05 26
1718446176788 0.05 27
1718446177121 0.05 28
1718446177487 0.05 29
1718446177804 0.05 30
1718446178141 0.05 31
1718446178458 0.05 32
1718446178774 0.05 33
1718446179108 0.05 34
1718446179437 0.05 35
1718446179741 0.05 36
1718446180058 0.05 37
1718446180374 0.05 38
1718446180687 0.05 39
1718446181003 0.05 40
1718446181337 0.05 41
1718446181653 0.05 42
1718446181991 0.05 43
1718446182307 0.05 44
1718446182623 0.05 45
1718446182936 0.05 46
1718446183254 0.05 47
1718446183556 0.05 48
1718446183853 0.05 49
