1718448945192 0.0 0
1718448949258 0.0 1
1718448953493 0.0 2
1718448957574 0.0 3
1718448961558 0.0 4
1718448966092 0.0 5
1718448970737 0.0 6
1718448975453 0.0 7
1718448980086 0.0 8
1718448984535 0.0 9
1718448988451 0.0 10
1718448992400 0.0 11
1718448996267 0.0 12
1718449000149 0.0 13
1718449004098 0.0 14
1718449007980 0.0 15
1718449011929 0.0 16
1718449015812 0.0 17
1718449019678 0.0 18
1718449024210 0.0 19
1718449028846 0.0 20
1718449033625 0.0 21
1718449038276 0.0 22
1718449042823 0.0 23
1718449046989 0.0 24
1718449050905 0.0 25
1718449054771 0.0 26
1718449058653 0.0 27
1718449062554 0.0 28
1718449066435 0.0 29
1718449070318 0.0 30
1718449074234 0.0 31
1718449078222 0.0 32
1718449082101 0.0 33
1718449086865 0.0 34
1718449091597 0.0 35
1718449096296 0.0 36
1718449100879 0.0 37
1718449105711 0.0 38
1718449109660 0.0 39
1718449113645 0.0 40
1718449117508 0.0 41
1718449121375 0.0 42
1718449125245 0.0 43
1718449129106 0.0 44
1718449133105 0.0 45
1718449137005 0.0 46
1718449140871 0.0 47
1718449145422 0.0 48
1718449150086 0.0 49
