1718545900563 0.1605351170568562 0
1718545901363 0.1605351170568562 1
1718545902163 0.1605351170568562 2
1718545902962 0.1605351170568562 3
1718545903765 0.1605351170568562 4
1718545904545 0.1605351170568562 5
1718545905332 0.1605351170568562 6
1718545906131 0.1605351170568562 7
1718545906862 0.1605351170568562 8
1718545907661 0.1605351170568562 9
1718545908495 0.1605351170568562 10
1718545909264 0.1605351170568562 11
1718545910064 0.1605351170568562 12
1718545910877 0.1605351170568562 13
1718545911680 0.1605351170568562 14
1718545912494 0.1605351170568562 15
1718545913330 0.1605351170568562 16
1718545914110 0.1605351170568562 17
1718545914880 0.1605351170568562 18
1718545915677 0.1605351170568562 19
1718545916480 0.1605351170568562 20
1718545917276 0.1605351170568562 21
1718545918041 0.1605351170568562 22
1718545918832 0.1605351170568562 23
1718545919642 0.1605351170568562 24
1718545920462 0.1605351170568562 25
1718545921242 0.1605351170568562 26
1718545922058 0.1605351170568562 27
1718545923042 0.1605351170568562 28
1718545924058 0.1605351170568562 29
1718545925045 0.1605351170568562 30
1718545926011 0.1605351170568562 31
1718545926977 0.1605351170568562 32
1718545927944 0.1605351170568562 33
1718545928933 0.1605351170568562 34
1718545929907 0.1605351170568562 35
1718545930907 0.1605351170568562 36
1718545931873 0.1605351170568562 37
1718545932840 0.1605351170568562 38
1718545933806 0.1605351170568562 39
1718545934773 0.1605351170568562 40
1718545935796 0.1605351170568562 41
1718545936839 0.1605351170568562 42
1718545937805 0.1605351170568562 43
1718545938739 0.1605351170568562 44
1718545939555 0.1605351170568562 45
1718545940358 0.1605351170568562 46
1718545941154 0.1605351170568562 47
1718545941921 0.1605351170568562 48
1718545942704 0.1605351170568562 49
