1718387680381 0.3164179104477612 0
1718387680602 0.3850746268656716 1
1718387680838 0.2835820895522388 2
1718387681077 0.208955223880597 3
1718387681347 0.31343283582089554 4
1718387681594 0.3761194029850746 5
1718387682045 0.4716417910447761 6
1718387682272 0.37910447761194027 7
1718387682502 0.3074626865671642 8
1718387682741 0.22388059701492538 9
1718387682978 0.5104477611940299 10
1718387683221 0.5761194029850746 11
1718387683439 0.5014925373134328 12
1718387683676 0.27761194029850744 13
1718387683890 0.5164179104477612 14
1718387684120 0.3641791044776119 15
1718387684667 0.44776119402985076 16
1718387684880 0.4597014925373134 17
1718387685100 0.4417910447761194 18
1718387685322 0.6597014925373135 19
1718387685586 0.6716417910447762 20
1718387685849 0.6567164179104478 21
1718387686126 0.4 22
1718387686412 0.4208955223880597 23
1718387686644 0.5671641791044776 24
1718387686882 0.5611940298507463 25
1718387687143 0.4298507462686567 26
1718387687379 0.46567164179104475 27
1718387687670 0.5253731343283582 28
1718387687885 0.4507462686567164 29
1718387688120 0.5223880597014925 30
1718387688384 0.6208955223880597 31
1718387688624 0.6507462686567164 32
1718387688854 0.6208955223880597 33
1718387689087 0.6149253731343284 34
1718387689329 0.5970149253731343 35
1718387689562 0.6626865671641791 36
1718387689868 0.47761194029850745 37
1718387690082 0.41492537313432837 38
1718387690325 0.5582089552238806 39
1718387690557 0.6567164179104478 40
1718387690797 0.6358208955223881 41
1718387691023 0.6059701492537314 42
1718387691280 0.39104477611940297 43
1718387691741 0.4835820895522388 44
1718387691969 0.5522388059701493 45
1718387692205 0.5940298507462687 46
1718387692436 0.5104477611940299 47
1718387692668 0.5582089552238806 48
1718387692906 0.6835820895522388 49
