1718585937366 0.19573537452159653 0
1718585937751 0.1676846196557468 1
1718585938132 0.12368076442460761 2
1718585938514 0.12378936360478815 3
1718585938908 0.3470052901698162 4
1718585939301 0.34864523298905986 5
1718585939664 0.347552889292619 6
1718585940069 0.3288535571820972 7
1718585940479 0.26128464771728355 8
1718585940866 0.19573537452159653 9
1718585941229 0.1676846196557468 10
1718585941631 0.19573537452159653 11
1718585942040 0.12532306238899443 12
1718585942847 0.19573537452159653 13
1718585943899 0.19573537452159653 14
1718585944752 0.19573537452159653 15
1718585945463 0.19573537452159653 16
1718585946131 0.14070851529597406 17
1718585946794 0.2980934727809449 18
1718585947415 0.1809154867834126 19
1718585948018 0.08235679604420483 20
1718585948628 0.08714182800200655 21
1718585949223 0.3278967182695721 22
1718585949859 0.1947483588621444 23
1718585950495 0.1676846196557468 24
1718585951112 0.19573537452159653 25
1718585951728 0.19573537452159653 26
1718585952360 0.19573537452159653 27
1718585952997 0.1676846196557468 28
1718585953639 0.19573537452159653 29
1718585954277 0.17817518572890254 30
1718585954913 0.19573537452159653 31
1718585955515 0.15529697729290398 32
1718585956126 0.11390577439548007 33
1718585956747 0.28720347308508454 34
1718585957394 0.10628783732232007 35
1718585957996 0.42632665030763534 36
1718585958648 0.19573537452159653 37
1718585959232 0.1676846196557468 38
1718585959845 0.1605351170568562 39
1718585960476 0.2688888888888889 40
1718585961126 0.1676846196557468 41
1718585961772 0.16870144284128746 42
1718585962528 0.16870144284128746 43
1718585963160 0.16870144284128746 44
1718585963926 0.31892379253735714 45
1718585964497 0.16870144284128746 46
1718585965128 0.19573537452159653 47
1718585965776 0.16870144284128746 48
1718585966429 0.19573537452159653 49
