1718585937333 1.0 0
1718585937732 1.0 1
1718585938107 0.4212121212121212 2
1718585938483 0.3817427385892116 3
1718585938883 0.9093655589123867 4
1718585939273 0.9637462235649547 5
1718585939649 0.9818731117824774 6
1718585940033 0.9758308157099698 7
1718585940447 0.6314199395770392 8
1718585940840 1.0 9
1718585941210 1.0 10
1718585941611 1.0 11
1718585942010 0.48787878787878786 12
1718585942752 1.0 13
1718585943800 1.0 14
1718585944694 1.0 15
1718585945384 1.0 16
1718585946077 0.5606060606060606 17
1718585946740 0.6390041493775933 18
1718585947361 0.5020746887966805 19
1718585947962 0.488135593220339 20
1718585948574 0.459214501510574 21
1718585949179 0.8636363636363636 22
1718585949799 1.0 23
1718585950448 1.0 24
1718585951046 1.0 25
1718585951683 1.0 26
1718585952312 1.0 27
1718585952949 1.0 28
1718585953580 1.0 29
1718585954220 0.6372881355932203 30
1718585954866 1.0 31
1718585955475 0.5818181818181818 32
1718585956079 0.5454545454545454 33
1718585956702 0.48132780082987553 34
1718585957331 0.5424242424242425 35
1718585957942 0.6763485477178424 36
1718585958597 1.0 37
1718585959184 1.0 38
1718585959795 1.0 39
1718585960424 0.6393939393939394 40
1718585961081 1.0 41
1718585961699 1.0 42
1718585962465 1.0 43
1718585963093 1.0 44
1718585963826 0.9516616314199395 45
1718585964443 1.0 46
1718585965078 1.0 47
1718585965724 1.0 48
1718585966377 1.0 49
