1718369444375 6.527981758117676 0
1718369446921 5.516469478607178 1
1718369449349 4.48178768157959 2
1718369451934 4.481718063354492 3
1718369454446 4.481718063354492 4
1718369456850 4.48171854019165 5
1718369459424 4.48171854019165 6
1718369461910 4.993574619293213 7
1718369464698 4.01013708114624 8
1718369467294 3.2769222259521484 9
1718369469803 2.9815006256103516 10
1718369472297 12.090630531311035 11
1718369474697 4.307623386383057 12
1718369477222 7.341195583343506 13
1718369479569 9.584100723266602 14
1718369482045 5.841418743133545 15
1718369484551 7.988999366760254 16
1718369487059 7.734050273895264 17
1718369489571 8.235237121582031 18
1718369492065 7.5184454917907715 19
1718369494540 6.9771928787231445 20
1718369497096 8.005775451660156 21
1718369499488 6.483366012573242 22
1718369502003 5.504119873046875 23
1718369504551 3.610900640487671 24
1718369507029 3.610900402069092 25
1718369509522 3.610900402069092 26
1718369512015 3.610900402069092 27
1718369514493 3.610900402069092 28
1718369517017 3.610900402069092 29
1718369519511 3.610900402069092 30
1718369522026 3.610900402069092 31
1718369524769 2.9815003871917725 32
1718369527264 3.610900640487671 33
1718369529509 2.701220989227295 34
1718369532004 2.701221227645874 35
1718369534484 2.422309398651123 36
1718369536995 2.4223098754882812 37
1718369539338 2.422309398651123 38
1718369541818 2.4223103523254395 39
1718369544318 10.536158561706543 40
1718369546831 8.527600288391113 41
1718369549326 3.185288667678833 42
1718369551806 6.691867351531982 43
1718369554306 5.42800235748291 44
1718369556803 4.946560859680176 45
1718369559266 13.366875648498535 46
1718369561648 6.510334491729736 47
1718369564135 4.645503044128418 48
1718369566638 3.9505739212036133 49
