1718533535344 0.00695251059584853 0
1718533535696 0.17880794701986755 1
1718533536212 0.18681318681318682 2
1718533536563 0.1676846196557468 3
1718533536948 0.1947483588621444 4
1718533537346 0.1676846196557468 5
1718533537723 0.10830181158047754 6
1718533538096 0.19573537452159653 7
1718533538463 0.0824155508015741 8
1718533538812 0.19573537452159653 9
1718533539195 0.1747787610619469 10
1718533539562 0.09095620278296568 11
1718533539931 0.1947483588621444 12
1718533540334 0.19573537452159653 13
1718533540745 0.07033610832421207 14
1718533541095 0.46247012742028587 15
1718533541479 0.3983343300442139 16
1718533541838 0.1605351170568562 17
1718533542198 0.1676846196557468 18
1718533542545 0.1858163826278175 19
1718533542895 0.1747787610619469 20
1718533543278 0.17880794701986755 21
1718533543661 0.1676846196557468 22
1718533544010 0.16870144284128746 23
1718533544395 0.1605351170568562 24
1718533544745 0.10631587504624627 25
1718533545111 0.1605351170568562 26
1718533545478 0.19573537452159653 27
1718533545844 0.1676846196557468 28
1718533546228 0.19573537452159653 29
1718533546597 0.1676846196557468 30
1718533547061 0.19573537452159653 31
1718533547444 0.1676846196557468 32
1718533547777 0.19573537452159653 33
1718533548127 0.1676846196557468 34
1718533548497 0.19573537452159653 35
1718533548844 0.1676846196557468 36
1718533549211 0.2048837445925809 37
1718533549581 0.19573537452159653 38
1718533549927 0.17880794701986755 39
1718533550310 0.1947483588621444 40
1718533550660 0.1747787610619469 41
1718533551027 0.20359281437125748 42
1718533551413 0.16870144284128746 43
1718533551777 0.22313133788010017 44
1718533552143 0.10385522955049334 45
1718533552560 0.08564065287781669 46
1718533552926 0.1676846196557468 47
1718533553293 0.16870144284128746 48
1718533553660 0.09606058980000155 49
