1718554593072 0.08727272727272728 0
1718554593574 0.08727272727272728 1
1718554594077 0.08727272727272728 2
1718554594535 0.08727272727272728 3
1718554595001 0.08727272727272728 4
1718554595470 0.08727272727272728 5
1718554595929 0.08727272727272728 6
1718554596402 0.08727272727272728 7
1718554596851 0.08727272727272728 8
1718554597335 0.08727272727272728 9
1718554597801 0.08727272727272728 10
1718554598268 0.08727272727272728 11
1718554598737 0.08727272727272728 12
1718554599234 0.08727272727272728 13
1718554599684 0.08727272727272728 14
1718554600184 0.08727272727272728 15
1718554600670 0.08727272727272728 16
1718554601134 0.08727272727272728 17
1718554601600 0.08727272727272728 18
1718554602083 0.08727272727272728 19
1718554602533 0.08727272727272728 20
1718554603017 0.08727272727272728 21
1718554603483 0.08727272727272728 22
1718554604156 0.08727272727272728 23
1718554604581 0.08727272727272728 24
1718554605058 0.08727272727272728 25
1718554605558 0.08727272727272728 26
1718554606035 0.08727272727272728 27
1718554606555 0.08727272727272728 28
1718554607053 0.08727272727272728 29
1718554607516 0.08727272727272728 30
1718554608032 0.08727272727272728 31
1718554608554 0.08727272727272728 32
1718554609064 0.08727272727272728 33
1718554609532 0.08727272727272728 34
1718554610015 0.08727272727272728 35
1718554610465 0.08727272727272728 36
1718554610952 0.08727272727272728 37
1718554611398 0.08727272727272728 38
1718554611898 0.08727272727272728 39
1718554612365 0.08727272727272728 40
1718554612831 0.08727272727272728 41
1718554613298 0.08727272727272728 42
1718554613798 0.08727272727272728 43
1718554614265 0.08727272727272728 44
1718554614731 0.08727272727272728 45
1718554615198 0.08727272727272728 46
1718554615715 0.08727272727272728 47
1718554616215 0.08727272727272728 48
1718554616714 0.08727272727272728 49
