1718555167642 0.08727272727272728 0
1718555168137 0.08727272727272728 1
1718555168594 0.08727272727272728 2
1718555169072 0.08727272727272728 3
1718555169555 0.08727272727272728 4
1718555170188 0.08727272727272728 5
1718555170605 0.08727272727272728 6
1718555171072 0.08727272727272728 7
1718555171521 0.08727272727272728 8
1718555171988 0.08727272727272728 9
1718555172421 0.08727272727272728 10
1718555172871 0.08727272727272728 11
1718555173324 0.08727272727272728 12
1718555173772 0.08727272727272728 13
1718555174220 0.08727272727272728 14
1718555174725 0.08727272727272728 15
1718555175204 0.08727272727272728 16
1718555175654 0.08727272727272728 17
1718555176124 0.08727272727272728 18
1718555176621 0.08727272727272728 19
1718555177121 0.08727272727272728 20
1718555177570 0.08727272727272728 21
1718555178020 0.08727272727272728 22
1718555178473 0.08727272727272728 23
1718555178920 0.08727272727272728 24
1718555179378 0.08727272727272728 25
1718555179770 0.08727272727272728 26
1718555180120 0.08727272727272728 27
1718555180480 0.08727272727272728 28
1718555180822 0.08727272727272728 29
1718555181183 0.08727272727272728 30
1718555181519 0.08727272727272728 31
1718555181873 0.08727272727272728 32
1718555182219 0.08727272727272728 33
1718555182683 0.08727272727272728 34
1718555183019 0.08727272727272728 35
1718555183403 0.08727272727272728 36
1718555183753 0.08727272727272728 37
1718555184136 0.08727272727272728 38
1718555184502 0.08727272727272728 39
1718555184852 0.08727272727272728 40
1718555185220 0.08727272727272728 41
1718555185573 0.08727272727272728 42
1718555185919 0.08727272727272728 43
1718555186281 0.08727272727272728 44
1718555186621 0.08727272727272728 45
1718555186979 0.08727272727272728 46
1718555187335 0.08727272727272728 47
1718555187688 0.08727272727272728 48
1718555188077 0.08727272727272728 49
