1718383654089 -0.180833101272583 0
1718383654416 -0.180833101272583 1
1718383654771 -0.180833101272583 2
1718383655084 -0.180833101272583 3
1718383655404 -0.1808328628540039 4
1718383655715 -0.180833101272583 5
1718383656021 -0.180833101272583 6
1718383656335 -0.180833101272583 7
1718383656650 -0.180833101272583 8
1718383656957 -0.180833101272583 9
1718383657274 -0.180833101272583 10
1718383657599 -0.1808328628540039 11
1718383657909 -0.180833101272583 12
1718383658222 -0.180833101272583 13
1718383658553 -0.1808328628540039 14
1718383658866 -0.180833101272583 15
1718383659178 -0.180833101272583 16
1718383659514 -0.180833101272583 17
1718383659815 -0.180833101272583 18
1718383660119 -0.180833101272583 19
1718383660446 -0.180833101272583 20
1718383660768 -0.180833101272583 21
1718383661087 -0.180833101272583 22
1718383661448 -0.180833101272583 23
1718383661773 -0.180833101272583 24
1718383662103 -0.180833101272583 25
1718383662433 -0.180833101272583 26
1718383662752 -0.180833101272583 27
1718383663086 -0.180833101272583 28
1718383663410 -0.180833101272583 29
1718383663747 -0.180833101272583 30
1718383664075 -0.180833101272583 31
1718383664410 -0.180833101272583 32
1718383664724 -0.180833101272583 33
1718383665042 -0.180833101272583 34
1718383665356 -0.1808328628540039 35
1718383665686 -0.180833101272583 36
1718383665999 -0.180833101272583 37
1718383666318 -0.180833101272583 38
1718383666649 -0.180833101272583 39
1718383666975 -0.180833101272583 40
1718383667289 -0.180833101272583 41
1718383667630 -0.180833101272583 42
1718383667949 -0.180833101272583 43
1718383668266 -0.180833101272583 44
1718383668604 -0.180833101272583 45
1718383668916 -0.180833101272583 46
1718383669233 -0.180833101272583 47
1718383669548 -0.180833101272583 48
1718383669866 -0.180833101272583 49
