1718524754541 2.376086950302124 0
1718524754957 2.1647303104400635 1
1718524755356 2.3609137535095215 2
1718524755762 2.268094539642334 3
1718524756202 2.0637543201446533 4
1718524756574 2.129202365875244 5
1718524756911 1.8898364305496216 6
1718524757260 2.27661395072937 7
1718524757607 2.583439826965332 8
1718524758060 2.6482794284820557 9
1718524758396 2.266674518585205 10
1718524758724 1.9075078964233398 11
1718524759060 1.799250841140747 12
1718524759407 2.1956276893615723 13
1718524759740 2.7646543979644775 14
1718524760073 2.2571322917938232 15
1718524760407 2.1977405548095703 16
1718524760760 2.1252715587615967 17
1718524761093 2.1544597148895264 18
1718524761439 2.576056718826294 19
1718524761760 2.2326931953430176 20
1718524762103 1.9468742609024048 21
1718524762440 2.047520399093628 22
1718524762773 1.9119282960891724 23
1718524763106 2.000985860824585 24
1718524763461 2.375776529312134 25
1718524763806 2.3100297451019287 26
1718524764139 2.5672290325164795 27
1718524764473 2.2271077632904053 28
1718524764806 1.9218415021896362 29
1718524765156 1.8225562572479248 30
1718524765498 2.1468114852905273 31
1718524765839 2.226508617401123 32
1718524766172 2.353407144546509 33
1718524766522 2.1938557624816895 34
1718524766859 2.0155303478240967 35
1718524767189 2.079256296157837 36
1718524767522 1.8843834400177002 37
1718524767871 1.7569304704666138 38
1718524768322 2.09767746925354 39
1718524768662 2.53747820854187 40
1718524769007 2.1728034019470215 41
1718524769355 2.123905658721924 42
1718524769699 2.0119364261627197 43
1718524770038 2.160548210144043 44
1718524770371 2.344799518585205 45
1718524770705 2.06697154045105 46
1718524771064 2.259021520614624 47
1718524771399 2.013641119003296 48
1718524771721 1.929174780845642 49
