1718426779959 0.1 0
1718426780772 0.1 1
1718426781488 0.1 2
1718426782225 0.1 3
1718426782955 0.1 4
1718426783625 0.1 5
1718426784254 0.1 6
1718426784871 0.1 7
1718426785538 0.1 8
1718426786188 0.1 9
1718426786836 0.1 10
1718426787504 0.1 11
1718426788169 0.1 12
1718426788837 0.1 13
1718426789524 0.1 14
1718426790185 0.1 15
1718426790836 0.1 16
1718426791523 0.1 17
1718426792173 0.1 18
1718426792869 0.1 19
1718426793570 0.1 20
1718426794236 0.1 21
1718426794856 0.1 22
1718426795485 0.1 23
1718426796102 0.1 24
1718426796735 0.1 25
1718426797385 0.1 26
1718426798050 0.1 27
1718426798701 0.1 28
1718426799335 0.1 29
1718426799951 0.1 30
1718426800568 0.1 31
1718426801188 0.1 32
1718426801801 0.3 33
1718426802425 0.1 34
1718426803034 0.1 35
1718426803650 0.1 36
1718426804267 0.1 37
1718426804883 0.1 38
1718426805527 0.1 39
1718426806183 0.1 40
1718426806833 0.1 41
1718426807483 0.1 42
1718426808133 0.1 43
1718426808766 0.1 44
1718426809418 0.1 45
1718426810032 0.1 46
1718426810632 0.1 47
1718426811250 0.1 48
1718426811865 0.1 49
