1718531841631 0.1858163826278175 0
1718531842496 0.1858163826278175 1
1718531843346 0.1858163826278175 2
1718531844213 0.1858163826278175 3
1718531845095 0.1858163826278175 4
1718531845979 0.1858163826278175 5
1718531846845 0.09399199279286312 6
1718531847679 0.1858163826278175 7
1718531848529 0.1858163826278175 8
1718531849465 0.1858163826278175 9
1718531850361 0.1858163826278175 10
1718531851195 0.1858163826278175 11
1718531852032 0.1858163826278175 12
1718531852894 0.1858163826278175 13
1718531853744 0.1858163826278175 14
1718531854594 0.1858163826278175 15
1718531855444 0.1858163826278175 16
1718531856327 0.1858163826278175 17
1718531857227 0.1858163826278175 18
1718531858127 0.1858163826278175 19
1718531859012 0.1858163826278175 20
1718531860060 0.1858163826278175 21
1718531860876 0.1858163826278175 22
1718531861726 0.1858163826278175 23
1718531862561 0.1858163826278175 24
1718531863342 0.18681318681318682 25
1718531864208 0.1858163826278175 26
1718531865059 0.1858163826278175 27
1718531865892 0.1858163826278175 28
1718531866762 0.1858163826278175 29
1718531867757 0.1858163826278175 30
1718531868641 0.1858163826278175 31
1718531869506 0.1858163826278175 32
1718531870341 0.1676846196557468 33
1718531871174 0.1858163826278175 34
1718531872057 0.1288077694291094 35
1718531872924 0.1858163826278175 36
1718531873844 0.1858163826278175 37
1718531874757 0.1858163826278175 38
1718531875623 0.1858163826278175 39
1718531876440 0.1858163826278175 40
1718531877273 0.1858163826278175 41
1718531878106 0.1858163826278175 42
1718531878956 0.1858163826278175 43
1718531879795 0.1858163826278175 44
1718531880639 0.1858163826278175 45
1718531881503 0.1858163826278175 46
1718531882422 0.1858163826278175 47
1718531883505 0.1858163826278175 48
1718531884538 0.1858163826278175 49
