1717604669709 0.539286254538458 0
1717604670689 0.274651971211584 1
1717604671673 0.42981456937225354 2
1717604672648 0.399671655511249 3
1717604673620 0.3503663758734084 4
1717604674639 0.2990280111827692 5
1717604675624 0.41203290323506764 6
1717604676623 0.30871350024166483 7
1717604677623 0.3623110036646041 8
1717604678654 0.2820922950331939 9
1717604679624 0.10997433521254173 10
1717604680626 0.19783350654850698 11
1717604681606 0.2250524518674469 12
1717604682589 0.22746413599616444 13
1717604683606 0.23231687635495288 14
1717604684601 0.18234885523196587 15
1717604685557 0.23572639549697566 16
1717604686514 0.22684991861074744 17
1717604687470 0.2629403119587794 18
1717604688427 0.2917830753605543 19
1717604689367 0.27895760659589225 20
1717604690339 0.21331450297111254 21
1717604691296 0.2213798808244079 22
1717604692274 0.24640243127944103 23
1717604693215 0.2543514533614776 24
1717604694172 0.27532071374065853 25
1717604695143 0.19507390569500715 26
1717604696131 0.22283071363631 27
1717604697103 0.21868389410292485 28
1717604698154 0.2438376824596846 29
1717604699142 0.24831417521418658 30
1717604700098 0.2545936438292775 31
1717604701074 0.21930480326634572 32
1717604702035 0.23161528212894647 33
1717604702976 0.21456938198425776 34
1717604703947 0.20938633677821047 35
1717604704904 0.26712101619279355 36
1717604705861 0.20911001432909948 37
1717604706833 0.2060619761024737 38
1717604707820 0.18018059765744918 39
1717604708797 0.23164449921067426 40
1717604709765 0.230511040369977 41
1717604710721 0.20844760869075432 42
1717604711709 0.20443825137083435 43
1717604712666 0.2189853515452809 44
1717604713622 0.23359743952617004 45
1717604714578 0.215116453431537 46
1717604715535 0.21040108696021737 47
1717604716491 0.24373048544463455 48
1717604717448 0.20583944635913018 49
1717604718420 0.22620692606057238 50
1717604719361 0.2136770122009685 51
1717604720333 0.19182508228630396 52
1717604721294 0.2252854326910179 53
1717604722276 0.19458365432116462 54
1717604723232 0.21042390385159299 55
1717604724205 0.2262442697520288 56
1717604725177 0.22304094042970887 57
1717604726133 0.217692031189735 58
1717604727105 0.17285918160028235 59
1717604728046 0.19752101872495575 60
1717604729018 0.21591172393474617 61
1717604729974 0.20239893930282526 62
1717604730947 0.18278096672064165 63
1717604732139 0.21869675694887072 64
1717604733095 0.21973744712650034 65
1717604734147 0.26650563268273925 66
1717604735119 0.2085163693412212 67
1717604736076 0.18869055187858627 68
1717604737016 0.2542578252907796 69
1717604737973 0.25850825896115565 70
1717604738961 0.2679498724377937 71
1717604739917 0.22163635187126604 72
1717604740874 0.2114055444698735 73
1717604741830 0.2845612821100438 74
1717604742783 0.22903025992994233 75
1717604743740 0.2740756569415034 76
1717604744728 0.2549811865187284 77
1717604745684 0.2732836764625484 78
1717604746688 0.22639403662418184 79
1717604747664 0.21729779345013064 80
1717604748632 0.27149695717269334 81
1717604749589 0.28206166026933793 82
1717604750545 0.2532366633072922 83
1717604751502 0.21370631788543243 84
1717604752474 0.216543981866073 85
1717604753430 0.19259010431049192 86
1717604754386 0.21768369511155436 87
1717604755361 0.2778858241332957 88
1717604756317 0.2782536878246085 89
1717604757274 0.24583708182394926 90
1717604758246 0.254788691629629 91
1717604759203 0.2861761396980252 92
1717604760186 0.24521854262372775 93
1717604761131 0.2756141310776463 94
1717604762103 0.17931683554761246 95
1717604763145 0.2773531089244122 96
1717604764129 0.20431145722561764 97
1717604765070 0.2722876987847616 98
1717604766058 0.22405397793979231 99
1717604766999 0.27295766474870997 100
1717604767955 0.2563054405372988 101
1717604768912 0.1912197502739962 102
1717604769884 0.2711101989901329 103
1717604770856 0.24399423489966357 104
1717604771813 0.22727055670172303 105
1717604772784 0.201639860514595 106
1717604773772 0.284861943906457 107
1717604774729 0.21619960155033194 108
1717604775685 0.22183218517418735 109
1717604776673 0.16856393198744973 110
1717604777629 0.279160535247565 111
1717604778586 0.20725649939380428 112
1717604779561 0.2151162259433509 113
1717604780534 0.22012500648082525 114
1717604781474 0.24250895254980984 115
1717604782449 0.2527215481935369 116
1717604783406 0.27356344533600757 117
1717604784362 0.26560563912879126 118
1717604785335 0.22941356455138687 119
1717604786307 0.22103885337212678 120
1717604787264 0.2700358336363021 121
1717604788236 0.23392081755301608 122
1717604789192 0.2394556091649728 123
1717604790138 0.23398003996754552 124
1717604791105 0.18608291777357866 125
1717604792061 0.2620957722271713 126
1717604793043 0.2197625603481546 127
1717604794068 0.25716785951048143 128
1717604795046 0.2620403588986775 129
1717604795997 0.22045462208150043 130
1717604796953 0.25835364633532565 131
1717604797894 0.19880900485454525 132
1717604798853 0.21266106686592617 133
1717604799823 0.2754556350951518 134
1717604800795 0.22331687432961397 135
1717604801767 0.28230569500002917 136
1717604802708 0.22814442039712596 137
1717604803662 0.22989121080503563 138
1717604804619 0.24171160001164974 139
1717604805575 0.17979139078278214 140
1717604806531 0.2606994546866258 141
1717604807503 0.2578569335916624 142
1717604808476 0.270237417433996 143
1717604809448 0.2772050060533977 144
1717604810388 0.27076529319436926 145
1717604811361 0.23269777524450447 146
1717604812333 0.22470251293002005 147
1717604813289 0.19349311119039653 148
1717604814245 0.2078321346093918 149
1717604815218 0.1964567220730889 150
1717604816190 0.21774691728054094 151
1717604817146 0.24331066882716243 152
1717604818103 0.23225494438253702 153
1717604819059 0.27347205195803403 154
1717604820031 0.28066105753434345 155
1717604820991 0.19053788989094622 156
1717604822023 0.22631473934550447 157
1717604822995 0.2404982948005695 158
1717604823962 0.206413782083811 159
1717604824912 0.24204316910002532 160
1717604825869 0.22368793456388528 161
1717604826826 0.24124539089032415 162
1717604827813 0.19707937178706114 163
1717604828754 0.16821325223125883 164
1717604829711 0.23341905002985502 165
1717604830683 0.28848646109057746 166
1717604831655 0.21973268383947236 167
1717604832627 0.26059337983429953 168
1717604833599 0.25486441995214265 169
1717604834540 0.20576271474191934 170
1717604835496 0.2531518949393296 171
1717604836468 0.2803391505943722 172
1717604837425 0.20127129958758094 173
1717604838397 0.22448713581307486 174
1717604839369 0.22478300414834418 175
1717604840326 0.25839433093299624 176
1717604841298 0.2707750492931675 177
1717604842254 0.2283875722660098 178
1717604843211 0.28385938288186635 179
1717604844176 0.24109363436168876 180
1717604845133 0.28252364292954707 181
1717604846105 0.2757586700384297 182
1717604847077 0.25476062446972064 183
1717604848050 0.28060087098640374 184
1717604849006 0.252400769912608 185
1717604849963 0.24069761698334957 186
1717604850943 0.23984474992293406 187
1717604851985 0.24115951058345234 188
1717604852973 0.27616647219991425 189
1717604854000 0.2796447781919187 190
1717604854967 0.28066105753434345 191
1717604855955 0.22598008358950084 192
1717604856911 0.2522382699254628 193
1717604857883 0.2723727821702324 194
1717604858857 0.2767080085904994 195
1717604859812 0.2364254945471461 196
1717604860768 0.20115100951779433 197
1717604861740 0.2868686256073778 198
1717604862666 0.22967006305577034 199
