1718516834450 1.0 0
1718516834817 1.0 1
1718516835217 1.0 2
1718516835553 1.0 3
1718516835900 1.0 4
1718516836266 1.0 5
1718516836600 1.0 6
1718516837116 1.0 7
1718516837450 1.0 8
1718516837751 0.3900414937759336 9
1718516838066 0.46473029045643155 10
1718516838399 1.0 11
1718516838716 1.0 12
1718516839052 1.0 13
1718516839368 1.0 14
1718516839682 1.0 15
1718516839999 1.0 16
1718516840452 1.0 17
1718516840798 1.0 18
1718516841131 1.0 19
1718516841482 1.0 20
1718516841861 1.0 21
1718516842197 1.0 22
1718516842515 1.0 23
1718516842865 1.0 24
1718516843182 1.0 25
1718516843515 1.0 26
1718516843855 1.0 27
1718516844185 1.0 28
1718516844501 1.0 29
1718516844818 1.0 30
1718516845134 1.0 31
1718516845468 1.0 32
1718516845784 1.0 33
1718516846101 1.0 34
1718516846417 1.0 35
1718516846751 1.0 36
1718516847065 1.0 37
1718516847384 1.0 38
1718516847718 1.0 39
1718516848036 1.0 40
1718516848364 1.0 41
1718516848697 1.0 42
1718516849014 1.0 43
1718516849480 1.0 44
1718516849864 1.0 45
1718516850214 1.0 46
1718516850539 1.0 47
1718516850863 1.0 48
1718516851197 1.0 49
