1718328460096 0.17142857142857143 0
1718328460412 0.08571428571428572 1
1718328460745 0.05714285714285714 2
1718328461104 0.05714285714285714 3
1718328461398 0.08571428571428572 4
1718328461710 0.08571428571428572 5
1718328462100 0.05714285714285714 6
1718328462485 0.05714285714285714 7
1718328462795 0.11428571428571428 8
1718328463150 0.14285714285714285 9
1718328463524 0.02857142857142857 10
1718328463829 0.2 11
1718328464132 0.17142857142857143 12
1718328464450 0.02857142857142857 13
1718328464763 0.14285714285714285 14
1718328465057 0.02857142857142857 15
1718328465345 0.08571428571428572 16
1718328465653 0.08571428571428572 17
1718328465961 0.11428571428571428 18
1718328466249 0.08571428571428572 19
1718328466539 0.14285714285714285 20
1718328466853 0.14285714285714285 21
1718328467152 0.2857142857142857 22
1718328467456 0.08571428571428572 23
1718328467768 0.08571428571428572 24
1718328468062 0.14285714285714285 25
1718328468446 0.08571428571428572 26
1718328468784 0.08571428571428572 27
1718328469099 0.02857142857142857 28
1718328469409 0.11428571428571428 29
1718328469721 0.08571428571428572 30
1718328470032 0.05714285714285714 31
1718328470342 0.05714285714285714 32
1718328470665 0.02857142857142857 33
1718328470976 0.14285714285714285 34
1718328471356 0.11428571428571428 35
1718328471747 0.08571428571428572 36
1718328472071 0.05714285714285714 37
1718328472406 0.05714285714285714 38
1718328472753 0.08571428571428572 39
1718328473062 0.14285714285714285 40
1718328473388 0.08571428571428572 41
1718328473715 0.17142857142857143 42
1718328474038 0.08571428571428572 43
1718328474357 0.17142857142857143 44
1718328474681 0.08571428571428572 45
1718328475001 0.11428571428571428 46
1718328475319 0.08571428571428572 47
1718328475647 0.05714285714285714 48
1718328475971 0.08571428571428572 49
