1718328391272 0.2571428571428571 0
1718328391612 0.2 1
1718328391977 0.2857142857142857 2
1718328392277 0.34285714285714286 3
1718328392624 0.42857142857142855 4
1718328392930 0.17142857142857143 5
1718328393255 0.2857142857142857 6
1718328393595 0.2571428571428571 7
1718328393917 0.22857142857142856 8
1718328394237 0.2571428571428571 9
1718328394558 0.2 10
1718328394862 0.2571428571428571 11
1718328395179 0.22857142857142856 12
1718328395504 0.17142857142857143 13
1718328395902 0.2857142857142857 14
1718328396219 0.2857142857142857 15
1718328396550 0.3142857142857143 16
1718328396857 0.34285714285714286 17
1718328397147 0.4 18
1718328397449 0.45714285714285713 19
1718328397749 0.4 20
1718328398077 0.3142857142857143 21
1718328398397 0.42857142857142855 22
1718328398744 0.2571428571428571 23
1718328399076 0.2571428571428571 24
1718328399382 0.37142857142857144 25
1718328399682 0.37142857142857144 26
1718328399970 0.34285714285714286 27
1718328400276 0.22857142857142856 28
1718328400574 0.2857142857142857 29
1718328400866 0.3142857142857143 30
1718328401166 0.2571428571428571 31
1718328401462 0.14285714285714285 32
1718328401753 0.2 33
1718328402060 0.22857142857142856 34
1718328402363 0.22857142857142856 35
1718328402672 0.14285714285714285 36
1718328402961 0.2857142857142857 37
1718328403256 0.37142857142857144 38
1718328403561 0.3142857142857143 39
1718328403851 0.2 40
1718328404139 0.2 41
1718328404652 0.3142857142857143 42
1718328404967 0.2 43
1718328405617 0.17142857142857143 44
1718328406162 0.2571428571428571 45
1718328406511 0.34285714285714286 46
1718328406832 0.3142857142857143 47
1718328407151 0.3142857142857143 48
1718328407479 0.2571428571428571 49
