1718546028138 nan 0
1718546028938 nan 1
1718546029737 nan 2
1718546030540 nan 3
1718546031354 nan 4
1718546032126 nan 5
1718546032903 nan 6
1718546033735 nan 7
1718546034490 nan 8
1718546035252 nan 9
1718546036036 nan 10
1718546036819 nan 11
1718546037619 nan 12
1718546038402 nan 13
1718546039202 nan 14
1718546039969 nan 15
1718546040835 nan 16
1718546041868 nan 17
1718546042802 nan 18
1718546043788 nan 19
1718546044801 nan 20
1718546045754 nan 21
1718546046701 nan 22
1718546047655 nan 23
1718546048638 nan 24
1718546049684 nan 25
1718546050633 nan 26
1718546051633 nan 27
1718546052683 nan 28
1718546053699 nan 29
1718546054663 nan 30
1718546055632 nan 31
1718546056599 nan 32
1718546057556 nan 33
1718546058482 nan 34
1718546059361 nan 35
1718546060115 nan 36
1718546060881 nan 37
1718546061646 nan 38
1718546062429 nan 39
1718546063198 nan 40
1718546063964 nan 41
1718546064757 nan 42
1718546065537 nan 43
1718546066283 nan 44
1718546067043 nan 45
1718546067847 nan 46
1718546068613 nan 47
1718546069396 nan 48
1718546070180 nan 49
