1718376144987 -0.20051097869873047 0
1718376145676 -0.22433018684387207 1
1718376146343 -0.10114240646362305 2
1718376147026 -0.3951699733734131 3
1718376147655 -0.3125607967376709 4
1718376148283 -0.1116018295288086 5
1718376148912 -0.10835456848144531 6
1718376149626 -0.09341549873352051 7
1718376150416 -0.07968330383300781 8
1718376151136 -0.06850957870483398 9
1718376151854 -0.059764862060546875 10
1718376152947 -0.05300092697143555 11
1718376153819 -0.04778432846069336 12
1718376154659 -0.04376053810119629 13
1718376155440 -0.04065132141113281 14
1718376156178 -0.03824448585510254 15
1718376156842 -0.036379337310791016 16
1718376157533 -0.03492927551269531 17
1718376158198 -0.03380107879638672 18
1718376158832 -0.03292036056518555 19
1718376159481 -0.03223276138305664 20
1718376160119 -0.0316925048828125 21
1718376160857 -0.03126811981201172 22
1718376161543 -0.030933380126953125 23
1718376162153 -0.13533782958984375 24
1718376162856 -0.13533759117126465 25
1718376163475 -0.13533782958984375 26
1718376164108 -0.13533806800842285 27
1718376164790 -0.13533759117126465 28
1718376165446 -0.13533782958984375 29
1718376166149 -0.13533782958984375 30
1718376166835 -0.13533782958984375 31
1718376167537 -0.13533782958984375 32
1718376168179 -0.13533782958984375 33
1718376168839 -0.13533782958984375 34
1718376169655 -0.13533782958984375 35
1718376170545 -0.13533782958984375 36
1718376171161 -0.13533782958984375 37
1718376171788 -0.15905284881591797 38
1718376172424 -0.1578505039215088 39
1718376173028 -0.1602332592010498 40
1718376173672 -0.16164326667785645 41
1718376174361 -0.16237759590148926 42
1718376174974 -0.16278839111328125 43
1718376175602 -0.334028959274292 44
1718376176213 -0.32358670234680176 45
1718376176831 -0.31035709381103516 46
1718376177449 -0.25419044494628906 47
1718376178065 -0.24864912033081055 48
1718376178693 -0.24782013893127441 49
