1718377450476 -0.07051968574523926 0
1718377451198 -0.07164633274078369 1
1718377451848 -0.07182693481445312 2
1718377452512 -0.07185840606689453 3
1718377453175 -0.07185900211334229 4
1718377453824 -0.0718545913696289 5
1718377454454 0.21815955638885498 6
1718377455110 0.03620028495788574 7
1718377455754 0.036200761795043945 8
1718377456426 0.036200523376464844 9
1718377457110 0.036200523376464844 10
1718377457782 0.036200761795043945 11
1718377458436 0.036200761795043945 12
1718377459130 0.036200761795043945 13
1718377459799 0.036200761795043945 14
1718377460454 0.036200761795043945 15
1718377461144 0.036200761795043945 16
1718377461798 0.036200761795043945 17
1718377462458 0.036200761795043945 18
1718377463122 0.036200761795043945 19
1718377463784 0.036200761795043945 20
1718377464456 0.036200761795043945 21
1718377465111 0.036200761795043945 22
1718377465753 0.036200761795043945 23
1718377466414 0.036200761795043945 24
1718377467167 0.036200761795043945 25
1718377467826 0.036200523376464844 26
1718377468472 0.036200761795043945 27
1718377469133 0.036200761795043945 28
1718377469785 0.036200761795043945 29
1718377470460 0.036200761795043945 30
1718377471131 0.036200523376464844 31
1718377471766 0.036200761795043945 32
1718377472419 0.036200523376464844 33
1718377473084 0.03620028495788574 34
1718377473733 0.036200523376464844 35
1718377474367 0.036200761795043945 36
1718377475326 0.036200761795043945 37
1718377475947 0.036200523376464844 38
1718377476602 0.036200761795043945 39
1718377477272 0.036200761795043945 40
1718377477950 0.03620100021362305 41
1718377478628 0.036200523376464844 42
1718377479313 0.03620123863220215 43
1718377480092 0.036200523376464844 44
1718377480774 0.03620100021362305 45
1718377481597 0.036200761795043945 46
1718377482760 0.036200523376464844 47
1718377483504 0.036200761795043945 48
1718377484171 0.036200761795043945 49
