1718361614713 0.0 0
1718361617063 0.0 1
1718361619660 0.0 2
1718361622064 0.0 3
1718361624624 0.0 4
1718361626947 0.0 5
1718361629438 0.0 6
1718361631755 0.0 7
1718361634076 0.0 8
1718361636630 0.0 9
1718361638948 0.0 10
1718361641442 0.0 11
1718361643862 0.0 12
1718361646271 0.0 13
1718361648566 0.0 14
1718361651037 0.0 15
1718361653520 0.0 16
1718361655915 0.0 17
1718361658278 0.0 18
1718361660504 0.0 19
1718361663055 0.0 20
1718361665841 0.0 21
1718361668053 0.0 22
1718361670579 0.0 23
1718361672784 0.0 24
1718361675279 0.0 25
1718361677593 0.0 26
1718361680060 0.0 27
1718361682480 0.0 28
1718361684892 0.0 29
1718361687394 0.0 30
1718361689662 0.0 31
1718361692142 0.0 32
1718361694390 0.0 33
1718361696862 0.0 34
1718361699214 0.0 35
1718361701650 0.0 36
1718361704153 0.0 37
1718361706568 0.0 38
1718361709204 0.0 39
1718361711472 0.0 40
1718361714090 0.0 41
1718361716490 0.0 42
1718361718949 0.0 43
1718361721390 0.0 44
1718361723946 0.0 45
1718361726653 0.0 46
1718361728940 0.0 47
1718361731463 0.0 48
1718361733866 0.0 49
