1718453406798 0.09402985074626866 0
1718453407131 0.09402985074626866 1
1718453407481 0.09402985074626866 2
1718453407781 0.09402985074626866 3
1718453408098 0.09402985074626866 4
1718453408481 0.09402985074626866 5
1718453408781 0.09402985074626866 6
1718453409101 0.09402985074626866 7
1718453409397 0.09402985074626866 8
1718453409731 0.09402985074626866 9
1718453410051 0.09402985074626866 10
1718453410364 0.09402985074626866 11
1718453410680 0.09402985074626866 12
1718453411002 0.09402985074626866 13
1718453411330 0.09402985074626866 14
1718453411651 0.09402985074626866 15
1718453411982 0.09402985074626866 16
1718453412315 0.09402985074626866 17
1718453412646 0.09402985074626866 18
1718453413236 0.09402985074626866 19
1718453413552 0.09402985074626866 20
1718453413880 0.09402985074626866 21
1718453414196 0.09402985074626866 22
1718453414535 0.09402985074626866 23
1718453414865 0.09402985074626866 24
1718453415196 0.09402985074626866 25
1718453415545 0.09402985074626866 26
1718453415863 0.09402985074626866 27
1718453416179 0.09402985074626866 28
1718453416497 0.09402985074626866 29
1718453416829 0.09402985074626866 30
1718453417146 0.09402985074626866 31
1718453417465 0.09402985074626866 32
1718453417783 0.09402985074626866 33
1718453418113 0.09402985074626866 34
1718453418429 0.09402985074626866 35
1718453418746 0.09402985074626866 36
1718453419064 0.09402985074626866 37
1718453419379 0.09402985074626866 38
1718453419645 0.09402985074626866 39
1718453419929 0.09402985074626866 40
1718453420212 0.09402985074626866 41
1718453420495 0.09402985074626866 42
1718453420779 0.09402985074626866 43
1718453421079 0.09402985074626866 44
1718453421362 0.09402985074626866 45
1718453421645 0.09402985074626866 46
1718453421928 0.09402985074626866 47
1718453422211 0.09402985074626866 48
1718453422478 0.09402985074626866 49
