1718445520695 0.0 0
1718445521350 0.0 1
1718445522000 0.0 2
1718445522607 0.0 3
1718445523233 0.0 4
1718445523853 0.0 5
1718445524468 0.0 6
1718445525082 0.0 7
1718445525699 0.0 8
1718445526319 0.0 9
1718445526937 0.0 10
1718445527586 0.0 11
1718445528232 0.0 12
1718445528932 0.0 13
1718445529582 0.0 14
1718445530252 0.0 15
1718445530901 0.0 16
1718445531568 0.0 17
1718445532223 0.0 18
1718445532864 0.0 19
1718445533532 0.0 20
1718445534181 0.0 21
1718445534834 0.0 22
1718445535480 0.0 23
1718445536097 0.0 24
1718445536713 0.0 25
1718445537347 0.0 26
1718445538013 0.0 27
1718445538613 0.0 28
1718445539246 0.0 29
1718445539867 0.0 30
1718445540479 0.0 31
1718445541112 0.0 32
1718445541728 0.0 33
1718445542496 0.0 34
1718445543329 0.0 35
1718445544149 0.0 36
1718445544928 0.0 37
1718445545695 0.0 38
1718445546478 0.0 39
1718445547266 0.0 40
1718445548078 0.0 41
1718445549078 0.0 42
1718445549894 0.0 43
1718445550661 0.0 44
1718445551444 0.0 45
1718445552244 0.0 46
1718445553043 0.0 47
1718445553827 0.0 48
1718445554627 0.0 49
