1718435078558 0.11343283582089553 0
1718435078788 0.08358208955223881 1
1718435079022 0.11641791044776119 2
1718435079526 0.10149253731343283 3
1718435079788 0.11343283582089553 4
1718435080038 0.08059701492537313 5
1718435080291 0.11343283582089553 6
1718435080538 0.13134328358208955 7
1718435080771 0.09402985074626866 8
1718435081005 0.11641791044776119 9
1718435081225 0.10895522388059702 10
1718435081488 0.11343283582089553 11
1718435081721 0.1 12
1718435081938 0.14925373134328357 13
1718435082176 0.0955223880597015 14
1718435082421 0.11641791044776119 15
1718435082671 0.11641791044776119 16
1718435082887 0.11641791044776119 17
1718435083121 0.16119402985074627 18
1718435083337 0.11641791044776119 19
1718435083571 0.10895522388059702 20
1718435083804 0.11343283582089553 21
1718435084020 0.11641791044776119 22
1718435084253 0.11343283582089553 23
1718435084508 0.19402985074626866 24
1718435084802 0.08059701492537313 25
1718435085042 0.1626865671641791 26
1718435085287 0.11343283582089553 27
1718435085558 0.09253731343283582 28
1718435085804 0.11641791044776119 29
1718435086057 0.06716417910447761 30
1718435086308 0.10895522388059702 31
1718435086570 0.11641791044776119 32
1718435086804 0.13582089552238805 33
1718435087058 0.11641791044776119 34
1718435087304 0.11343283582089553 35
1718435087537 0.11641791044776119 36
1718435087753 0.09402985074626866 37
1718435088056 0.11343283582089553 38
1718435088321 0.09701492537313433 39
1718435088574 0.10895522388059702 40
1718435088802 0.11641791044776119 41
1718435089023 0.11641791044776119 42
1718435089256 0.1044776119402985 43
1718435089503 0.12238805970149254 44
1718435089736 0.11641791044776119 45
1718435089986 0.09402985074626866 46
1718435090252 0.11641791044776119 47
1718435090504 0.10895522388059702 48
1718435090737 0.1 49
