1718387178452 0.7643073797225952 0
1718387178691 0.8036688566207886 1
1718387178911 0.7634695768356323 2
1718387179144 0.7990971207618713 3
1718387179373 0.9420525431632996 4
1718387179612 0.9777091145515442 5
1718387179847 0.7344121932983398 6
1718387180090 0.7044599056243896 7
1718387180320 0.7072969079017639 8
1718387180554 0.7498955130577087 9
1718387180834 0.7745304107666016 10
1718387181077 0.7021640539169312 11
1718387181323 0.6481440663337708 12
1718387181565 0.6276002526283264 13
1718387181866 0.6376380920410156 14
1718387182174 0.6779167056083679 15
1718387182419 0.6401486396789551 16
1718387182673 0.7161211371421814 17
1718387182954 0.6635847091674805 18
1718387183210 0.6219344735145569 19
1718387183470 0.6280789375305176 20
1718387183714 0.60623699426651 21
1718387183944 0.5787807106971741 22
1718387184200 0.5870916247367859 23
1718387184425 0.5851761102676392 24
1718387184659 0.6866087913513184 25
1718387184882 0.8380037546157837 26
1718387185108 0.7929447889328003 27
1718387185341 0.8940478563308716 28
1718387185599 0.7111255526542664 29
1718387185839 0.5703945755958557 30
1718387186085 0.6410594582557678 31
1718387186313 0.6966162919998169 32
1718387186579 0.6268559694290161 33
1718387186854 0.6308920383453369 34
1718387187131 0.5568122863769531 35
1718387187369 0.5845956206321716 36
1718387187605 0.6287393569946289 37
1718387187834 0.5929867625236511 38
1718387188066 0.5548645257949829 39
1718387188289 0.5618777871131897 40
1718387188539 0.5736457109451294 41
1718387188777 0.5336489677429199 42
1718387189205 0.5272753238677979 43
1718387189412 0.5974526405334473 44
1718387189644 0.627953052520752 45
1718387189879 0.6311655044555664 46
1718387190112 0.5652064681053162 47
1718387190349 0.6003930568695068 48
1718387190581 0.5495338439941406 49
