1718531660366 0.10242424242424242 0
1718531661215 0.10242424242424242 1
1718531662082 0.10242424242424242 2
1718531662959 0.10242424242424242 3
1718531663819 0.10242424242424242 4
1718531664854 0.10242424242424242 5
1718531665682 0.10242424242424242 6
1718531666538 0.10242424242424242 7
1718531667397 0.10242424242424242 8
1718531668217 0.10242424242424242 9
1718531669064 0.10242424242424242 10
1718531669918 0.10242424242424242 11
1718531670780 0.10242424242424242 12
1718531671763 0.10242424242424242 13
1718531672630 0.10242424242424242 14
1718531673496 0.10242424242424242 15
1718531674378 0.10242424242424242 16
1718531675285 0.10242424242424242 17
1718531676150 0.10242424242424242 18
1718531676979 0.10242424242424242 19
1718531677812 0.10242424242424242 20
1718531678677 0.10242424242424242 21
1718531679535 0.10242424242424242 22
1718531680395 0.10242424242424242 23
1718531681264 0.10242424242424242 24
1718531682111 0.10242424242424242 25
1718531682994 0.10242424242424242 26
1718531683909 0.10242424242424242 27
1718531684777 0.10242424242424242 28
1718531685611 0.10242424242424242 29
1718531686532 0.10242424242424242 30
1718531687380 0.10242424242424242 31
1718531688263 0.10242424242424242 32
1718531689097 0.10242424242424242 33
1718531689946 0.10242424242424242 34
1718531690776 0.10242424242424242 35
1718531691708 0.10242424242424242 36
1718531692559 0.10242424242424242 37
1718531693396 0.10242424242424242 38
1718531694263 0.10242424242424242 39
1718531695142 0.10242424242424242 40
1718531696017 0.10242424242424242 41
1718531696842 0.10242424242424242 42
1718531697713 0.10242424242424242 43
1718531698528 0.10242424242424242 44
1718531699408 0.10242424242424242 45
1718531700423 0.10242424242424242 46
1718531701261 0.10242424242424242 47
1718531702102 0.10242424242424242 48
1718531703224 0.10242424242424242 49
