1718531660386 0.10242424242424242 0
1718531661232 0.10242424242424242 1
1718531662098 0.10242424242424242 2
1718531662982 0.10242424242424242 3
1718531663831 0.10242424242424242 4
1718531664868 0.10242424242424242 5
1718531665715 0.10242424242424242 6
1718531666548 0.10242424242424242 7
1718531667414 0.10242424242424242 8
1718531668244 0.10242424242424242 9
1718531669080 0.10242424242424242 10
1718531669947 0.10242424242424242 11
1718531670813 0.10242424242424242 12
1718531671780 0.10242424242424242 13
1718531672646 0.10242424242424242 14
1718531673513 0.10242424242424242 15
1718531674396 0.10242424242424242 16
1718531675296 0.10242424242424242 17
1718531676179 0.10242424242424242 18
1718531676999 0.10242424242424242 19
1718531677842 0.10242424242424242 20
1718531678695 0.10242424242424242 21
1718531679545 0.10242424242424242 22
1718531680412 0.10242424242424242 23
1718531681278 0.10242424242424242 24
1718531682131 0.10242424242424242 25
1718531683027 0.10242424242424242 26
1718531683927 0.10242424242424242 27
1718531684794 0.10242424242424242 28
1718531685644 0.10242424242424242 29
1718531686544 0.10242424242424242 30
1718531687410 0.10242424242424242 31
1718531688277 0.10242424242424242 32
1718531689110 0.10242424242424242 33
1718531689960 0.10242424242424242 34
1718531690793 0.10242424242424242 35
1718531691726 0.10242424242424242 36
1718531692576 0.10242424242424242 37
1718531693422 0.10242424242424242 38
1718531694275 0.10242424242424242 39
1718531695159 0.10242424242424242 40
1718531696025 0.10242424242424242 41
1718531696875 0.10242424242424242 42
1718531697727 0.10242424242424242 43
1718531698556 0.10242424242424242 44
1718531699425 0.10242424242424242 45
1718531700444 0.10242424242424242 46
1718531701293 0.10242424242424242 47
1718531702124 0.10242424242424242 48
1718531703257 0.10242424242424242 49
