1718389850287 0.826865671641791 0
1718389850543 0.7492537313432835 1
1718389850785 0.7850746268656716 2
1718389851024 0.7671641791044777 3
1718389851270 0.7850746268656716 4
1718389851595 0.8388059701492537 5
1718389851840 0.7582089552238805 6
1718389852073 0.7253731343283583 7
1718389852320 0.7194029850746269 8
1718389852559 0.7970149253731343 9
1718389852788 0.8149253731343283 10
1718389853017 0.8298507462686567 11
1718389853248 0.7791044776119403 12
1718389853499 0.7522388059701492 13
1718389853731 0.7074626865671642 14
1718389853963 0.7910447761194029 15
1718389854192 0.8029850746268656 16
1718389854429 0.8238805970149253 17
1718389854658 0.7432835820895523 18
1718389854883 0.7402985074626866 19
1718389855114 0.755223880597015 20
1718389855354 0.7910447761194029 21
1718389855583 0.808955223880597 22
1718389855814 0.8149253731343283 23
1718389856053 0.7761194029850746 24
1718389856292 0.7402985074626866 25
1718389856545 0.7761194029850746 26
1718389856778 0.8029850746268656 27
1718389857017 0.8477611940298507 28
1718389857252 0.8029850746268656 29
1718389857511 0.808955223880597 30
1718389857742 0.8 31
1718389857979 0.7671641791044777 32
1718389858222 0.817910447761194 33
1718389858461 0.8029850746268656 34
1718389858700 0.7970149253731343 35
1718389858948 0.7761194029850746 36
1718389859195 0.7104477611940299 37
1718389859440 0.6925373134328359 38
1718389859851 0.7432835820895523 39
1718389860107 0.6985074626865672 40
1718389860343 0.7522388059701492 41
1718389860594 0.7820895522388059 42
1718389860822 0.6895522388059702 43
1718389861064 0.7194029850746269 44
1718389861309 0.7343283582089553 45
1718389861560 0.7582089552238805 46
1718389861790 0.8149253731343283 47
1718389862020 0.8059701492537313 48
1718389862292 0.808955223880597 49
