1718538475341 0.1676846196557468 0
1718538475808 0.1676846196557468 1
1718538476257 0.1676846196557468 2
1718538476724 0.1676846196557468 3
1718538477200 0.1676846196557468 4
1718538477657 0.1676846196557468 5
1718538478160 0.1676846196557468 6
1718538478640 0.1676846196557468 7
1718538479104 0.1676846196557468 8
1718538479560 0.1676846196557468 9
1718538480023 0.1676846196557468 10
1718538480510 0.1676846196557468 11
1718538480943 0.1676846196557468 12
1718538481376 0.1676846196557468 13
1718538481809 0.1676846196557468 14
1718538482340 0.1676846196557468 15
1718538482956 0.1676846196557468 16
1718538483606 0.1676846196557468 17
1718538484222 0.1676846196557468 18
1718538484791 0.1676846196557468 19
1718538485356 0.1676846196557468 20
1718538485920 0.1676846196557468 21
1718538486472 0.1676846196557468 22
1718538487039 0.1676846196557468 23
1718538487605 0.1676846196557468 24
1718538488172 0.1676846196557468 25
1718538488773 0.1676846196557468 26
1718538489338 0.1858163826278175 27
1718538489905 0.1676846196557468 28
1718538490454 0.1676846196557468 29
1718538491041 0.1676846196557468 30
1718538491604 0.1676846196557468 31
1718538492221 0.1676846196557468 32
1718538492804 0.1676846196557468 33
1718538493389 0.1676846196557468 34
1718538493987 0.1676846196557468 35
1718538494620 0.1676846196557468 36
1718538495204 0.1676846196557468 37
1718538495754 0.1676846196557468 38
1718538496356 0.1676846196557468 39
1718538496889 0.19573537452159653 40
1718538497403 0.1676846196557468 41
1718538497903 0.1676846196557468 42
1718538498420 0.1676846196557468 43
1718538498953 0.1676846196557468 44
1718538499403 0.1676846196557468 45
1718538499873 0.1676846196557468 46
1718538500336 0.1676846196557468 47
1718538500786 0.1676846196557468 48
1718538501236 0.1676846196557468 49
