1718523144775 5.529944800618869 0
1718523145620 6.03299229225116 1
1718523146411 4.645969427788436 2
1718523147324 7.641117564777829 3
1718523148158 5.722009901680163 4
1718523149022 5.570714205058653 5
1718523149841 5.757503576243102 6
1718523150704 5.475515071580659 7
1718523151507 5.346537541097669 8
1718523152340 5.505791549362353 9
1718523153160 7.06584900884486 10
1718523154007 5.368823603907628 11
1718523154823 5.169903325500773 12
1718523155626 5.055513852567815 13
1718523156495 5.892557504906583 14
1718523157326 5.379535367239767 15
1718523158206 5.0865238308906555 16
1718523159089 5.610106083884168 17
1718523159957 5.388542680153206 18
1718523160788 5.53551133933352 19
1718523161601 6.11032281704803 20
1718523162421 4.818697030419734 21
1718523163273 6.064402729717653 22
1718523164091 6.195803385172317 23
1718523164988 4.404307610063411 24
1718523165887 4.706745961708809 25
1718523166720 6.395722484410698 26
1718523167554 6.188475416222615 27
1718523168353 5.720212694424302 28
1718523169241 5.559658990867102 29
1718523170053 4.497385096194139 30
1718523170886 5.190245351239817 31
1718523171756 5.7601270657866745 32
1718523172586 5.72208691488451 33
1718523173436 6.719994121967857 34
1718523174236 6.183201731140934 35
1718523175069 5.766579914893677 36
1718523175902 5.998669911676378 37
1718523176802 4.834632349548055 38
1718523177668 4.401089599328254 39
1718523178552 6.312789215970395 40
1718523179385 6.8216830225133185 41
1718523180268 4.443103380612473 42
1718523181088 5.265913151093383 43
1718523181884 4.799699475516134 44
1718523182857 5.534825909048764 45
1718523183900 4.706700397516364 46
1718523184917 6.6181301434538256 47
1718523185949 5.240771274513273 48
1718523186970 5.9765257862076835 49
