1718431037650 0.0 0
1718431042733 0.0 1
1718431047132 0.0 2
1718431051447 0.0 3
1718431055747 0.0 4
1718431060079 0.0 5
1718431064495 0.0 6
1718431069047 0.0 7
1718431073544 0.0 8
1718431078160 0.0 9
1718431083079 0.0 10
1718431088474 0.0 11
1718431093806 0.0 12
1718431099072 0.0 13
1718431103887 0.0 14
1718431108170 0.0 15
1718431112485 0.0 16
1718431116818 0.0 17
1718431121186 0.0 18
1718431125553 0.0 19
1718431129835 0.0 20
1718431134122 0.0 21
1718431138397 0.0 22
1718431142963 0.0 23
1718431147995 0.0 24
1718431153179 0.0 25
1718431158386 0.0 26
1718431163442 0.0 27
1718431167808 0.0 28
1718431172107 0.0 29
1718431176406 0.0 30
1718431180672 0.0 31
1718431184988 0.0 32
1718431189370 0.0 33
1718431193686 0.0 34
1718431198052 0.0 35
1718431202485 0.0 36
1718431207850 0.0 37
1718431213028 0.0 38
1718431218031 0.0 39
1718431223031 0.0 40
1718431227328 0.0 41
1718431231629 0.0 42
1718431235911 0.0 43
1718431240227 0.0 44
1718431244493 0.0 45
1718431248787 0.0 46
1718431253076 0.0 47
1718431257440 0.0 48
1718431261739 0.0 49
