1718400285127 0.0 0
1718400285811 0.0 1
1718400286444 0.0 2
1718400287078 0.0 3
1718400287712 0.0 4
1718400288346 0.0 5
1718400288963 0.0 6
1718400289580 0.0 7
1718400290197 0.0 8
1718400290831 0.0 9
1718400291515 0.0 10
1718400292182 0.0 11
1718400292833 0.0 12
1718400293517 0.0 13
1718400294168 0.0 14
1718400294868 0.0 15
1718400295518 0.0 16
1718400296202 0.0 17
1718400296852 0.0 18
1718400297520 0.0 19
1718400298153 0.0 20
1718400298804 0.0 21
1718400299504 0.0 22
1718400300155 0.0 23
1718400300832 0.0 24
1718400301484 0.0 25
1718400302113 0.0 26
1718400302946 0.0 27
1718400303720 0.0 28
1718400304501 0.0 29
1718400305252 0.0 30
1718400306017 0.0 31
1718400306770 0.0 32
1718400307501 0.0 33
1718400308263 0.0 34
1718400309033 0.0 35
1718400309795 0.0 36
1718400310515 0.18181818181818182 37
1718400311268 0.0 38
1718400311997 0.0 39
1718400312781 0.0 40
1718400313520 0.0 41
1718400314265 0.0 42
1718400315016 0.0 43
1718400315782 0.0 44
1718400316567 0.0 45
1718400317301 0.0 46
1718400318051 0.0 47
1718400318769 0.0 48
1718400319536 0.0 49
