1718575062018 0.1890909090909091 0
1718575062573 0.2012121212121212 1
1718575063117 0.20484848484848484 2
1718575063641 0.20303030303030303 3
1718575064174 0.19515151515151516 4
1718575064675 0.2412121212121212 5
1718575065218 0.13757575757575757 6
1718575065746 0.10242424242424242 7
1718575066286 0.2 8
1718575066899 0.18606060606060607 9
1718575067423 0.20606060606060606 10
1718575067992 0.10242424242424242 11
1718575068499 0.1993939393939394 12
1718575069010 0.16666666666666666 13
1718575069573 0.10242424242424242 14
1718575070110 0.10848484848484849 15
1718575070691 0.10242424242424242 16
1718575071333 0.11515151515151516 17
1718575072228 0.12303030303030303 18
1718575072900 0.16484848484848486 19
1718575073595 0.11272727272727273 20
1718575074253 0.20545454545454545 21
1718575074848 0.18848484848484848 22
1718575075448 0.13818181818181818 23
1718575075994 0.1290909090909091 24
1718575076553 0.10848484848484849 25
1718575077080 0.1715151515151515 26
1718575077597 0.10242424242424242 27
1718575078109 0.19151515151515153 28
1718575078641 0.10242424242424242 29
1718575079203 0.15878787878787878 30
1718575079736 0.17757575757575758 31
1718575080268 0.10242424242424242 32
1718575080765 0.10242424242424242 33
1718575081269 0.1890909090909091 34
1718575081796 0.18484848484848485 35
1718575082440 0.10242424242424242 36
1718575083305 0.10242424242424242 37
1718575084222 0.10848484848484849 38
1718575084957 0.10242424242424242 39
1718575085629 0.10242424242424242 40
1718575086361 0.10242424242424242 41
1718575087244 0.18545454545454546 42
1718575087951 0.10242424242424242 43
1718575088660 0.16242424242424242 44
1718575089369 0.19818181818181818 45
1718575090140 0.2006060606060606 46
1718575090878 0.10242424242424242 47
1718575091616 0.10242424242424242 48
1718575092340 0.19515151515151516 49
