1718400688145 0.01822042465209961 0
1718400688443 -0.30636119842529297 1
1718400688728 0.006789207458496094 2
1718400689062 0.016115427017211914 3
1718400689379 0.01670384407043457 4
1718400689662 0.016946792602539062 5
1718400689979 -0.0399782657623291 6
1718400690296 -0.020162582397460938 7
1718400690613 -0.1170816421508789 8
1718400690928 -0.07650136947631836 9
1718400691196 0.032598018646240234 10
1718400691497 -0.024309873580932617 11
1718400691763 0.00494694709777832 12
1718400692063 0.016530275344848633 13
1718400692347 -0.1585221290588379 14
1718400692631 -0.0020678043365478516 15
1718400692931 -0.030941486358642578 16
1718400693231 -0.3486595153808594 17
1718400693515 0.06638026237487793 18
1718400693815 0.0029594898223876953 19
1718400694099 0.009531259536743164 20
1718400694399 0.0068356990814208984 21
1718400694698 -0.005747795104980469 22
1718400694999 -0.003223896026611328 23
1718400695283 -0.00877237319946289 24
1718400695600 0.08100318908691406 25
1718400695917 -0.0022487640380859375 26
1718400696216 0.1388564109802246 27
1718400696500 -0.09480476379394531 28
1718400696804 -0.011211872100830078 29
1718400697101 0.0024886131286621094 30
1718400697401 -0.0027446746826171875 31
1718400697685 -0.0559995174407959 32
1718400698018 0.0033299922943115234 33
1718400698319 0.008173227310180664 34
1718400698619 0.026678800582885742 35
1718400698920 -0.07176971435546875 36
1718400699202 -0.005733966827392578 37
1718400699503 0.03287339210510254 38
1718400699803 0.005822658538818359 39
1718400700086 -0.17023801803588867 40
1718400700387 0.013356924057006836 41
1718400700670 0.005929470062255859 42
1718400700970 0.029691219329833984 43
1718400701271 -0.37801480293273926 44
1718400701603 0.013706445693969727 45
1718400701904 0.015517473220825195 46
1718400702188 -0.0009343624114990234 47
1718400702471 0.0006535053253173828 48
1718400702755 0.0950460433959961 49
