1717605329440 0.19636363636363635 0
1717605329792 0.27090909090909093 1
1717605330135 0.3418181818181818 2
1717605330490 0.32666666666666666 3
1717605330823 0.36363636363636365 4
1717605331162 0.4260606060606061 5
1717605331509 0.2696969696969697 6
1717605331837 0.32666666666666666 7
1717605332372 0.44242424242424244 8
1717605332777 0.5412121212121213 9
1717605333172 0.4806060606060606 10
1717605333578 0.5430303030303031 11
1717605334081 0.5496969696969697 12
1717605334488 0.6242424242424243 13
1717605334841 0.5987878787878788 14
1717605335227 0.5533333333333333 15
1717605335594 0.5109090909090909 16
1717605335960 0.516969696969697 17
1717605336360 0.4727272727272727 18
1717605336747 0.503030303030303 19
1717605337312 0.3896969696969697 20
1717605337694 0.6436363636363637 21
1717605338079 0.4224242424242424 22
1717605338460 0.5187878787878788 23
1717605338826 0.5909090909090909 24
1717605339219 0.6442424242424243 25
1717605339580 0.6945454545454546 26
1717605339910 0.7278787878787879 27
1717605340275 0.7327272727272728 28
1717605340610 0.7333333333333333 29
1717605340959 0.7206060606060606 30
1717605341310 0.7296969696969697 31
1717605341626 0.7442424242424243 32
1717605342109 0.72 33
1717605342459 0.7587878787878788 34
1717605342809 0.7509090909090909 35
1717605343145 0.6587878787878788 36
1717605343480 0.6466666666666666 37
1717605343838 0.7103030303030303 38
1717605344176 0.6648484848484848 39
1717605344506 0.6812121212121212 40
1717605344853 0.6909090909090909 41
1717605345172 0.730909090909091 42
1717605345509 0.7472727272727273 43
1717605345840 0.7369696969696969 44
1717605346293 0.7551515151515151 45
1717605346622 0.6781818181818182 46
1717605346953 0.7848484848484848 47
1717605347297 0.7606060606060606 48
1717605347625 0.7703030303030303 49
1717605348018 0.6872727272727273 50
1717605348352 0.706060606060606 51
1717605348677 0.7684848484848484 52
1717605349005 0.7987878787878788 53
1717605349382 0.7466666666666667 54
1717605349726 0.7648484848484849 55
1717605350054 0.8248484848484848 56
1717605350401 0.7733333333333333 57
1717605350746 0.7884848484848485 58
1717605351074 0.756969696969697 59
1717605351418 0.7606060606060606 60
1717605351756 0.7903030303030303 61
1717605352115 0.8054545454545454 62
1717605352457 0.7454545454545455 63
1717605352767 0.7636363636363637 64
1717605353128 0.7387878787878788 65
1717605353584 0.8018181818181818 66
1717605353921 0.8090909090909091 67
1717605354260 0.8127272727272727 68
1717605354601 0.7866666666666666 69
1717605354920 0.7824242424242425 70
1717605355265 0.813939393939394 71
1717605355590 0.7648484848484849 72
1717605355922 0.6793939393939394 73
1717605356267 0.7515151515151515 74
1717605356593 0.8133333333333334 75
1717605356938 0.8072727272727273 76
1717605357268 0.8266666666666667 77
1717605357612 0.8193939393939393 78
1717605357952 0.8224242424242424 79
1717605358287 0.8042424242424242 80
1717605358631 0.7793939393939394 81
1717605359210 0.7915151515151515 82
1717605359557 0.7672727272727272 83
1717605359887 0.7793939393939394 84
1717605360230 0.7496969696969698 85
1717605360570 0.8121212121212121 86
1717605360889 0.7793939393939394 87
1717605361218 0.8248484848484848 88
1717605361572 0.8272727272727273 89
1717605361892 0.8303030303030303 90
1717605362238 0.7963636363636364 91
1717605362574 0.7975757575757576 92
1717605362897 0.8 93
1717605363238 0.8036363636363636 94
1717605363571 0.7848484848484848 95
1717605364031 0.7757575757575758 96
1717605364367 0.8121212121212121 97
1717605364681 0.806060606060606 98
1717605365031 0.7963636363636364 99
1717605365369 0.8151515151515152 100
1717605365686 0.8072727272727273 101
1717605366017 0.8236363636363636 102
1717605366346 0.8333333333333334 103
1717605366690 0.796969696969697 104
1717605367018 0.8357575757575758 105
1717605367519 0.8424242424242424 106
1717605368010 0.8333333333333334 107
1717605368382 0.8145454545454546 108
1717605368712 0.8206060606060606 109
1717605369059 0.7878787878787878 110
1717605369386 0.8072727272727273 111
1717605369731 0.8066666666666666 112
1717605370078 0.8296969696969697 113
1717605370406 0.8248484848484848 114
1717605370735 0.8333333333333334 115
1717605371063 0.8321212121212122 116
1717605371409 0.793939393939394 117
1717605371738 0.826060606060606 118
1717605372063 0.7812121212121212 119
1717605372537 0.8109090909090909 120
1717605372867 0.82 121
1717605373205 0.8157575757575758 122
1717605373539 0.7587878787878788 123
1717605373866 0.7757575757575758 124
1717605374189 0.7642424242424243 125
1717605374548 0.8333333333333334 126
1717605374861 0.8133333333333334 127
1717605375221 0.8296969696969697 128
1717605375563 0.8084848484848485 129
1717605375892 0.826060606060606 130
1717605376361 0.8290909090909091 131
1717605376693 0.84 132
1717605377029 0.7987878787878788 133
1717605377350 0.7636363636363637 134
1717605377696 0.8151515151515152 135
1717605378033 0.8248484848484848 136
1717605378369 0.8290909090909091 137
1717605378715 0.8242424242424242 138
1717605379033 0.8284848484848485 139
1717605379397 0.8242424242424242 140
1717605379733 0.8236363636363636 141
1717605380080 0.8284848484848485 142
1717605380407 0.8236363636363636 143
1717605380862 0.8193939393939393 144
1717605381199 0.8133333333333334 145
1717605381521 0.776969696969697 146
1717605381849 0.7672727272727272 147
1717605382174 0.7878787878787878 148
1717605382509 0.8303030303030303 149
1717605382847 0.8321212121212122 150
1717605383174 0.8 151
1717605383511 0.833939393939394 152
1717605383856 0.8321212121212122 153
1717605384189 0.816969696969697 154
1717605384656 0.8309090909090909 155
1717605384984 0.8272727272727273 156
1717605385317 0.803030303030303 157
1717605385659 0.8066666666666666 158
1717605385988 0.8084848484848485 159
1717605386406 0.8242424242424242 160
1717605386742 0.8357575757575758 161
1717605387092 0.8436363636363636 162
1717605387415 0.8254545454545454 163
1717605387761 0.8345454545454546 164
1717605388111 0.8290909090909091 165
1717605388481 0.8412121212121212 166
1717605388825 0.7818181818181819 167
1717605389281 0.84 168
1717605389627 0.8090909090909091 169
1717605389956 0.843030303030303 170
1717605390301 0.8236363636363636 171
1717605390646 0.8254545454545454 172
1717605391049 0.8212121212121212 173
1717605391366 0.8309090909090909 174
1717605391714 0.8278787878787879 175
1717605392049 0.8369696969696969 176
1717605392395 0.8175757575757576 177
1717605392729 0.8096969696969697 178
1717605393190 0.8303030303030303 179
1717605393517 0.84 180
1717605393928 0.82 181
1717605394268 0.8254545454545454 182
1717605394625 0.8290909090909091 183
1717605394954 0.8315151515151515 184
1717605395301 0.833939393939394 185
1717605395631 0.8296969696969697 186
1717605395976 0.826060606060606 187
1717605396304 0.7612121212121212 188
1717605396650 0.8266666666666667 189
1717605396978 0.8266666666666667 190
1717605397324 0.8236363636363636 191
1717605397795 0.8290909090909091 192
1717605398128 0.8084848484848485 193
1717605398467 0.8333333333333334 194
1717605398824 0.8369696969696969 195
1717605399145 0.8436363636363636 196
1717605399472 0.8157575757575758 197
1717605399829 0.7781818181818182 198
1717605400176 0.8187878787878788 199
