1718386120784 2.203885078430176 0
1718386121096 2.2037041187286377 1
1718386121416 2.203550100326538 2
1718386121771 2.2034177780151367 3
1718386122081 2.203303575515747 4
1718386122393 2.203202962875366 5
1718386122718 2.2031147480010986 6
1718386123032 2.2030375003814697 7
1718386123348 2.2029688358306885 8
1718386123671 2.2029078006744385 9
1718386123985 2.2028539180755615 10
1718386124300 2.202805757522583 11
1718386124622 2.2027628421783447 12
1718386124942 2.2027242183685303 13
1718386125255 2.2026898860931396 14
1718386125583 2.2026588916778564 15
1718386125896 2.2026312351226807 16
1718386126212 2.202606439590454 17
1718386126532 2.2025837898254395 18
1718386126863 2.202563524246216 19
1718386127186 2.202545404434204 20
1718386127518 2.202528953552246 21
1718386127873 2.2025136947631836 22
1718386128196 2.202500343322754 23
1718386128518 2.2024881839752197 24
1718386128850 2.2024765014648438 25
1718386129201 2.2024667263031006 26
1718386129524 2.2024569511413574 27
1718386129865 2.202448606491089 28
1718386130183 2.2024405002593994 29
1718386130502 2.2024333477020264 30
1718386130852 2.2024261951446533 31
1718386131189 2.202420234680176 32
1718386131517 2.2024145126342773 33
1718386131849 2.202409267425537 34
1718386132163 2.083860397338867 35
1718386132480 2.0239739418029785 36
1718386132815 2.00115704536438 37
1718386133136 1.9344563484191895 38
1718386133461 1.9340484142303467 39
1718386133795 2.056649923324585 40
1718386134118 1.9165931940078735 41
1718386134437 2.03153920173645 42
1718386134768 2.0285184383392334 43
1718386135090 1.9909305572509766 44
1718386135421 1.9736320972442627 45
1718386135755 1.9637209177017212 46
1718386136080 1.9574552774429321 47
1718386136400 1.9532712697982788 48
1718386136728 1.9503802061080933 49
