1718453352008 nan 0
1718453352308 nan 1
1718453352625 nan 2
1718453352958 nan 3
1718453353258 nan 4
1718453353578 nan 5
1718453353891 nan 6
1718453354193 nan 7
1718453354495 nan 8
1718453354812 nan 9
1718453355130 nan 10
1718453355441 nan 11
1718453355743 nan 12
1718453356041 nan 13
1718453356391 nan 14
1718453356731 nan 15
1718453357041 nan 16
1718453357357 nan 17
1718453357691 nan 18
1718453357991 nan 19
1718453358308 nan 20
1718453358632 nan 21
1718453358962 nan 22
1718453359241 nan 23
1718453359541 nan 24
1718453359832 nan 25
1718453360361 nan 26
1718453360640 nan 27
1718453360933 nan 28
1718453361228 nan 29
1718453361534 nan 30
1718453361861 nan 31
1718453362178 nan 32
1718453362470 nan 33
1718453362758 nan 34
1718453363034 nan 35
1718453363322 nan 36
1718453363590 nan 37
1718453363877 nan 38
1718453364155 nan 39
1718453364439 nan 40
1718453364734 nan 41
1718453365023 nan 42
1718453365292 nan 43
1718453365573 nan 44
1718453365874 nan 45
1718453366168 nan 46
1718453366464 nan 47
1718453366700 nan 48
1718453366939 nan 49
