1718488778982 3.8995316867212315 0
1718488782034 4.04777247225471 1
1718488785308 4.19589808670289 2
1718488788506 3.9256806939606332 3
1718488791715 4.384651852364317 4
1718488794895 4.2274107474933045 5
1718488797990 4.341031129130752 6
1718488801432 4.082101686564855 7
1718488805776 4.113613443237065 8
1718488810198 4.2535557413802145 9
1718488813700 4.268460634140792 10
1718488817265 4.424236050699282 11
1718488820846 4.102181750265892 12
1718488824065 4.167642769312526 13
1718488826984 3.9485497443939344 14
1718488829836 4.094338771195771 15
1718488832672 4.129187875704346 16
1718488835524 4.5710825498148235 17
1718488839130 4.759257383711839 18
1718488842463 4.139132526443579 19
1718488845348 4.203791006126608 20
1718488848217 4.260174485247031 21
1718488851052 4.52634212680959 22
1718488854055 4.3206043254091515 23
1718488856873 4.17020664422304 24
1718488859725 4.122652645669205 25
1718488862710 4.070015573890832 26
1718488866264 4.260087156755699 27
1718488869733 4.029830998275638 28
1718488872635 4.018865456429669 29
1718488875754 4.349601946007937 30
1718488878725 4.015717765689972 31
1718488882899 4.277464175054696 32
1718488886331 4.30976006588527 33
1718488889415 4.165520501711974 34
1718488892833 4.181574265896322 35
1718488895952 4.4182569129897304 36
1718488898679 3.994214782574609 37
1718488901316 4.169393601428267 38
1718488903890 4.174389012363912 39
1718488906729 4.541257044765136 40
1718488909377 4.273350334790532 41
1718488912002 4.278143958142712 42
1718488914669 4.331535658280163 43
1718488917259 4.175699244405593 44
1718488919800 4.310043577840559 45
1718488922506 4.261151577930922 46
1718488925761 4.271081621098264 47
1718488929041 4.269648509135078 48
1718488931677 4.243697387297052 49
