1718427840449 0.11044776119402985 0
1718427840699 0.11343283582089553 1
1718427840980 0.11641791044776119 2
1718427841265 0.09850746268656717 3
1718427841767 0.0626865671641791 4
1718427842013 0.11343283582089553 5
1718427842313 0.11641791044776119 6
1718427842646 0.11343283582089553 7
1718427843013 0.11641791044776119 8
1718427843346 0.11343283582089553 9
1718427843679 0.11641791044776119 10
1718427843997 0.1253731343283582 11
1718427844296 0.21343283582089553 12
1718427844629 0.09402985074626866 13
1718427844946 0.11641791044776119 14
1718427845212 0.11044776119402985 15
1718427845496 0.09850746268656717 16
1718427845829 0.05522388059701493 17
1718427846145 0.11044776119402985 18
1718427846445 0.11641791044776119 19
1718427846745 0.11641791044776119 20
1718427847045 0.11641791044776119 21
1718427847328 0.11492537313432835 22
1718427847612 0.11641791044776119 23
1718427847914 0.09850746268656717 24
1718427848195 0.21791044776119403 25
1718427848528 0.14776119402985075 26
1718427848795 0.11641791044776119 27
1718427849111 0.11044776119402985 28
1718427849396 0.06567164179104477 29
1718427849678 0.191044776119403 30
1718427849961 0.0955223880597015 31
1718427850248 0.11641791044776119 32
1718427850546 0.11044776119402985 33
1718427850846 0.11641791044776119 34
1718427851131 0.21044776119402986 35
1718427851415 0.11641791044776119 36
1718427851711 0.11044776119402985 37
1718427852027 0.11343283582089553 38
1718427852327 0.11641791044776119 39
1718427852592 0.11044776119402985 40
1718427852846 0.12388059701492538 41
1718427853111 0.11044776119402985 42
1718427853346 0.11641791044776119 43
1718427853648 0.11044776119402985 44
1718427853927 0.11641791044776119 45
1718427854210 0.11044776119402985 46
1718427854485 0.11641791044776119 47
1718427854727 0.11044776119402985 48
1718427855011 0.11641791044776119 49
