1718331435699 0.36743589743589744 0
1718331436007 0.3873517786561264 1
1718331436363 0.2569444444444444 2
1718331436688 0.5 3
1718331437265 0.4917200854700855 4
1718331437564 0.43926282051282056 5
1718331437845 0.4431818181818182 6
1718331438159 0.14900888585099112 7
1718331438486 0.49023199023199027 8
1718331438834 0.5192846369316958 9
1718331439140 0.5007575757575757 10
1718331439431 0.33111954459203036 11
1718331439726 0.5857142857142857 12
1718331440045 0.39384920634920634 13
1718331440330 0.469309462915601 14
1718331440641 0.34312278630460447 15
1718331440936 0.15789473684210525 16
1718331441273 0.3310810810810811 17
1718331441582 0.038461538461538464 18
1718331441884 0.5024013024013024 19
1718331442210 0.3477173697761933 20
1718331442516 0.3008856682769726 21
1718331442820 0.45229978354978356 22
1718331443155 0.25274725274725274 23
1718331443474 0.4263548951048951 24
1718331443784 0.37195512820512816 25
1718331444121 0.2748745819397993 26
1718331444457 0.47424242424242424 27
1718331444765 0.5492916174734357 28
1718331445097 0.4624649859943977 29
1718331445411 0.5073260073260073 30
1718331445713 0.4051282051282051 31
1718331446024 0.1333333333333333 32
1718331446338 0.245734126984127 33
1718331446638 0.4061688311688311 34
1718331446944 0.3979703871008219 35
1718331447553 0.15789473684210525 36
1718331447859 0.503531556163135 37
1718331448477 0.13354880413703943 38
1718331448775 0.12259615384615385 39
1718331449095 0.2936274509803921 40
1718331449417 0.15789473684210525 41
1718331449726 0.5465329991645781 42
1718331450027 0.41510560146923775 43
1718331450401 0.3930600649350649 44
1718331450734 0.2392156862745098 45
1718331451043 0.36589423648247177 46
1718331451364 0.12307692307692308 47
1718331451670 0.2883597883597883 48
1718331451985 0.33446712018140595 49
