1718511355710 0.2575503569660764 0
1718511356056 0.09348347150918213 1
1718511356423 0.13925336707722047 2
1718511356799 0.020259526642885994 3
1718511357141 0.13808263793136133 4
1718511357507 -0.002768350370002448 5
1718511357857 -0.194458002393896 6
1718511358208 -0.17321470470139477 7
1718511358575 0.35662178379116627 8
1718511358925 0.20529713233311964 9
1718511359294 0.24381450270161475 10
1718511359759 -0.1673039884278269 11
1718511360129 -0.3726812781709614 12
1718511360493 0.2614709075653192 13
1718511360860 0.005793999541889638 14
1718511361230 0.2665780827854618 15
1718511361577 0.08203925147201074 16
1718511361944 -0.1629956780057964 17
1718511362378 -0.18992727543368493 18
1718511362911 0.27805257024187036 19
1718511363412 -0.146142840385437 20
1718511363862 0.18963400522867846 21
1718511364281 0.2252076963583628 22
1718511364732 -0.10917069604902552 23
1718511365183 -0.17132940527164564 24
1718511365633 0.14968598972667357 25
1718511366080 -0.07253339073874732 26
1718511366536 0.08427185000795312 27
1718511366964 -0.024717116897756353 28
1718511367398 0.07169476693326782 29
1718511367850 -0.17202519196452526 30
1718511368249 -0.2732744433663108 31
1718511368666 0.40812574281837 32
1718511369066 0.04756790264086286 33
1718511369500 -0.1615086414597251 34
1718511369900 -0.43692389672452747 35
1718511370300 0.424296827027292 36
1718511370753 -0.6529095389626243 37
1718511371288 0.041119402105157965 38
1718511371703 0.1569076911969618 39
1718511372121 -0.6645716645500876 40
1718511372535 0.39187862566023157 41
1718511372936 0.2820845156004934 42
1718511373336 -0.34962448568055127 43
1718511373753 -0.2655970390998956 44
1718511374137 0.267838711088354 45
1718511374537 0.17661207011251734 46
1718511374924 0.21105262817758508 47
1718511375280 0.05379230325872242 48
1718511375623 0.16622142177639587 49
