1718328055897 -0.19300341606140137 0
1718328056224 0.036478400230407715 1
1718328056566 0.0783395767211914 2
1718328056953 -0.16594934463500977 3
1718328057287 -0.22910594940185547 4
1718328057608 -0.09612536430358887 5
1718328057974 -0.2553408145904541 6
1718328058341 -0.028102397918701172 7
1718328058686 -0.025012493133544922 8
1718328059006 -0.24676692485809326 9
1718328059441 0.44836127758026123 10
1718328059821 0.17891860008239746 11
1718328060170 0.058440446853637695 12
1718328060504 -0.07036721706390381 13
1718328060902 -0.16856420040130615 14
1718328061296 0.28270912170410156 15
1718328061671 -0.0346834659576416 16
1718328062099 -0.0005161762237548828 17
1718328062484 0.04633820056915283 18
1718328062826 -0.11235809326171875 19
1718328063118 0.11759686470031738 20
1718328063438 0.3561553955078125 21
1718328063747 -0.0862433910369873 22
1718328064054 0.09405922889709473 23
1718328064360 0.22558152675628662 24
1718328064650 0.15716707706451416 25
1718328064950 0.2000575065612793 26
1718328065249 0.19064176082611084 27
1718328065536 0.046878695487976074 28
1718328065861 0.1243901252746582 29
1718328066156 0.09585452079772949 30
1718328066454 0.09037590026855469 31
1718328066753 0.29392433166503906 32
1718328067041 -0.0016658306121826172 33
1718328067334 -0.05511069297790527 34
1718328067630 -0.06056332588195801 35
1718328067944 -0.18526077270507812 36
1718328068263 0.17185556888580322 37
1718328068576 0.11803007125854492 38
1718328068911 0.2655678987503052 39
1718328069234 0.14371991157531738 40
1718328069584 0.13075566291809082 41
1718328069895 0.4483102560043335 42
1718328070185 -0.009576797485351562 43
1718328070514 0.1662534475326538 44
1718328070835 0.006531476974487305 45
1718328071137 -0.19517087936401367 46
1718328071454 -0.37124717235565186 47
1718328071797 0.08250093460083008 48
1718328072108 -0.13465309143066406 49
