1718516377327 -0.0748732997110797 0
1718516377823 0.11407562277533811 1
1718516378311 -0.3264694093453766 2
1718516378798 -0.23569531452776227 3
1718516379260 -0.07138688275308303 4
1718516379704 0.0658244568892199 5
1718516380123 -0.1826691747915863 6
1718516380605 -0.5154830739152954 7
1718516381080 -0.1805508307334951 8
1718516381506 -0.4580444920343987 9
1718516381939 -0.3869744238227306 10
1718516382356 0.1086583673351944 11
1718516382806 -0.3870885739422807 12
1718516383239 -0.4826619334092448 13
1718516383672 -0.1420116111485643 14
1718516384120 -0.2921429621651517 15
1718516384700 -0.2646154365956983 16
1718516385155 -0.1838201529249197 17
1718516385609 -0.43741892885278766 18
1718516386026 -0.10497763582351594 19
1718516386442 -0.044604928405196365 20
1718516386905 -0.3000029718835746 21
1718516387321 -0.08493926187958412 22
1718516387791 -0.08648716680931345 23
1718516388221 -0.22663939440691916 24
1718516388682 -0.11473853660352296 25
1718516389138 0.022262458448056854 26
1718516389591 -0.3321934049378341 27
1718516390038 -0.039458929087577754 28
1718516390487 0.09632400270262931 29
1718516390921 -0.05905949346946926 30
1718516391405 0.05380892191671771 31
1718516391841 -0.027601344416840146 32
1718516392270 -0.4295309432829266 33
1718516392757 -0.034194277191804456 34
1718516393187 -0.13833502567175682 35
1718516393620 0.13297699497203608 36
1718516394070 -0.09665012921548444 37
1718516394520 -0.040627856246549854 38
1718516394970 -0.005334124019250375 39
1718516395403 -0.05245055534221521 40
1718516395853 -0.012249059147305008 41
1718516396302 0.02522794285205876 42
1718516396735 0.06434103535481972 43
1718516397170 -0.31017525167979 44
1718516397603 -0.17349837805686974 45
1718516398102 -0.19862171114494487 46
1718516398587 0.053795704135188416 47
1718516399019 -0.14711069599145166 48
1718516399469 -0.10475624892045321 49
