1718453619790 nan 0
1718453620061 nan 1
1718453620289 nan 2
1718453620540 nan 3
1718453620809 nan 4
1718453621059 nan 5
1718453621309 nan 6
1718453621543 nan 7
1718453621789 nan 8
1718453622023 nan 9
1718453622269 nan 10
1718453622509 nan 11
1718453622756 nan 12
1718453622989 nan 13
1718453623241 nan 14
1718453623472 nan 15
1718453623738 nan 16
1718453623992 nan 17
1718453624268 nan 18
1718453624505 nan 19
1718453624742 nan 20
1718453624972 nan 21
1718453625238 nan 22
1718453625471 nan 23
1718453625721 nan 24
1718453625971 nan 25
1718453626210 nan 26
1718453626459 nan 27
1718453626710 nan 28
1718453626971 nan 29
1718453627238 nan 30
1718453627471 nan 31
1718453627712 nan 32
1718453627971 nan 33
1718453628221 nan 34
1718453628467 nan 35
1718453628710 nan 36
1718453628958 nan 37
1718453629210 nan 38
1718453629453 nan 39
1718453629687 nan 40
1718453629938 nan 41
1718453630187 nan 42
1718453630436 nan 43
1718453630911 nan 44
1718453631141 nan 45
1718453631370 nan 46
1718453631612 nan 47
1718453631854 nan 48
1718453632087 nan 49
