1718352893524 0.6089620590209961 0
1718352895862 0.5513648986816406 1
1718352898568 -0.28773927688598633 2
1718352900891 -0.28774118423461914 3
1718352904001 -0.28773975372314453 4
1718352906565 -0.28774118423461914 5
1718352909224 -0.28774213790893555 6
1718352911564 -0.28774166107177734 7
1718352913994 -0.28774166107177734 8
1718352916277 -0.28774118423461914 9
1718352918603 -0.28774166107177734 10
1718352921128 -0.28774166107177734 11
1718352923340 -0.28773975372314453 12
1718352925792 -0.28774070739746094 13
1718352928165 -0.28774118423461914 14
1718352930721 -0.28774166107177734 15
1718352933040 -0.28774118423461914 16
1718352935542 -0.28774118423461914 17
1718352937942 -0.28774213790893555 18
1718352940264 -0.28774118423461914 19
1718352942725 -0.28774118423461914 20
1718352945036 -0.28774166107177734 21
1718352947502 -0.28774118423461914 22
1718352949817 -0.28774070739746094 23
1718352952247 -0.28774166107177734 24
1718352954613 -0.28774118423461914 25
1718352956831 -0.28774070739746094 26
1718352959365 -0.28774070739746094 27
1718352961630 -0.28774070739746094 28
1718352964530 -0.28774118423461914 29
1718352966966 -0.2698197364807129 30
1718352969471 -0.2698216438293457 31
1718352971861 -0.28757143020629883 32
1718352974164 -0.2698206901550293 33
1718352976608 -0.2698183059692383 34
1718352978970 -0.2698202133178711 35
1718352981448 -0.1689586639404297 36
1718352983841 -0.22114944458007812 37
1718352986350 -0.1689586639404297 38
1718352988622 -0.13301610946655273 39
1718352991080 -0.1689586639404297 40
1718352993368 -0.22114992141723633 41
1718352995564 -0.2698197364807129 42
1718352998001 -0.2698183059692383 43
1718353000227 -0.1689596176147461 44
1718353002700 -0.13301515579223633 45
1718353004987 -0.13301420211791992 46
1718353007302 -0.1689596176147461 47
1718353009760 -0.13301563262939453 48
1718353012069 -0.13301563262939453 49
