1718545602301 nan 0
1718545603138 nan 1
1718545603921 nan 2
1718545604738 nan 3
1718545605538 nan 4
1718545606353 nan 5
1718545607154 nan 6
1718545607924 nan 7
1718545608704 nan 8
1718545609487 nan 9
1718545610270 nan 10
1718545611087 nan 11
1718545611870 nan 12
1718545612686 nan 13
1718545613453 nan 14
1718545614236 nan 15
1718545615023 nan 16
1718545615852 nan 17
1718545616652 nan 18
1718545617435 nan 19
1718545618238 nan 20
1718545619035 nan 21
1718545619835 nan 22
1718545620651 nan 23
1718545621438 nan 24
1718545622304 nan 25
1718545623370 nan 26
1718545624384 nan 27
1718545625334 nan 28
1718545626302 nan 29
1718545627302 nan 30
1718545628252 nan 31
1718545629233 nan 32
1718545630185 nan 33
1718545631183 nan 34
1718545632132 nan 35
1718545633116 nan 36
1718545634082 nan 37
1718545635105 nan 38
1718545636150 nan 39
1718545637098 nan 40
1718545638048 nan 41
1718545638944 nan 42
1718545639781 nan 43
1718545640564 nan 44
1718545641381 nan 45
1718545642151 nan 46
1718545642947 nan 47
1718545643734 nan 48
1718545644541 nan 49
