1718574158405 -0.43947693705558777 0
1718574159866 -0.12322152554584509 1
1718574161188 -0.11931079289105506 2
1718574162954 -0.020068904923292497 3
1718574164288 0.018359967105154418 4
1718574165690 -0.038674451872430016 5
1718574167143 -0.20762057828180724 6
1718574168458 -0.13282956500389842 7
1718574169770 -0.12362285291970654 8
1718574171065 -0.12352685776569894 9
1718574172358 -0.07450645745528472 10
1718574173650 -0.12551957540035463 11
1718574174849 0.03551028455236516 12
1718574176181 -0.004497637081771533 13
1718574177641 0.008077382353946838 14
1718574178885 -0.5018679440318059 15
1718574180309 -0.08777877905421638 16
1718574181795 0.05560119340237524 17
1718574183230 -0.2533960855017958 18
1718574184892 -0.10398003744733986 19
1718574186568 -0.05851798571649569 20
1718574188365 -0.3664819624886584 21
1718574189852 -0.13052562213440044 22
1718574191427 -0.13673151779476722 23
1718574193064 -0.4238092159453912 24
1718574194672 -0.36870402419852866 25
1718574196285 0.044614280122052374 26
1718574198058 -0.21152029610068368 27
1718574199658 -0.10749703692883061 28
1718574201272 -0.16963569768032594 29
1718574203268 -0.006166057287972482 30
1718574205183 -0.13256668041648512 31
1718574206625 -0.13884793595995948 32
1718574207820 -0.379471041642935 33
1718574209007 -0.13471795886094506 34
1718574210336 -0.011575146303194117 35
1718574211599 -0.07855938693777276 36
1718574212841 0.05741657228396502 37
1718574213849 -0.20165169034161634 38
1718574214845 -0.020186170025790595 39
1718574215912 -0.018420116562262834 40
1718574216975 -0.22440775734221186 41
1718574218002 -0.01763273994613135 42
1718574219084 -0.18389528584070503 43
1718574220198 -0.3167646972370708 44
1718574221336 0.0560459711604504 45
1718574222418 -0.2939981040723829 46
1718574223552 -0.04355287851116252 47
1718574224574 0.07068429538859666 48
1718574225550 -0.16529945893721143 49
