1718490239221 0.1858163826278175 0
1718490241957 0.1858163826278175 1
1718490245576 0.1858163826278175 2
1718490249129 0.1858163826278175 3
1718490252118 0.1858163826278175 4
1718490254916 0.1858163826278175 5
1718490257702 0.17990708391595522 6
1718490260491 0.1858163826278175 7
1718490263289 0.1858163826278175 8
1718490266025 0.1858163826278175 9
1718490268829 0.1858163826278175 10
1718490271579 0.1858163826278175 11
1718490274435 0.1858163826278175 12
1718490277266 0.1858163826278175 13
1718490280269 0.1858163826278175 14
1718490283141 0.1858163826278175 15
1718490285906 0.1858163826278175 16
1718490288692 0.1858163826278175 17
1718490291497 0.1858163826278175 18
1718490294296 0.1858163826278175 19
1718490297081 0.1858163826278175 20
1718490299866 0.1858163826278175 21
1718490302887 0.1858163826278175 22
1718490306422 0.1858163826278175 23
1718490309941 0.1858163826278175 24
1718490312793 0.1858163826278175 25
1718490315662 0.1858163826278175 26
1718490318431 0.1858163826278175 27
1718490321166 0.1858163826278175 28
1718490324068 0.1858163826278175 29
1718490326874 0.1858163826278175 30
1718490329722 0.1858163826278175 31
1718490332574 0.1858163826278175 32
1718490335326 0.1858163826278175 33
1718490338111 0.1858163826278175 34
1718490340899 0.1858163826278175 35
1718490343703 0.1858163826278175 36
1718490346501 0.1858163826278175 37
1718490349354 0.13464711981495264 38
1718490352260 0.1858163826278175 39
1718490355146 0.1858163826278175 40
1718490357943 0.1858163826278175 41
1718490360763 0.1858163826278175 42
1718490364014 0.1858163826278175 43
1718490367551 0.07449168211004305 44
1718490370871 0.1858163826278175 45
1718490373738 0.1858163826278175 46
1718490376590 0.1858163826278175 47
1718490379443 0.13327003159327006 48
1718490382248 0.07865047941270654 49
