1718490239205 1.0 0
1718490241940 1.0 1
1718490245559 1.0 2
1718490249123 1.0 3
1718490252098 1.0 4
1718490254900 1.0 5
1718490257688 0.5270541082164328 6
1718490260480 1.0 7
1718490263283 1.0 8
1718490266008 1.0 9
1718490268810 1.0 10
1718490271562 1.0 11
1718490274414 1.0 12
1718490277250 1.0 13
1718490280252 1.0 14
1718490283121 1.0 15
1718490285890 1.0 16
1718490288675 1.0 17
1718490291481 1.0 18
1718490294279 1.0 19
1718490297065 1.0 20
1718490299865 1.0 21
1718490302869 1.0 22
1718490306405 1.0 23
1718490309924 1.0 24
1718490312776 1.0 25
1718490315645 1.0 26
1718490318423 1.0 27
1718490321142 1.0 28
1718490324051 1.0 29
1718490326853 1.0 30
1718490329706 1.0 31
1718490332574 1.0 32
1718490335310 1.0 33
1718490338095 1.0 34
1718490340880 1.0 35
1718490343683 1.0 36
1718490346489 1.0 37
1718490349337 0.5086206896551724 38
1718490352239 1.0 39
1718490355124 1.0 40
1718490357943 1.0 41
1718490360745 1.0 42
1718490363998 1.0 43
1718490367538 0.3283898305084746 44
1718490370836 1.0 45
1718490373722 1.0 46
1718490376588 1.0 47
1718490379431 0.3538135593220339 48
1718490382228 0.271889400921659 49
