1718375326706 0.2 0
1718375327395 0.2 1
1718375328030 0.2 2
1718375328675 0.2 3
1718375329325 0.2 4
1718375329962 0.4 5
1718375330612 0.2 6
1718375331303 0.2 7
1718375331983 0.2 8
1718375332654 0.2 9
1718375333329 0.2 10
1718375334029 0.2 11
1718375334738 0.4 12
1718375335438 0.2 13
1718375336107 0.2 14
1718375336804 0.4 15
1718375337483 0.2 16
1718375338155 0.2 17
1718375338830 0.2 18
1718375339534 0.2 19
1718375340210 0.4 20
1718375340884 0.2 21
1718375341561 0.2 22
1718375342215 0.0 23
1718375342895 0.2 24
1718375343750 0.2 25
1718375344410 0.2 26
1718375345062 0.2 27
1718375345717 0.2 28
1718375346380 0.2 29
1718375347029 0.0 30
1718375347715 0.2 31
1718375348420 0.2 32
1718375349061 0.2 33
1718375349707 0.2 34
1718375350364 0.2 35
1718375351004 0.0 36
1718375351660 0.0 37
1718375352303 0.2 38
1718375352944 0.2 39
1718375353605 0.2 40
1718375354235 0.2 41
1718375354882 0.2 42
1718375355532 0.2 43
1718375356175 0.2 44
1718375356827 0.2 45
1718375357470 0.2 46
1718375358117 0.2 47
1718375358833 0.2 48
1718375359589 0.2 49
