1718388043497 -0.025152921676635742 0
1718388043719 -0.16604816913604736 1
1718388043950 0.2162867784500122 2
1718388044185 0.0596240758895874 3
1718388044453 -0.0480574369430542 4
1718388044683 0.08602893352508545 5
1718388044915 -0.0596088171005249 6
1718388045145 -0.1499086618423462 7
1718388045378 0.15089619159698486 8
1718388045607 0.05052006244659424 9
1718388045834 -0.07030999660491943 10
1718388046067 -0.07174348831176758 11
1718388046308 0.11557459831237793 12
1718388046544 -0.1884399652481079 13
1718388046954 0.17999541759490967 14
1718388047173 0.10880732536315918 15
1718388047399 0.07558619976043701 16
1718388047620 -0.12964153289794922 17
1718388047848 -0.17343950271606445 18
1718388048073 -0.2536817789077759 19
1718388048313 -0.15826523303985596 20
1718388048556 0.3605985641479492 21
1718388048784 0.08232104778289795 22
1718388049015 0.12473249435424805 23
1718388049262 0.06053042411804199 24
1718388049489 -0.26261603832244873 25
1718388049725 0.1857386827468872 26
1718388049961 0.0428386926651001 27
1718388050194 -0.005083560943603516 28
1718388050426 -0.08567798137664795 29
1718388050655 0.09750843048095703 30
1718388050880 -0.13467371463775635 31
1718388051116 -0.02733457088470459 32
1718388051401 -0.06570208072662354 33
1718388051642 0.11499369144439697 34
1718388051875 -0.11002576351165771 35
1718388052098 -0.08508515357971191 36
1718388052332 0.03770613670349121 37
1718388052557 0.15733051300048828 38
1718388052791 -0.04120433330535889 39
1718388053029 0.05954563617706299 40
1718388053260 -0.07576465606689453 41
1718388053495 0.04946422576904297 42
1718388053745 0.030675172805786133 43
1718388054032 -0.1436697244644165 44
1718388054345 0.03273773193359375 45
1718388054624 0.09641063213348389 46
1718388054895 0.04525566101074219 47
1718388055168 -0.11020290851593018 48
1718388055435 -0.09755122661590576 49
