1718421924747 -18.084505081176758 0
1718421928783 -0.03647279739379883 1
1718421932932 2.270170211791992 2
1718421937208 -10.472208023071289 3
1718421941541 2.049091339111328 4
1718421945824 -20.12639617919922 5
1718421949822 -43.64568328857422 6
1718421953988 0.22456645965576172 7
1718421957972 -33.185325622558594 8
1718421962020 21.91959571838379 9
1718421967002 -19.288305282592773 10
1718421971868 4.387499809265137 11
1718421976667 -14.15256118774414 12
1718421981466 -39.50691223144531 13
1718421985626 -7.919547080993652 14
1718421989764 -5.900623321533203 15
1718421993780 -0.03633308410644531 16
1718421997833 -3.44793701171875 17
1718422001829 3.3778738975524902 18
1718422005835 0.5153546333312988 19
1718422009830 -3.410665512084961 20
1718422013834 3.6762008666992188 21
1718422017809 -1.7968921661376953 22
1718422021825 0.3678321838378906 23
1718422026540 -1.693450927734375 24
1718422031439 8.81900405883789 25
1718422036305 30.19031524658203 26
1718422041057 -26.652856826782227 27
1718422045270 0.3988475799560547 28
1718422049269 -2.1068344116210938 29
1718422053322 3.7686824798583984 30
1718422057434 11.3057222366333 31
1718422061434 16.85201072692871 32
1718422065449 -3.9155197143554688 33
1718422069582 -0.01997995376586914 34
1718422073651 -23.34161376953125 35
1718422077732 14.124906539916992 36
1718422081779 -1.013864517211914 37
1718422086533 1.886880874633789 38
1718422091361 -0.923527717590332 39
1718422096260 2.7999610900878906 40
1718422101131 -0.7151641845703125 41
1718422105532 15.775566101074219 42
1718422109541 -21.365100860595703 43
1718422113559 14.480113983154297 44
1718422117706 -0.9922313690185547 45
1718422121688 -0.7611918449401855 46
1718422125707 -0.7394466400146484 47
1718422129703 20.624919891357422 48
1718422133736 -1.7525315284729004 49
