1718368242449 3.276118755340576 0
1718368244806 3.276118278503418 1
1718368247063 3.2761178016662598 2
1718368249332 7.992064952850342 3
1718368251770 7.479031562805176 4
1718368254045 7.479555606842041 5
1718368256597 7.480151176452637 6
1718368258988 6.975703716278076 7
1718368261201 6.975986480712891 8
1718368263469 6.976408958435059 9
1718368265684 6.976621150970459 10
1718368267880 6.976759433746338 11
1718368270173 6.976855278015137 12
1718368272713 6.976919651031494 13
1718368274972 6.9769673347473145 14
1718368277290 6.976999282836914 15
1718368279485 6.977024555206299 16
1718368281761 6.977041244506836 17
1718368283973 6.483123779296875 18
1718368286395 6.9770307540893555 19
1718368288984 6.483105659484863 20
1718368291149 6.483112335205078 21
1718368293409 6.482476234436035 22
1718368295607 6.482475757598877 23
1718368297769 6.482475757598877 24
1718368299966 5.9975385665893555 25
1718368302593 5.997539043426514 26
1718368304901 5.9975385665893555 27
1718368307084 4.993537425994873 28
1718368309312 5.510000228881836 29
1718368311431 5.51229190826416 30
1718368313643 5.512946605682373 31
1718368316066 5.513169765472412 32
1718368318514 5.513281345367432 33
1718368320758 5.513343811035156 34
1718368323037 5.513380527496338 35
1718368325234 5.513400077819824 36
1718368327447 5.510516166687012 37
1718368329645 4.374756813049316 38
1718368332206 2.5829877853393555 39
1718368334576 5.979110240936279 40
1718368336773 9.120964050292969 41
1718368339015 8.963177680969238 42
1718368341149 8.978532791137695 43
1718368343356 8.979987144470215 44
1718368345709 8.980813980102539 45
1718368348299 8.979432106018066 46
1718368350480 8.978199005126953 47
1718368352598 8.040484428405762 48
1718368354763 8.066983222961426 49
