1718575715405 0.08484848484848485 0
1718575716038 0.08727272727272728 1
1718575716472 0.1496969696969697 2
1718575716915 0.09151515151515152 3
1718575717474 0.10848484848484849 4
1718575717906 0.10848484848484849 5
1718575718390 0.10848484848484849 6
1718575718842 0.10848484848484849 7
1718575719273 0.10848484848484849 8
1718575719708 0.10848484848484849 9
1718575720141 0.10848484848484849 10
1718575720644 0.10848484848484849 11
1718575721082 0.10848484848484849 12
1718575721511 0.10848484848484849 13
1718575721947 0.10848484848484849 14
1718575722396 0.10909090909090909 15
1718575722827 0.13272727272727272 16
1718575723261 0.10848484848484849 17
1718575723727 0.09212121212121212 18
1718575724195 0.09151515151515152 19
1718575724662 0.10909090909090909 20
1718575725095 0.10848484848484849 21
1718575725529 0.19272727272727272 22
1718575725946 0.10848484848484849 23
1718575726428 0.09151515151515152 24
1718575726880 0.10848484848484849 25
1718575727330 0.09212121212121212 26
1718575727764 0.09151515151515152 27
1718575728347 0.11272727272727273 28
1718575728806 0.10848484848484849 29
1718575729249 0.10848484848484849 30
1718575729682 0.10848484848484849 31
1718575730092 0.10848484848484849 32
1718575730516 0.1193939393939394 33
1718575730924 0.10848484848484849 34
1718575731366 0.09212121212121212 35
1718575731800 0.13696969696969696 36
1718575732200 0.15515151515151515 37
1718575732626 0.10848484848484849 38
1718575733051 0.17515151515151514 39
1718575733502 0.10848484848484849 40
1718575733936 0.09212121212121212 41
1718575734438 0.05454545454545454 42
1718575734871 0.09212121212121212 43
1718575735326 0.10848484848484849 44
1718575735758 0.10848484848484849 45
1718575736180 0.10848484848484849 46
1718575736592 0.10848484848484849 47
1718575737055 0.10848484848484849 48
1718575737521 0.10848484848484849 49
