1718575715251 2.3132803440093994 0
1718575715914 2.2818195819854736 1
1718575716355 2.3133363723754883 2
1718575716789 2.3051869869232178 3
1718575717323 2.311109781265259 4
1718575717776 2.301215171813965 5
1718575718271 2.2994303703308105 6
1718575718726 2.299193859100342 7
1718575719157 2.2987520694732666 8
1718575719589 2.298586130142212 9
1718575720041 2.2983570098876953 10
1718575720508 2.2979736328125 11
1718575720964 2.297248363494873 12
1718575721394 2.2956337928771973 13
1718575721819 2.2910916805267334 14
1718575722270 2.2750749588012695 15
1718575722711 2.2339582443237305 16
1718575723145 2.210535764694214 17
1718575723594 2.4129912853240967 18
1718575724062 2.438933849334717 19
1718575724544 2.302574872970581 20
1718575724984 2.2895569801330566 21
1718575725412 2.2716164588928223 22
1718575725846 2.239137649536133 23
1718575726296 2.35918927192688 24
1718575726763 2.3794667720794678 25
1718575727197 2.3143856525421143 26
1718575727630 2.30279278755188 27
1718575728230 2.303098678588867 28
1718575728679 2.3006622791290283 29
1718575729131 2.2977259159088135 30
1718575729549 2.2935943603515625 31
1718575729983 2.282806158065796 32
1718575730399 2.2485573291778564 33
1718575730824 2.2076401710510254 34
1718575731233 2.3717219829559326 35
1718575731667 2.381035089492798 36
1718575732099 2.2985193729400635 37
1718575732500 2.271782636642456 38
1718575732934 2.224212646484375 39
1718575733385 2.267845869064331 40
1718575733818 2.3375651836395264 41
1718575734313 2.362058401107788 42
1718575734755 2.32767653465271 43
1718575735194 2.301020622253418 44
1718575735647 2.2994377613067627 45
1718575736057 2.298203945159912 46
1718575736476 2.2971012592315674 47
1718575736910 2.2948789596557617 48
1718575737404 2.2882814407348633 49
