1718427662348 0.2085561497326203 0
1718427662727 0.11496944685347447 1
1718427663065 0.2085561497326203 2
1718427663381 0.19650067294751009 3
1718427663698 0.2085561497326203 4
1718427664001 0.19650067294751009 5
1718427664298 0.2085561497326203 6
1718427664615 0.19650067294751009 7
1718427664898 0.2037533512064343 8
1718427665181 0.5720938403687291 9
1718427665464 0.2037533512064343 10
1718427665764 0.2085561497326203 11
1718427666031 0.1842818428184282 12
1718427666340 0.2085561497326203 13
1718427666634 0.18181818181818182 14
1718427666930 0.18181818181818182 15
1718427667214 0.2085561497326203 16
1718427667550 0.17986282578875173 17
1718427667817 0.2085561497326203 18
1718427668097 0.2085561497326203 19
1718427668397 0.2085561497326203 20
1718427668680 0.2085561497326203 21
1718427668963 0.31960681662074647 22
1718427669247 0.2085561497326203 23
1718427669563 0.19650067294751009 24
1718427669834 0.19650067294751009 25
1718427670130 0.2085561497326203 26
1718427670413 0.19650067294751009 27
1718427670715 0.2037533512064343 28
1718427671050 0.2085561497326203 29
1718427671362 0.2037533512064343 30
1718427671683 0.43965804312895135 31
1718427671950 0.19650067294751009 32
1718427672245 0.2085561497326203 33
1718427672496 0.19650067294751009 34
1718427672764 0.2085561497326203 35
1718427673015 0.11859209480864934 36
1718427673279 0.2085561497326203 37
1718427673546 0.12639208605770255 38
1718427673813 0.2085561497326203 39
1718427674066 0.17189631650750342 40
1718427674312 0.09901563404748119 41
1718427674603 0.2085561497326203 42
1718427674879 0.2085561497326203 43
1718427675162 0.2085561497326203 44
1718427675433 0.08966563541346377 45
1718427675712 0.2037533512064343 46
1718427675966 0.2085561497326203 47
1718427676245 0.2037533512064343 48
1718427676512 0.2037533512064343 49
