1718420235260 0.1 0
1718420235987 0.1 1
1718420236660 0.1 2
1718420237393 0.1 3
1718420238109 0.1 4
1718420238792 0.1 5
1718420239582 0.1 6
1718420240309 0.1 7
1718420241009 0.1 8
1718420241732 0.1 9
1718420242459 0.1 10
1718420243183 0.1 11
1718420243808 0.1 12
1718420244445 0.1 13
1718420245064 0.1 14
1718420245711 0.1 15
1718420246360 0.1 16
1718420247008 0.1 17
1718420247712 0.1 18
1718420248374 0.1 19
1718420249007 0.1 20
1718420249640 0.1 21
1718420250257 0.1 22
1718420250907 0.2 23
1718420251506 0.1 24
1718420252106 0.1 25
1718420252708 0.1 26
1718420253306 0.1 27
1718420253906 0.1 28
1718420254539 0.1 29
1718420255130 0.1 30
1718420255722 0.1 31
1718420256355 0.1 32
1718420256972 0.1 33
1718420257622 0.1 34
1718420258272 0.1 35
1718420258872 0.1 36
1718420259504 0.1 37
1718420260138 0.1 38
1718420260746 0.1 39
1718420261360 0.1 40
1718420261955 0.1 41
1718420262577 0.1 42
1718420263171 0.1 43
1718420263771 0.1 44
1718420264387 0.1 45
1718420264987 0.1 46
1718420265587 0.1 47
1718420266187 0.1 48
1718420266770 0.1 49
