1718331968798 -0.24684035778045654 0
1718331969132 -0.24211764335632324 1
1718331969427 -0.17511582374572754 2
1718331969736 -0.07315492630004883 3
1718331970029 -0.15686273574829102 4
1718331970318 -0.1306748390197754 5
1718331970603 -0.11907124519348145 6
1718331970903 -0.1138908863067627 7
1718331971187 -0.11147904396057129 8
1718331971476 -0.16521835327148438 9
1718331971763 -0.17695975303649902 10
1718331972054 -0.1468052864074707 11
1718331972349 -0.15833497047424316 12
1718331972638 -0.15833473205566406 13
1718331972938 -0.15833449363708496 14
1718331973221 -0.15833425521850586 15
1718331973510 -0.15833497047424316 16
1718331973810 -0.15833449363708496 17
1718331974109 -0.15833449363708496 18
1718331974400 -0.1805410385131836 19
1718331974700 -0.1805422306060791 20
1718331974996 -0.07126522064208984 21
1718331975286 -0.20297420024871826 22
1718331975590 -0.27850019931793213 23
1718331975893 0.4446372985839844 24
1718331976187 -0.13252532482147217 25
1718331976486 0.06826400756835938 26
1718331976789 -0.24577951431274414 27
1718331977090 -0.22763895988464355 28
1718331977395 -0.2006298303604126 29
1718331977702 -0.2638585567474365 30
1718331978006 -0.32330822944641113 31
1718331978302 -0.41767406463623047 32
1718331978596 -0.4638960361480713 33
1718331978907 -0.49267876148223877 34
1718331979214 -0.5609740018844604 35
1718331979519 -0.4714411497116089 36
1718331979829 -0.4789637327194214 37
1718331980129 -0.47653889656066895 38
1718331980437 -0.5021030902862549 39
1718331980726 -0.28917932510375977 40
1718331981102 -0.26694798469543457 41
1718331981405 -0.03370475769042969 42
1718331981690 -0.003731250762939453 43
1718331981997 -0.15949761867523193 44
1718331982286 0.16970813274383545 45
1718331982579 0.049167752265930176 46
1718331982877 -0.6585475206375122 47
1718331983177 -0.34210097789764404 48
1718331983472 -0.37096643447875977 49
