1718575861024 1.504259467124939 0
1718575861463 1.3611358404159546 1
1718575861909 1.3420369625091553 2
1718575862425 1.799293041229248 3
1718575863246 1.6955676078796387 4
1718575863965 1.723842740058899 5
1718575864728 1.4624688625335693 6
1718575865397 1.3137307167053223 7
1718575865994 1.258512258529663 8
1718575866561 1.3390744924545288 9
1718575867134 1.337920904159546 10
1718575867668 1.5471360683441162 11
1718575868236 1.5654387474060059 12
1718575868826 1.515754222869873 13
1718575869397 1.6354877948760986 14
1718575869954 1.5462433099746704 15
1718575870503 1.7202649116516113 16
1718575871037 1.4334828853607178 17
1718575871593 1.272714614868164 18
1718575872157 1.2481950521469116 19
1718575872742 1.3231056928634644 20
1718575873595 1.3698697090148926 21
1718575874256 1.620283842086792 22
1718575874926 1.4536551237106323 23
1718575875478 1.3653444051742554 24
1718575876034 1.3372787237167358 25
1718575876599 1.392041802406311 26
1718575877173 1.5448373556137085 27
1718575877738 1.4872647523880005 28
1718575878294 1.6766692399978638 29
1718575878843 1.557191014289856 30
1718575879444 1.4376882314682007 31
1718575880061 1.3624943494796753 32
1718575880672 1.4366036653518677 33
1718575881178 1.3688154220581055 34
1718575881680 1.278089165687561 35
1718575882095 1.2767149209976196 36
1718575882497 1.3651959896087646 37
1718575882915 1.4673570394515991 38
1718575883362 1.6035760641098022 39
1718575883768 1.6654942035675049 40
1718575884164 1.6167881488800049 41
1718575884549 1.544150471687317 42
1718575884933 1.5438973903656006 43
1718575885324 1.3799318075180054 44
1718575885715 1.268952488899231 45
1718575886115 1.2296833992004395 46
1718575886531 1.2412183284759521 47
1718575886931 1.428693413734436 48
1718575887367 1.386014699935913 49
