1718383755910 0.08571428571428572 0
1718383756232 0.08571428571428572 1
1718383756587 0.08571428571428572 2
1718383756929 0.08571428571428572 3
1718383757235 0.08571428571428572 4
1718383757559 0.08571428571428572 5
1718383757868 0.08571428571428572 6
1718383758183 0.08571428571428572 7
1718383758502 0.08571428571428572 8
1718383758805 0.08571428571428572 9
1718383759119 0.08571428571428572 10
1718383759428 0.08571428571428572 11
1718383759742 0.08571428571428572 12
1718383760061 0.08571428571428572 13
1718383760375 0.08571428571428572 14
1718383760684 0.08571428571428572 15
1718383760993 0.08571428571428572 16
1718383761313 0.08571428571428572 17
1718383761641 0.08571428571428572 18
1718383761942 0.08571428571428572 19
1718383762255 0.08571428571428572 20
1718383762589 0.08571428571428572 21
1718383762910 0.08571428571428572 22
1718383763239 0.08571428571428572 23
1718383763570 0.08571428571428572 24
1718383763897 0.08571428571428572 25
1718383764213 0.08571428571428572 26
1718383764541 0.08571428571428572 27
1718383764856 0.08571428571428572 28
1718383765194 0.08571428571428572 29
1718383765539 0.08571428571428572 30
1718383765851 0.08571428571428572 31
1718383766163 0.08571428571428572 32
1718383766485 0.08571428571428572 33
1718383766811 0.08571428571428572 34
1718383767166 0.08571428571428572 35
1718383767548 0.08571428571428572 36
1718383767887 0.08571428571428572 37
1718383768212 0.08571428571428572 38
1718383768552 0.08571428571428572 39
1718383768874 0.08571428571428572 40
1718383769187 0.08571428571428572 41
1718383769532 0.08571428571428572 42
1718383769855 0.08571428571428572 43
1718383770170 0.08571428571428572 44
1718383770501 0.08571428571428572 45
1718383770817 0.08571428571428572 46
1718383771137 0.08571428571428572 47
1718383771458 0.08571428571428572 48
1718383771771 0.08571428571428572 49
