1718415038799 3.0681252479553223 0
1718415039565 2.3330836296081543 1
1718415040249 4.799427509307861 2
1718415040965 2.681525230407715 3
1718415041665 2.8504555225372314 4
1718415042365 3.343036651611328 5
1718415043065 2.403419017791748 6
1718415043781 7.413496494293213 7
1718415044531 2.5943145751953125 8
1718415045248 3.594717502593994 9
1718415045948 2.317659378051758 10
1718415046698 8.552785873413086 11
1718415047449 2.3968920707702637 12
1718415048181 3.2092514038085938 13
1718415048947 3.5793182849884033 14
1718415049666 3.793553113937378 15
1718415050380 2.300436496734619 16
1718415051113 2.81052565574646 17
1718415051867 2.4039430618286133 18
1718415052597 2.3178820610046387 19
1718415053330 6.737236976623535 20
1718415054063 7.310588836669922 21
1718415054768 2.648441791534424 22
1718415055462 2.4137749671936035 23
1718415056168 5.265321731567383 24
1718415056879 3.67792010307312 25
1718415057579 2.6966168880462646 26
1718415058278 2.7835302352905273 27
1718415058995 3.4108669757843018 28
1718415059711 3.114488124847412 29
1718415060428 2.313072681427002 30
1718415061143 2.295013904571533 31
1718415061845 3.0320050716400146 32
1718415062694 3.721515655517578 33
1718415063561 2.608104705810547 34
1718415064444 2.3919034004211426 35
1718415065310 3.7275500297546387 36
1718415066177 4.035857200622559 37
1718415067043 5.323403835296631 38
1718415067877 4.707533836364746 39
1718415068726 3.1840105056762695 40
1718415069543 2.3015668392181396 41
1718415070367 2.3116090297698975 42
1718415071193 3.969615936279297 43
1718415071992 2.551161527633667 44
1718415072826 6.052151679992676 45
1718415073675 3.9814612865448 46
1718415074525 3.6259028911590576 47
1718415075408 6.349510669708252 48
1718415076242 7.383368492126465 49
