1718434089633 0.011158943176269531 0
1718434090519 -0.09354400634765625 1
1718434091333 0.6146125793457031 2
1718434092166 0.12618446350097656 3
1718434092951 1.5161895751953125 4
1718434093766 1.1303329467773438 5
1718434094599 10.209815979003906 6
1718434095419 -4.868556976318359 7
1718434096232 10.978567123413086 8
1718434097082 -0.028024673461914062 9
1718434097927 -8.885697364807129 10
1718434098736 -0.7937009334564209 11
1718434099531 10.445611000061035 12
1718434100319 7.025007247924805 13
1718434101132 -1.1712207794189453 14
1718434101931 -0.2893638610839844 15
1718434102747 -1.9781227111816406 16
1718434103557 -6.026456832885742 17
1718434104314 1.7403697967529297 18
1718434105015 -0.09334373474121094 19
1718434105680 -0.33599853515625 20
1718434106313 1.3377132415771484 21
1718434106980 0.06367063522338867 22
1718434107646 1.3773860931396484 23
1718434108296 0.12150192260742188 24
1718434108960 -0.06773662567138672 25
1718434109633 -1.8215484619140625 26
1718434110279 1.0431327819824219 27
1718434110945 -0.38789939880371094 28
1718434111629 -2.384592056274414 29
1718434112345 -0.0153656005859375 30
1718434113012 5.521736145019531 31
1718434113678 -3.1990556716918945 32
1718434114344 -0.06137657165527344 33
1718434115010 -2.835357666015625 34
1718434115665 0.10905075073242188 35
1718434116315 1.3116836547851562 36
1718434116978 0.011140823364257812 37
1718434117661 -1.0327568054199219 38
1718434118311 -0.07815170288085938 39
1718434118960 -1.9325790405273438 40
1718434119610 3.002239227294922 41
1718434120261 0.017219066619873047 42
1718434120927 -0.09193992614746094 43
1718434121587 -0.07967376708984375 44
1718434122247 -1.6472053527832031 45
1718434122926 -0.10000228881835938 46
1718434123630 5.618034362792969 47
1718434124280 0.010950565338134766 48
1718434124943 3.5734310150146484 49
