1718547201174 0.1605351170568562 0
1718547205645 0.1605351170568562 1
1718547210206 0.1605351170568562 2
1718547214750 0.1605351170568562 3
1718547219757 0.1605351170568562 4
1718547224319 0.1605351170568562 5
1718547228853 0.1605351170568562 6
1718547233367 0.1605351170568562 7
1718547237904 0.1605351170568562 8
1718547242634 0.1605351170568562 9
1718547247933 0.1605351170568562 10
1718547253180 0.1605351170568562 11
1718547258462 0.1605351170568562 12
1718547263095 0.1605351170568562 13
1718547267644 0.1605351170568562 14
1718547272093 0.1605351170568562 15
1718547276646 0.1605351170568562 16
1718547281341 0.1605351170568562 17
1718547285792 0.1605351170568562 18
1718547290324 0.1605351170568562 19
1718547294872 0.1605351170568562 20
1718547299458 0.1605351170568562 21
1718547304536 0.1605351170568562 22
1718547309785 0.1605351170568562 23
1718547315084 0.1605351170568562 24
1718547320253 0.1605351170568562 25
1718547324899 0.1605351170568562 26
1718547329398 0.1605351170568562 27
1718547333897 0.1605351170568562 28
1718547338513 0.1605351170568562 29
1718547342962 0.1605351170568562 30
1718547347428 0.1605351170568562 31
1718547351877 0.1605351170568562 32
1718547356343 0.1605351170568562 33
1718547360811 0.1605351170568562 34
1718547365877 0.1605351170568562 35
1718547371062 0.1605351170568562 36
1718547376366 0.1605351170568562 37
1718547381221 0.1605351170568562 38
1718547385787 0.1605351170568562 39
1718547390489 0.1605351170568562 40
1718547395002 0.1605351170568562 41
1718547399463 0.1605351170568562 42
1718547404000 0.1605351170568562 43
1718547408566 0.1605351170568562 44
1718547413166 0.1605351170568562 45
1718547417881 0.1605351170568562 46
1718547422531 0.1605351170568562 47
1718547427932 0.1605351170568562 48
1718547433161 0.1605351170568562 49
