1718380994168 -0.08119559288024902 0
1718380994834 -0.11647319793701172 1
1718380995501 -0.23691439628601074 2
1718380996169 -0.24813127517700195 3
1718380996832 -0.23810768127441406 4
1718380997497 -0.03296780586242676 5
1718380998172 -0.04143071174621582 6
1718380998839 0.0006015300750732422 7
1718380999538 -0.028861284255981445 8
1718381000299 -0.016187429428100586 9
1718381001090 0.21770286560058594 10
1718381001765 -0.5535032749176025 11
1718381002526 -0.23397016525268555 12
1718381003279 -0.26844048500061035 13
1718381003987 -0.23804879188537598 14
1718381004726 -0.23958492279052734 15
1718381005427 -0.14392518997192383 16
1718381006109 -0.22875571250915527 17
1718381006794 -0.23810791969299316 18
1718381007496 -0.17104434967041016 19
1718381008188 -0.14667701721191406 20
1718381008858 -0.1463174819946289 21
1718381009522 -0.6339719295501709 22
1718381010198 -0.23823952674865723 23
1718381010865 -0.29782652854919434 24
1718381011535 -0.2188115119934082 25
1718381012211 -0.02601766586303711 26
1718381012872 0.127180814743042 27
1718381013543 0.06718945503234863 28
1718381014216 -0.24679088592529297 29
1718381014881 -0.26596927642822266 30
1718381015540 -0.2188122272491455 31
1718381016312 0.4278208017349243 32
1718381016979 -0.1796877384185791 33
1718381017647 0.13692593574523926 34
1718381018324 -0.19092798233032227 35
1718381018978 0.12763309478759766 36
1718381019633 -0.05331707000732422 37
1718381020318 -0.19092822074890137 38
1718381020973 -0.14637970924377441 39
1718381021670 -0.1622023582458496 40
1718381022347 0.057034969329833984 41
1718381023015 -0.24173736572265625 42
1718381023686 0.025120258331298828 43
1718381024367 0.2322077751159668 44
1718381025023 -0.3894188404083252 45
1718381025695 -0.21151494979858398 46
1718381026366 -0.04011392593383789 47
1718381027026 -0.18401122093200684 48
1718381027697 -0.12180042266845703 49
