1718427585713 6.7129316329956055 0
1718427586082 2.3744959831237793 1
1718427586396 2.595280885696411 2
1718427586696 2.285757303237915 3
1718427587030 2.4304966926574707 4
1718427587329 2.309145927429199 5
1718427587629 3.116730213165283 6
1718427587946 2.540191173553467 7
1718427588263 2.3645026683807373 8
1718427588562 3.1229240894317627 9
1718427588866 2.494521141052246 10
1718427589179 2.3051695823669434 11
1718427589479 2.347304582595825 12
1718427589798 2.337955951690674 13
1718427590112 3.510500192642212 14
1718427590429 2.4217324256896973 15
1718427590745 3.770329713821411 16
1718427591045 2.9854238033294678 17
1718427591412 5.126315116882324 18
1718427591728 3.7003676891326904 19
1718427592060 2.3897757530212402 20
1718427592378 4.358672618865967 21
1718427592712 2.5062155723571777 22
1718427593028 2.3593106269836426 23
1718427593345 3.866807222366333 24
1718427593678 2.5154600143432617 25
1718427594013 4.290342807769775 26
1718427594346 2.7020769119262695 27
1718427594662 2.2950429916381836 28
1718427595011 2.322662353515625 29
1718427595328 2.3486437797546387 30
1718427595683 2.8077166080474854 31
1718427596030 7.193543910980225 32
1718427596364 5.398972511291504 33
1718427596678 2.340764045715332 34
1718427597011 2.877474308013916 35
1718427597328 3.638108730316162 36
1718427597645 3.465184211730957 37
1718427597988 2.3305201530456543 38
1718427598344 2.654391288757324 39
1718427598661 2.3902556896209717 40
1718427598998 3.4576196670532227 41
1718427599314 3.8547003269195557 42
1718427599648 2.3719961643218994 43
1718427599977 6.508275032043457 44
1718427600294 4.048597812652588 45
1718427600627 2.4188122749328613 46
1718427600943 2.6077191829681396 47
1718427601246 2.421680212020874 48
1718427601543 2.4163784980773926 49
