1718393364906 0.05555555555555555 0
1718393365246 0.05555555555555555 1
1718393365651 0.05555555555555555 2
1718393365998 0.05555555555555555 3
1718393366373 0.05555555555555555 4
1718393366726 0.05555555555555555 5
1718393367078 0.05555555555555555 6
1718393367463 0.05555555555555555 7
1718393367801 0.45128205128205123 8
1718393368190 0.30154237297094444 9
1718393368601 0.20123839009287925 10
1718393369030 0.303052503052503 11
1718393369402 0.23926221804511277 12
1718393369808 0.171875 13
1718393370186 0.26703296703296703 14
1718393370692 0.2240896358543417 15
1718393371121 0.14375000000000002 16
1718393371570 0.3915343915343915 17
1718393371972 0.1600877192982456 18
1718393372361 0.2418203967977724 19
1718393372739 0.10256410256410257 20
1718393373134 0.1800356506238859 21
1718393373534 0.20279034690799397 22
1718393373920 0.15828402366863903 23
1718393374310 0.19871794871794873 24
1718393374686 0.3288267288267288 25
1718393375156 0.16538461538461538 26
1718393375620 0.4392274392274392 27
1718393376012 0.4697524697524698 28
1718393376402 0.42352941176470593 29
1718393376770 0.12878787878787878 30
1718393377124 0.2586367880485527 31
1718393377514 0.11604938271604938 32
1718393377921 0.3587301587301588 33
1718393378325 0.46184012066365016 34
1718393378723 0.5057199211045366 35
1718393379090 0.45476190476190487 36
1718393379460 0.5017316017316017 37
1718393379807 0.4850649350649351 38
1718393380176 0.4883116883116883 39
1718393380527 0.49058714394848846 40
1718393380881 0.44935064935064933 41
1718393381227 0.43982683982683984 42
1718393381594 0.4273964131106988 43
1718393381945 0.4751082251082251 44
1718393382361 0.48982683982683983 45
1718393382835 0.4874458874458875 46
1718393383343 0.533000333000333 47
1718393383737 0.533000333000333 48
1718393384089 0.41507936507936505 49
