1718537828170 0.08727272727272728 0
1718537829118 0.08727272727272728 1
1718537830071 0.08727272727272728 2
1718537831034 0.08727272727272728 3
1718537831984 0.08727272727272728 4
1718537832917 0.08727272727272728 5
1718537834001 0.08727272727272728 6
1718537835000 0.08727272727272728 7
1718537835917 0.08727272727272728 8
1718537836872 0.08727272727272728 9
1718537837752 0.08727272727272728 10
1718537838600 0.08727272727272728 11
1718537839373 0.08727272727272728 12
1718537840149 0.08727272727272728 13
1718537840899 0.08727272727272728 14
1718537841673 0.08727272727272728 15
1718537842415 0.08727272727272728 16
1718537843215 0.08727272727272728 17
1718537844014 0.08727272727272728 18
1718537844782 0.08727272727272728 19
1718537845557 0.08727272727272728 20
1718537846298 0.08727272727272728 21
1718537847098 0.08727272727272728 22
1718537847835 0.08727272727272728 23
1718537848614 0.08727272727272728 24
1718537849348 0.08727272727272728 25
1718537850184 0.08727272727272728 26
1718537850997 0.08727272727272728 27
1718537851783 0.08727272727272728 28
1718537852596 0.08727272727272728 29
1718537853397 0.08727272727272728 30
1718537854163 0.08727272727272728 31
1718537854913 0.08727272727272728 32
1718537855663 0.08727272727272728 33
1718537856433 0.08727272727272728 34
1718537857196 0.08727272727272728 35
1718537858012 0.08727272727272728 36
1718537858765 0.08727272727272728 37
1718537859495 0.08727272727272728 38
1718537860312 0.08727272727272728 39
1718537861145 0.08727272727272728 40
1718537861961 0.08727272727272728 41
1718537862745 0.08727272727272728 42
1718537863495 0.08727272727272728 43
1718537864280 0.08727272727272728 44
1718537865061 0.08727272727272728 45
1718537865828 0.08727272727272728 46
1718537866594 0.08727272727272728 47
1718537867394 0.08727272727272728 48
1718537868160 0.08727272727272728 49
