1717609304196 0.39679715302491103 0
1717609304596 0.4299772899318698 1
1717609304929 0.46484848484848484 2
1717609305281 0.38606060606060605 3
1717609305595 0.4084848484848485 4
1717609306112 0.396969696969697 5
1717609306462 0.5975757575757575 6
1717609306800 0.43333333333333335 7
1717609307162 0.5951515151515151 8
1717609307495 0.45212121212121215 9
1717609307845 0.45212121212121215 10
1717609308261 0.5206060606060606 11
1717609308612 0.6331081081081081 12
1717609308962 0.6084848484848485 13
1717609309312 0.6709090909090909 14
1717609309649 0.5703030303030303 15
1717609309978 0.5690909090909091 16
1717609310328 0.6866666666666666 17
1717609310687 0.7836363636363637 18
1717609311010 0.7533333333333333 19
