1718554696582 0.08727272727272728 0
1718554697198 0.08727272727272728 1
1718554697785 0.08727272727272728 2
1718554698381 0.08727272727272728 3
1718554698981 0.08727272727272728 4
1718554699564 0.08727272727272728 5
1718554700167 0.08727272727272728 6
1718554700664 0.08727272727272728 7
1718554701148 0.08727272727272728 8
1718554701614 0.08727272727272728 9
1718554702081 0.08727272727272728 10
1718554702564 0.08727272727272728 11
1718554703032 0.08727272727272728 12
1718554703532 0.08727272727272728 13
1718554704047 0.08727272727272728 14
1718554704632 0.08727272727272728 15
1718554705196 0.08727272727272728 16
1718554705663 0.08727272727272728 17
1718554706133 0.08727272727272728 18
1718554706646 0.08727272727272728 19
1718554707096 0.08727272727272728 20
1718554707596 0.08727272727272728 21
1718554708046 0.08727272727272728 22
1718554708533 0.08727272727272728 23
1718554709046 0.08727272727272728 24
1718554709546 0.08727272727272728 25
1718554710046 0.08727272727272728 26
1718554710565 0.08727272727272728 27
1718554711062 0.08727272727272728 28
1718554711562 0.08727272727272728 29
1718554712065 0.08727272727272728 30
1718554712595 0.08727272727272728 31
1718554713112 0.08727272727272728 32
1718554713578 0.08727272727272728 33
1718554714039 0.08727272727272728 34
1718554714545 0.08727272727272728 35
1718554715032 0.08727272727272728 36
1718554715535 0.08727272727272728 37
1718554716045 0.08727272727272728 38
1718554716526 0.08727272727272728 39
1718554716979 0.08727272727272728 40
1718554717478 0.08727272727272728 41
1718554717948 0.08727272727272728 42
1718554718394 0.08727272727272728 43
1718554718861 0.08727272727272728 44
1718554719327 0.08727272727272728 45
1718554719794 0.08727272727272728 46
1718554720261 0.08727272727272728 47
1718554720730 0.08727272727272728 48
1718554721177 0.08727272727272728 49
