1718384752712 0.17142857142857143 0
1718384753053 0.17142857142857143 1
1718384753428 0.17142857142857143 2
1718384753854 0.17142857142857143 3
1718384754185 0.17142857142857143 4
1718384754531 0.17142857142857143 5
1718384754860 0.17142857142857143 6
1718384755196 0.17142857142857143 7
1718384755548 0.17142857142857143 8
1718384755885 0.17142857142857143 9
1718384756220 0.17142857142857143 10
1718384756566 0.17142857142857143 11
1718384756913 0.17142857142857143 12
1718384757253 0.17142857142857143 13
1718384757599 0.17142857142857143 14
1718384757944 0.17142857142857143 15
1718384758335 0.17142857142857143 16
1718384758727 0.17142857142857143 17
1718384759103 0.17142857142857143 18
1718384759461 0.17142857142857143 19
1718384759815 0.17142857142857143 20
1718384760180 0.17142857142857143 21
1718384760548 0.17142857142857143 22
1718384760898 0.17142857142857143 23
1718384761250 0.17142857142857143 24
1718384761598 0.17142857142857143 25
1718384761944 0.17142857142857143 26
1718384762358 0.17142857142857143 27
1718384762814 0.17142857142857143 28
1718384763287 0.17142857142857143 29
1718384763766 0.17142857142857143 30
1718384764216 0.17142857142857143 31
1718384764659 0.17142857142857143 32
1718384765093 0.17142857142857143 33
1718384765526 0.17142857142857143 34
1718384765970 0.17142857142857143 35
1718384766394 0.17142857142857143 36
1718384766809 0.17142857142857143 37
1718384767231 0.17142857142857143 38
1718384767657 0.17142857142857143 39
1718384768086 0.17142857142857143 40
1718384768509 0.17142857142857143 41
1718384768934 0.17142857142857143 42
1718384769367 0.17142857142857143 43
1718384769781 0.17142857142857143 44
1718384770187 0.17142857142857143 45
1718384770606 0.17142857142857143 46
1718384771017 0.17142857142857143 47
1718384771436 0.17142857142857143 48
1718384771838 0.17142857142857143 49
