1718380480438 0.3333333333333333 0
1718380481094 0.3333333333333333 1
1718380481740 0.3333333333333333 2
1718380482354 0.3333333333333333 3
1718380482987 0.3333333333333333 4
1718380483612 0.3333333333333333 5
1718380484233 0.3333333333333333 6
1718380484868 0.3333333333333333 7
1718380485488 0.3333333333333333 8
1718380486143 0.3333333333333333 9
1718380486806 0.3333333333333333 10
1718380487452 0.3333333333333333 11
1718380488111 0.3333333333333333 12
1718380488764 0.3333333333333333 13
1718380489429 0.3333333333333333 14
1718380490079 0.3333333333333333 15
1718380490743 0.3333333333333333 16
1718380491409 0.3333333333333333 17
1718380492081 0.3333333333333333 18
1718380492728 0.3333333333333333 19
1718380493366 0.3333333333333333 20
1718380494024 0.3333333333333333 21
1718380494666 0.3333333333333333 22
1718380495326 0.3333333333333333 23
1718380495982 0.3333333333333333 24
1718380496614 0.3333333333333333 25
1718380497369 0.3333333333333333 26
1718380498015 0.3333333333333333 27
1718380498653 0.3333333333333333 28
1718380499290 0.3333333333333333 29
1718380499923 0.3333333333333333 30
1718380500551 0.3333333333333333 31
1718380501190 0.3333333333333333 32
1718380501806 0.3333333333333333 33
1718380502502 0.3333333333333333 34
1718380503243 0.3333333333333333 35
1718380503988 0.3333333333333333 36
1718380504698 0.3333333333333333 37
1718380505401 0.3333333333333333 38
1718380506165 0.3333333333333333 39
1718380506869 0.3333333333333333 40
1718380507571 0.3333333333333333 41
1718380508313 0.3333333333333333 42
1718380509050 0.3333333333333333 43
1718380509764 0.3333333333333333 44
1718380510500 0.3333333333333333 45
1718380511259 0.3333333333333333 46
1718380511945 0.3333333333333333 47
1718380512613 0.3333333333333333 48
1718380513254 0.3333333333333333 49
