1718452609435 nan 0
1718452610121 nan 1
1718452610771 nan 2
1718452611421 nan 3
1718452612057 nan 4
1718452612704 nan 5
1718452613339 nan 6
1718452614020 nan 7
1718452614720 nan 8
1718452615353 nan 9
1718452616056 nan 10
1718452616740 nan 11
1718452617420 nan 12
1718452618103 nan 13
1718452618786 nan 14
1718452619453 nan 15
1718452620173 nan 16
1718452620869 nan 17
1718452621552 nan 18
1718452622286 nan 19
1718452623288 nan 20
1718452624237 nan 21
1718452625085 nan 22
1718452625918 nan 23
1718452626751 nan 24
1718452627618 nan 25
1718452628421 nan 26
1718452629251 nan 27
1718452630084 nan 28
1718452630934 nan 29
1718452631754 nan 30
1718452632567 nan 31
1718452633383 nan 32
1718452634267 nan 33
1718452635117 nan 34
1718452636002 nan 35
1718452636881 nan 36
1718452637684 nan 37
1718452638482 nan 38
1718452639247 nan 39
1718452640031 nan 40
1718452640784 nan 41
1718452641531 nan 42
1718452642283 nan 43
1718452643032 nan 44
1718452643802 nan 45
1718452644552 nan 46
1718452645348 nan 47
1718452646064 nan 48
1718452646747 nan 49
