1718425500323 0.0 0
1718425504523 0.0 1
1718425509188 0.0 2
1718425514057 0.0 3
1718425518769 0.0 4
1718425523252 0.0 5
1718425527085 0.0 6
1718425530934 0.0 7
1718425534800 0.0 8
1718425538701 0.0 9
1718425542465 0.0 10
1718425546264 0.0 11
1718425550197 0.0 12
1718425554466 0.0 13
1718425558245 0.0 14
1718425562145 0.0 15
1718425566794 0.0 16
1718425571409 0.0 17
1718425576025 0.0 18
1718425580588 0.0 19
1718425584640 0.0 20
1718425588442 0.0 21
1718425592209 0.0 22
1718425596057 0.0 23
1718425599870 0.0 24
1718425603720 0.0 25
1718425607502 0.0 26
1718425611320 0.0 27
1718425615201 0.0 28
1718425619020 0.0 29
1718425622982 0.0 30
1718425627498 0.0 31
1718425632231 0.0 32
1718425636900 0.0 33
1718425641562 0.0 34
1718425645545 0.0 35
1718425649327 0.0 36
1718425653160 0.0 37
1718425656926 0.0 38
1718425660708 0.0 39
1718425664486 0.0 40
1718425668440 0.0 41
1718425672240 0.0 42
1718425676039 0.0 43
1718425679821 0.0 44
1718425683937 0.0 45
1718425688486 0.0 46
1718425693252 0.0 47
1718425697768 0.0 48
1718425702350 0.0 49
