1718438949444 nan 0
1718438949881 nan 1
1718438950327 nan 2
1718438950745 nan 3
1718438951126 nan 4
1718438951509 nan 5
1718438951908 nan 6
1718438952287 nan 7
1718438952659 nan 8
1718438953063 nan 9
1718438953443 nan 10
1718438953859 nan 11
1718438954246 nan 12
1718438954659 nan 13
1718438955080 nan 14
1718438955459 nan 15
1718438955842 nan 16
1718438956209 nan 17
1718438956562 nan 18
1718438956942 nan 19
1718438957308 nan 20
1718438957676 nan 21
1718438958025 nan 22
1718438958392 nan 23
1718438958808 nan 24
1718438959183 nan 25
1718438959541 nan 26
1718438959908 nan 27
1718438960325 nan 28
1718438960695 nan 29
1718438961091 nan 30
1718438961458 nan 31
1718438961828 nan 32
1718438962191 nan 33
1718438962574 nan 34
1718438962941 nan 35
1718438963291 nan 36
1718438963789 nan 37
1718438964161 nan 38
1718438964512 nan 39
1718438964890 nan 40
1718438965277 nan 41
1718438965640 nan 42
1718438965990 nan 43
1718438966306 nan 44
1718438966606 nan 45
1718438966906 nan 46
1718438967190 nan 47
1718438967490 nan 48
1718438967790 nan 49
