1718444503925 0.0 0
1718444508082 0.0 1
1718444512197 0.0 2
1718444516264 0.0 3
1718444520380 0.0 4
1718444525312 0.0 5
1718444530361 0.0 6
1718444535427 0.0 7
1718444540460 0.0 8
1718444545195 0.0 9
1718444549408 0.0 10
1718444553598 0.0 11
1718444557855 0.0 12
1718444562222 0.0 13
1718444566374 0.0 14
1718444570453 0.0 15
1718444574719 0.0 16
1718444578855 0.0 17
1718444583468 0.0 18
1718444588630 0.0 19
1718444593920 0.0 20
1718444598831 0.0 21
1718444603930 0.0 22
1718444608296 0.0 23
1718444612495 0.0 24
1718444616644 0.0 25
1718444620810 0.0 26
1718444625026 0.0 27
1718444629111 0.0 28
1718444633241 0.0 29
1718444637324 0.0 30
1718444641543 0.0 31
1718444646367 0.0 32
1718444651265 0.0 33
1718444656237 0.0 34
1718444661136 0.0 35
1718444665669 0.0 36
1718444669867 0.0 37
1718444673969 0.0 38
1718444678152 0.0 39
1718444682331 0.0 40
1718444686447 0.0 41
1718444690713 0.0 42
1718444694829 0.0 43
1718444698929 0.0 44
1718444703344 0.0 45
1718444708193 0.0 46
1718444713088 0.0 47
1718444718174 0.0 48
1718444723074 0.0 49
