1718413011281 1.595193862915039 0
1718413015847 -0.06946849822998047 1
1718413020613 1.464406967163086 2
1718413025762 2.073418617248535 3
1718413031211 1.7086715698242188 4
1718413036626 -4.236771583557129 5
1718413041792 -3.065509796142578 6
1718413046341 5.085847854614258 7
1718413050957 3.1958045959472656 8
1718413055889 3.300596237182617 9
1718413060722 0.3861865997314453 10
1718413065454 1.1363277435302734 11
1718413070036 -1.206380844116211 12
1718413074635 4.265266418457031 13
1718413079351 1.029160499572754 14
1718413084584 0.5139408111572266 15
1718413089966 0.25201892852783203 16
1718413095348 -4.747396469116211 17
1718413100730 20.845233917236328 18
1718413105579 6.976325988769531 19
1718413110244 0.8523368835449219 20
1718413114844 -2.987224578857422 21
1718413119477 -0.03019428253173828 22
1718413124009 -1.016981601715088 23
1718413128591 -2.1425552368164062 24
1718413133107 1.0305471420288086 25
1718413137656 -0.6771411895751953 26
1718413142388 1.2034893035888672 27
1718413147771 0.44008731842041016 28
1718413153337 0.14583849906921387 29
1718413158802 1.0095481872558594 30
1718413163751 -4.4529266357421875 31
1718413168384 3.853780746459961 32
1718413172933 1.4123916625976562 33
1718413177482 0.34239959716796875 34
1718413182048 6.148180961608887 35
1718413186597 -6.436511993408203 36
1718413191161 1.0123496055603027 37
1718413195828 1.3243160247802734 38
1718413200527 2.252573013305664 39
1718413205693 3.2203502655029297 40
1718413211075 2.9214515686035156 41
1718413216408 1.596303939819336 42
1718413221640 3.6035003662109375 43
1718413226189 0.6916522979736328 44
1718413230738 -0.67620849609375 45
1718413235287 1.193582534790039 46
1718413239853 -1.5741195678710938 47
1718413244485 -1.4936752319335938 48
1718413249034 1.410627841949463 49
