1718438013844 nan 0
1718438014527 nan 1
1718438015164 nan 2
1718438015760 nan 3
1718438016384 nan 4
1718438016984 nan 5
1718438017585 nan 6
1718438018187 nan 7
1718438018793 nan 8
1718438019409 nan 9
1718438020083 nan 10
1718438020708 nan 11
1718438021362 nan 12
1718438022026 nan 13
1718438022726 nan 14
1718438023409 nan 15
1718438024062 nan 16
1718438024709 nan 17
1718438025356 nan 18
1718438025962 nan 19
1718438026625 nan 20
1718438027245 nan 21
1718438027881 nan 22
1718438028524 nan 23
1718438029173 nan 24
1718438029788 nan 25
1718438030391 nan 26
1718438030991 nan 27
1718438031624 nan 28
1718438032240 nan 29
1718438032867 nan 30
1718438033458 nan 31
1718438034040 nan 32
1718438034660 nan 33
1718438035269 nan 34
1718438035906 nan 35
1718438036523 nan 36
1718438037106 nan 37
1718438037705 nan 38
1718438038326 nan 39
1718438038938 nan 40
1718438039522 nan 41
1718438040141 nan 42
1718438040739 nan 43
1718438041322 nan 44
1718438041924 nan 45
1718438042622 nan 46
1718438043422 nan 47
1718438044188 nan 48
1718438044988 nan 49
