1718330594257 2.1154191493988037 0
1718330594592 2.0565950870513916 1
1718330594885 1.9111697673797607 2
1718330595171 1.963516354560852 3
1718330595479 1.9425071477890015 4
1718330595760 1.883708119392395 5
1718330596044 1.8999913930892944 6
1718330596339 2.117241859436035 7
1718330596627 2.2547616958618164 8
1718330596912 2.3888163566589355 9
1718330597195 2.218012571334839 10
1718330597491 2.3371591567993164 11
1718330597779 2.1040399074554443 12
1718330598059 2.2546868324279785 13
1718330598353 2.0059094429016113 14
1718330598642 1.9362716674804688 15
1718330598931 1.8993265628814697 16
1718330599204 2.1227898597717285 17
1718330599511 2.0817174911499023 18
1718330599805 2.242060899734497 19
1718330600090 1.9546178579330444 20
1718330600386 2.229702949523926 21
1718330600675 2.1357157230377197 22
1718330600969 1.9596545696258545 23
1718330601263 2.0624091625213623 24
1718330601589 2.3176167011260986 25
1718330601886 1.695040225982666 26
1718330602215 1.9091509580612183 27
1718330602579 2.0994513034820557 28
1718330602897 2.3128137588500977 29
1718330603237 2.1696135997772217 30
1718330603591 2.1329290866851807 31
1718330603902 2.3690977096557617 32
1718330604198 2.127250909805298 33
1718330604514 2.346261501312256 34
1718330604813 1.933335781097412 35
1718330605112 1.9180742502212524 36
1718330605405 2.024465322494507 37
1718330605711 1.8967150449752808 38
1718330606008 1.8251824378967285 39
1718330606312 1.8825976848602295 40
1718330606623 1.739202618598938 41
1718330606920 2.0064895153045654 42
1718330607221 2.2542848587036133 43
1718330607537 2.1360878944396973 44
1718330607839 1.8564927577972412 45
1718330608172 1.8579707145690918 46
1718330608522 2.028021812438965 47
1718330608824 2.0596864223480225 48
1718330609134 1.8855500221252441 49
