1718524828930 0.07774805242878535 0
1718524829262 0.35325297917864396 1
1718524829610 0.15990407851192615 2
1718524829960 0.29480961530250627 3
1718524830330 0.12441411929610839 4
1718524830676 0.22817712756679745 5
1718524831045 0.16870144284128746 6
1718524831543 0.16080199516445273 7
1718524831893 0.0608600973752547 8
1718524832243 0.13424888389804338 9
1718524832596 0.21737509631224983 10
1718524832926 0.25591596072564227 11
1718524833259 0.08505344999503889 12
1718524833620 0.5528451150800571 13
1718524833959 0.11104359808307962 14
1718524834326 0.16870144284128746 15
1718524834723 0.1676846196557468 16
1718524835092 0.32917965273194977 17
1718524835442 0.14733470131840437 18
1718524835783 0.16870144284128746 19
1718524836142 0.1676846196557468 20
1718524836517 0.4706400451908365 21
1718524836842 0.1676846196557468 22
1718524837192 0.40923408072746914 23
1718524837527 0.20751350109481007 24
1718524837858 0.08170973662897824 25
1718524838215 0.12463920332983235 26
1718524838541 0.05589864104961644 27
1718524838883 0.38952080890691454 28
1718524839225 0.2733124640513641 29
1718524839541 0.2100251968583435 30
1718524839893 0.08458667319341615 31
1718524840225 0.15194777174054847 32
1718524840674 0.07970372952272105 33
1718524841008 0.3795530897224844 34
1718524841357 0.2930536879214128 35
1718524841693 0.49868689149538764 36
1718524842024 0.2910963661745131 37
1718524842374 0.5444868244868244 38
1718524842709 0.09661835661989807 39
1718524843057 0.217668563377497 40
1718524843407 0.059541135387518034 41
1718524843724 0.16870144284128746 42
1718524844074 0.05539608529672976 43
1718524844424 0.4979150355008498 44
1718524844789 0.2767526608264167 45
1718524845140 0.30917958059142847 46
1718524845489 0.49263271036728906 47
1718524845823 0.23460148406459155 48
1718524846186 0.46439387340001426 49
