1718389086927 0.3430582284927368 0
1718389087198 0.3189603388309479 1
1718389087465 0.367123007774353 2
1718389087770 0.4327913224697113 3
1718389088062 0.3022422790527344 4
1718389088336 0.29220348596572876 5
1718389088623 0.29331377148628235 6
1718389088914 0.2725994884967804 7
1718389089200 0.3336072266101837 8
1718389089473 0.30156993865966797 9
1718389089748 0.3310665786266327 10
1718389090024 0.37926116585731506 11
1718389090292 0.30447614192962646 12
1718389090573 0.28486189246177673 13
1718389090859 0.28972479701042175 14
1718389091128 0.26644057035446167 15
1718389091401 0.2733810245990753 16
1718389091678 0.31424474716186523 17
1718389091962 0.281451553106308 18
1718389092234 0.2864002585411072 19
1718389092505 0.27296051383018494 20
1718389092796 0.29172253608703613 21
1718389093071 0.29965347051620483 22
1718389093348 0.2521190345287323 23
1718389093620 0.2486875355243683 24
1718389093912 0.2624761462211609 25
1718389094239 0.256881445646286 26
1718389094512 0.3134039342403412 27
1718389094795 0.32796064019203186 28
1718389095278 0.2685723304748535 29
1718389095543 0.35468336939811707 30
1718389095836 0.3187415301799774 31
1718389096117 0.3098798990249634 32
1718389096389 0.25574663281440735 33
1718389096674 0.29247236251831055 34
1718389096966 0.26773375272750854 35
1718389097253 0.2762167453765869 36
1718389097531 0.2667168974876404 37
1718389097814 0.2802503705024719 38
1718389098056 0.25047722458839417 39
1718389098300 0.2629636824131012 40
1718389098539 0.2331480234861374 41
1718389098794 0.260723739862442 42
1718389099053 0.2690005302429199 43
1718389099294 0.312427282333374 44
1718389099538 0.24828453361988068 45
1718389099783 0.26309412717819214 46
1718389100024 0.24273863434791565 47
1718389100259 0.24577461183071136 48
1718389100494 0.24197247624397278 49
