1718555228524 0.08727272727272728 0
1718555229044 0.08727272727272728 1
1718555229524 0.08727272727272728 2
1718555230008 0.08727272727272728 3
1718555230477 0.08727272727272728 4
1718555230943 0.08727272727272728 5
1718555231427 0.08727272727272728 6
1718555232026 0.08727272727272728 7
1718555232493 0.08727272727272728 8
1718555232943 0.08727272727272728 9
1718555233415 0.08727272727272728 10
1718555233921 0.08727272727272728 11
1718555234426 0.08727272727272728 12
1718555234959 0.08727272727272728 13
1718555235462 0.08727272727272728 14
1718555235926 0.08727272727272728 15
1718555236392 0.08727272727272728 16
1718555236845 0.08727272727272728 17
1718555237317 0.08727272727272728 18
1718555237775 0.08727272727272728 19
1718555238225 0.08727272727272728 20
1718555238692 0.08727272727272728 21
1718555239124 0.08727272727272728 22
1718555239541 0.08727272727272728 23
1718555239875 0.08727272727272728 24
1718555240225 0.08727272727272728 25
1718555240591 0.08727272727272728 26
1718555240941 0.08727272727272728 27
1718555241307 0.08727272727272728 28
1718555241658 0.08727272727272728 29
1718555242024 0.08727272727272728 30
1718555242408 0.08727272727272728 31
1718555242761 0.08727272727272728 32
1718555243141 0.08727272727272728 33
1718555243626 0.08727272727272728 34
1718555243973 0.08727272727272728 35
1718555244324 0.08727272727272728 36
1718555244674 0.08727272727272728 37
1718555245057 0.08727272727272728 38
1718555245407 0.08727272727272728 39
1718555245757 0.08727272727272728 40
1718555246124 0.08727272727272728 41
1718555246474 0.08727272727272728 42
1718555246823 0.08727272727272728 43
1718555247190 0.08727272727272728 44
1718555247557 0.08727272727272728 45
1718555247910 0.08727272727272728 46
1718555248256 0.08727272727272728 47
1718555248623 0.08727272727272728 48
1718555248973 0.08727272727272728 49
