1718575398051 0.7696969696969697 0
1718575398702 0.7478787878787879 1
1718575399302 0.7133333333333334 2
1718575399919 0.7921212121212121 3
1718575400553 0.7593939393939394 4
1718575401170 0.6393939393939394 5
1718575401754 0.7575757575757576 6
1718575402287 0.7951515151515152 7
1718575402721 0.8248484848484848 8
1718575403138 0.7672727272727272 9
1718575403587 0.7781818181818182 10
1718575404005 0.6824242424242424 11
1718575404472 0.7739393939393939 12
1718575404925 0.7193939393939394 13
1718575405390 0.7381818181818182 14
1718575405840 0.7951515151515152 15
1718575406345 0.7442424242424243 16
1718575406907 0.7181818181818181 17
1718575407408 0.7557575757575757 18
1718575407893 0.7812121212121212 19
1718575408360 0.7587878787878788 20
1718575408858 0.7987878787878788 21
1718575409342 0.8212121212121212 22
1718575409776 0.7393939393939394 23
1718575410210 0.7460606060606061 24
1718575410665 0.7824242424242425 25
1718575411135 0.8084848484848485 26
1718575411561 0.7775757575757576 27
1718575412013 0.8127272727272727 28
1718575412596 0.78 29
1718575413046 0.7854545454545454 30
1718575413496 0.8072727272727273 31
1718575414117 0.8206060606060606 32
1718575414563 0.7703030303030303 33
1718575415031 0.6381818181818182 34
1718575415481 0.6290909090909091 35
1718575415948 0.7436363636363637 36
1718575416348 0.7127272727272728 37
1718575416826 0.7145454545454546 38
1718575417265 0.7987878787878788 39
1718575417699 0.7745454545454545 40
1718575418116 0.7660606060606061 41
1718575418549 0.8127272727272727 42
1718575419031 0.7775757575757576 43
1718575419487 0.7933333333333333 44
1718575419931 0.7933333333333333 45
1718575420384 0.7345454545454545 46
1718575420851 0.8266666666666667 47
1718575421335 0.7636363636363637 48
1718575421864 0.7448484848484849 49
