1718331303162 0.0 0
1718331303589 0.02857142857142857 1
1718331303966 0.02857142857142857 2
1718331304318 0.17142857142857143 3
1718331304633 0.17142857142857143 4
1718331304931 0.14285714285714285 5
1718331305220 0.11428571428571428 6
1718331305510 0.05714285714285714 7
1718331305799 0.22857142857142856 8
1718331306089 0.22857142857142856 9
1718331306376 0.2571428571428571 10
1718331306663 0.17142857142857143 11
1718331306959 0.02857142857142857 12
1718331307258 0.14285714285714285 13
1718331307547 0.02857142857142857 14
1718331307836 0.2 15
1718331308152 0.22857142857142856 16
1718331308440 0.2571428571428571 17
1718331308722 0.2 18
1718331309031 0.17142857142857143 19
1718331309336 0.0 20
1718331309635 0.3142857142857143 21
1718331309945 0.2 22
1718331310236 0.0 23
1718331310533 0.08571428571428572 24
1718331310830 0.2 25
1718331311147 0.2571428571428571 26
1718331311441 0.11428571428571428 27
1718331311738 0.17142857142857143 28
1718331312065 0.14285714285714285 29
1718331312368 0.22857142857142856 30
1718331312753 0.17142857142857143 31
1718331313070 0.3142857142857143 32
1718331313372 0.05714285714285714 33
1718331313669 0.08571428571428572 34
1718331313974 0.08571428571428572 35
1718331314287 0.11428571428571428 36
1718331314588 0.2 37
1718331314895 0.34285714285714286 38
1718331315197 0.14285714285714285 39
1718331315483 0.22857142857142856 40
1718331315832 0.08571428571428572 41
1718331316144 0.17142857142857143 42
1718331316528 0.05714285714285714 43
1718331316825 0.17142857142857143 44
1718331317129 0.22857142857142856 45
1718331317422 0.14285714285714285 46
1718331317720 0.17142857142857143 47
1718331318031 0.34285714285714286 48
1718331318320 0.2 49
