1718516424814 0.19454545454545455 0
1718516425297 0.17696969696969697 1
1718516425750 0.13515151515151516 2
1718516426214 0.16787878787878788 3
1718516426647 0.09151515151515152 4
1718516427097 0.12848484848484848 5
1718516427584 0.09272727272727273 6
1718516428063 0.13515151515151516 7
1718516428553 0.19696969696969696 8
1718516428997 0.11757575757575757 9
1718516429439 0.21454545454545454 10
1718516429863 0.10909090909090909 11
1718516430296 0.15636363636363637 12
1718516430766 0.12848484848484848 13
1718516431213 0.16121212121212122 14
1718516431643 0.09212121212121212 15
1718516432099 0.12363636363636364 16
1718516432533 0.17272727272727273 17
1718516432979 0.20303030303030303 18
1718516433412 0.1315151515151515 19
1718516433846 0.19696969696969696 20
1718516434312 0.09212121212121212 21
1718516434747 0.09151515151515152 22
1718516435194 0.09393939393939393 23
1718516435613 0.21212121212121213 24
1718516436043 0.09212121212121212 25
1718516436462 0.09151515151515152 26
1718516436935 0.09151515151515152 27
1718516437364 0.09212121212121212 28
1718516437811 0.10848484848484849 29
1718516438278 0.09515151515151515 30
1718516438711 0.09454545454545454 31
1718516439195 0.10545454545454545 32
1718516439643 0.09151515151515152 33
1718516440128 0.16303030303030303 34
1718516440594 0.20484848484848484 35
1718516441044 0.1715151515151515 36
1718516441461 0.1618181818181818 37
1718516441927 0.18787878787878787 38
1718516442363 0.1303030303030303 39
1718516442777 0.06060606060606061 40
1718516443227 0.09151515151515152 41
1718516443627 0.09151515151515152 42
1718516444094 0.12242424242424242 43
1718516444494 0.1509090909090909 44
1718516444977 0.09272727272727273 45
1718516445393 0.1896969696969697 46
1718516445827 0.10242424242424242 47
1718516446293 0.09151515151515152 48
1718516446710 0.09151515151515152 49
