1718440424770 0.0 0
1718440428669 0.0 1
1718440432718 0.0 2
1718440436649 0.0 3
1718440440400 0.0 4
1718440444599 0.0 5
1718440449184 0.0 6
1718440453664 0.0 7
1718440458313 0.0 8
1718440462945 0.0 9
1718440466829 0.0 10
1718440470544 0.0 11
1718440474280 0.0 12
1718440477982 0.0 13
1718440481678 0.0 14
1718440485407 0.0 15
1718440489377 0.0 16
1718440493175 0.0 17
1718440496905 0.0 18
1718440500804 0.0 19
1718440504970 0.0 20
1718440509256 0.0 21
1718440513585 0.0 22
1718440518118 0.0 23
1718440522670 0.0 24
1718440526783 0.0 25
1718440530582 0.0 26
1718440534331 0.0 27
1718440538064 0.0 28
1718440541796 0.0 29
1718440545596 0.0 30
1718440549314 0.0 31
1718440553045 0.0 32
1718440556760 0.0 33
1718440560543 0.0 34
1718440564762 0.0 35
1718440569224 0.0 36
1718440573707 0.0 37
1718440578272 0.0 38
1718440582838 0.0 39
1718440586740 0.0 40
1718440590453 0.0 41
1718440594220 0.0 42
1718440598071 0.0 43
1718440601801 0.0 44
1718440605536 0.0 45
1718440609336 0.0 46
1718440613051 0.0 47
1718440616765 0.0 48
1718440620564 0.0 49
