1718551509330 nan 0
1718551514625 nan 1
1718551519840 nan 2
1718551524389 nan 3
1718551528921 nan 4
1718551533454 nan 5
1718551538003 nan 6
1718551542552 nan 7
1718551547018 nan 8
1718551551501 nan 9
1718551556159 nan 10
1718551560850 nan 11
1718551565815 nan 12
1718551571080 nan 13
1718551576396 nan 14
1718551581448 nan 15
1718551586044 nan 16
1718551590576 nan 17
1718551595175 nan 18
1718551599708 nan 19
1718551604157 nan 20
1718551608706 nan 21
1718551613289 nan 22
1718551617938 nan 23
1718551622603 nan 24
1718551627919 nan 25
1718551633155 nan 26
1718551638450 nan 27
1718551643116 nan 28
1718551647698 nan 29
1718551652297 nan 30
1718551656963 nan 31
1718551661479 nan 32
1718551666012 nan 33
1718551670523 nan 34
1718551675124 nan 35
1718551679526 nan 36
1718551684558 nan 37
1718551689777 nan 38
1718551695088 nan 39
1718551700505 nan 40
1718551705257 nan 41
1718551709936 nan 42
1718551714650 nan 43
1718551719187 nan 44
1718551723800 nan 45
1718551728320 nan 46
1718551732915 nan 47
1718551737447 nan 48
1718551742045 nan 49
