1718438848213 nan 0
1718438848513 nan 1
1718438848813 nan 2
1718438849163 nan 3
1718438849464 nan 4
1718438849746 nan 5
1718438850063 nan 6
1718438850363 nan 7
1718438850663 nan 8
1718438850963 nan 9
1718438851266 nan 10
1718438851581 nan 11
1718438851881 nan 12
1718438852181 nan 13
1718438852481 nan 14
1718438852812 nan 15
1718438853145 nan 16
1718438853432 nan 17
1718438853745 nan 18
1718438854065 nan 19
1718438854414 nan 20
1718438854712 nan 21
1718438855029 nan 22
1718438855345 nan 23
1718438855645 nan 24
1718438855945 nan 25
1718438856245 nan 26
1718438856560 nan 27
1718438856882 nan 28
1718438857261 nan 29
1718438857582 nan 30
1718438857894 nan 31
1718438858195 nan 32
1718438858499 nan 33
1718438858810 nan 34
1718438859111 nan 35
1718438859428 nan 36
1718438859744 nan 37
1718438860064 nan 38
1718438860381 nan 39
1718438860685 nan 40
1718438860998 nan 41
1718438861313 nan 42
1718438861629 nan 43
1718438861927 nan 44
1718438862244 nan 45
1718438862565 nan 46
1718438862860 nan 47
1718438863188 nan 48
1718438863491 nan 49
