1718555034163 nan 0
1718555034665 nan 1
1718555035132 nan 2
1718555035615 nan 3
1718555036115 nan 4
1718555036615 nan 5
1718555037115 nan 6
1718555037631 nan 7
1718555038131 nan 8
1718555038614 nan 9
1718555039114 nan 10
1718555039597 nan 11
1718555040081 nan 12
1718555040567 nan 13
1718555041031 nan 14
1718555041497 nan 15
1718555041997 nan 16
1718555042580 nan 17
1718555043314 nan 18
1718555044063 nan 19
1718555044697 nan 20
1718555045313 nan 21
1718555045896 nan 22
1718555046496 nan 23
1718555047113 nan 24
1718555047696 nan 25
1718555048296 nan 26
1718555048896 nan 27
1718555049546 nan 28
1718555050161 nan 29
1718555050765 nan 30
1718555051395 nan 31
1718555051979 nan 32
1718555052612 nan 33
1718555053248 nan 34
1718555053892 nan 35
1718555054479 nan 36
1718555055044 nan 37
1718555055661 nan 38
1718555056261 nan 39
1718555056881 nan 40
1718555057444 nan 41
1718555058064 nan 42
1718555058660 nan 43
1718555059260 nan 44
1718555059861 nan 45
1718555060427 nan 46
1718555060980 nan 47
1718555061463 nan 48
1718555061943 nan 49
