1718351558055 6.529913425445557 0
1718351560529 6.52991247177124 1
1718351562972 6.042551517486572 2
1718351565406 6.042551040649414 3
1718351567943 5.537629127502441 4
1718351570306 5.004630088806152 5
1718351572882 2.574939727783203 6
1718351575158 4.373748302459717 7
1718351577594 5.035054683685303 8
1718351579888 5.543889999389648 9
1718351582307 5.544322490692139 10
1718351585121 5.544283390045166 11
1718351587508 5.544261455535889 12
1718351590129 5.544247627258301 13
1718351592538 5.544239044189453 14
1718351594983 5.5442328453063965 15
1718351597199 5.544229030609131 16
1718351599648 5.544225692749023 17
1718351602012 5.544222354888916 18
1718351604383 5.544219493865967 19
1718351606953 5.544218063354492 20
1718351609175 5.544216632843018 21
1718351611773 5.544215202331543 22
1718351614010 5.544213771820068 23
1718351616374 5.544212818145752 24
1718351618658 5.54421329498291 25
1718351620870 5.076538562774658 26
1718351623285 8.459243774414062 27
1718351625492 7.5294508934021 28
1718351628045 7.529451847076416 29
1718351630414 7.529451370239258 30
1718351632836 7.529450416564941 31
1718351635207 7.5294508934021 32
1718351637406 7.529452323913574 33
1718351639800 7.5294508934021 34
1718351642064 7.5294508934021 35
1718351644898 7.529451370239258 36
1718351647068 7.529451847076416 37
1718351649510 7.5294508934021 38
1718351651816 7.529451370239258 39
1718351654172 7.529452323913574 40
1718351656575 7.529452323913574 41
1718351658837 7.529451847076416 42
1718351661344 7.529451847076416 43
1718351663641 7.5294508934021 44
1718351666095 7.529451847076416 45
1718351668420 7.529452323913574 46
1718351670791 7.529451847076416 47
1718351673153 7.529452323913574 48
1718351675348 7.529451370239258 49
