1718524940592 0.2056384754903391 0
1718524940958 -0.06373548868930712 1
1718524941321 0.23145825212652027 2
1718524941671 0.12256193883491284 3
1718524942022 0.0967155442093357 4
1718524942371 -0.34338962670528517 5
1718524942738 -0.1401189836588772 6
1718524943101 0.263313282619823 7
1718524943471 -0.019637440190170663 8
1718524943838 0.019560700113123053 9
1718524944187 -0.05886221835107497 10
1718524944537 0.30431089256749 11
1718524944887 0.44252039446975244 12
1718524945241 0.10836817188696424 13
1718524945737 -0.08839653748454479 14
1718524946104 -0.09909719409364648 15
1718524946487 0.14007247216773755 16
1718524946840 -0.3544855695782285 17
1718524947203 0.09431269132729736 18
1718524947553 0.22134447459018602 19
1718524947907 -0.1691641039920575 20
1718524948272 -0.588306714187969 21
1718524948603 -0.19918627811200684 22
1718524948953 0.49170328450925416 23
1718524949307 0.3570065940871383 24
1718524949636 0.1280176377657689 25
1718524950003 0.04764261751463916 26
1718524950387 0.026954264351815915 27
1718524950719 0.0012097178083477766 28
1718524951087 -0.01961938901381055 29
1718524951419 -0.07386095867012488 30
1718524951755 -0.03445364038149523 31
1718524952106 0.03637565446622448 32
1718524952452 0.040565667730389166 33
1718524952789 -0.20283218676393688 34
1718524953119 -0.21943293466712488 35
1718524953471 -0.005895621848828858 36
1718524953822 -0.06043509461662988 37
1718524954302 -0.32039700042117736 38
1718524954652 0.07129557204968995 39
1718524955002 0.04195747411612305 40
1718524955469 0.10541700052492553 41
1718524955818 0.13482398065653722 42
1718524956168 0.20408059972705261 43
1718524956535 0.04322346503084351 44
1718524956868 0.03323199351628625 45
1718524957218 -0.17565934405182348 46
1718524957589 -0.2688671341448119 47
1718524957935 0.07498019482150231 48
1718524958268 -0.04805414785038331 49
