1718383084081 2.1824259757995605 0
1718383084478 2.339791774749756 1
1718383084887 2.2486064434051514 2
1718383085287 2.1546452045440674 3
1718383085663 1.997238039970398 4
1718383086035 2.047029495239258 5
1718383086427 2.0721209049224854 6
1718383086806 2.012024164199829 7
1718383087175 2.176131248474121 8
1718383087555 2.216435670852661 9
1718383087927 2.0546445846557617 10
1718383088297 2.1682913303375244 11
1718383088687 2.21151065826416 12
1718383089075 2.1103177070617676 13
1718383089476 2.202780246734619 14
1718383089865 2.279695749282837 15
1718383090258 2.181572675704956 16
1718383090657 2.271794080734253 17
1718383091122 2.1853597164154053 18
1718383091520 3.6910274028778076 19
1718383091931 2.367072582244873 20
1718383092312 2.3751227855682373 21
1718383092730 2.221200466156006 22
1718383093122 2.1498513221740723 23
1718383093506 2.3409571647644043 24
1718383093835 2.336980104446411 25
1718383094155 2.2874724864959717 26
1718383094498 2.189438581466675 27
1718383094831 2.1719772815704346 28
1718383095155 2.0590667724609375 29
1718383095500 2.0515501499176025 30
1718383095825 2.318507432937622 31
1718383096151 2.206092357635498 32
1718383096492 2.2834603786468506 33
1718383096820 2.2834432125091553 34
1718383097160 2.2304177284240723 35
1718383097505 1.8574861288070679 36
1718383097831 1.860865831375122 37
1718383098165 2.244802951812744 38
1718383098492 2.189054250717163 39
1718383098802 2.199506998062134 40
1718383099121 2.146864652633667 41
1718383099453 1.7646052837371826 42
1718383099783 1.9245485067367554 43
1718383100109 2.2536118030548096 44
1718383100443 2.529263496398926 45
1718383100772 2.237666606903076 46
1718383101085 2.227125644683838 47
1718383101400 2.1550495624542236 48
1718383101725 2.156306505203247 49
