1718384131837 -0.4047740697860718 0
1718384132172 -0.4906545877456665 1
1718384132479 -0.5274147987365723 2
1718384132832 -0.45818018913269043 3
1718384133138 -0.39257240295410156 4
1718384133446 -0.4023594856262207 5
1718384133778 -0.2421729564666748 6
1718384134085 -0.30311107635498047 7
1718384134398 -0.35620999336242676 8
1718384134727 -0.1915905475616455 9
1718384135033 -0.39654111862182617 10
1718384135343 -0.5005762577056885 11
1718384135655 -0.42555856704711914 12
1718384135969 -0.3306339979171753 13
1718384136283 -0.22930097579956055 14
1718384136589 -0.6695926189422607 15
1718384136919 -0.447726845741272 16
1718384137260 -0.48223626613616943 17
1718384137565 -0.65885329246521 18
1718384138006 -0.340869665145874 19
1718384138340 -0.4665408134460449 20
1718384138667 -0.5034008026123047 21
1718384139004 -0.36609601974487305 22
1718384139326 -0.22116446495056152 23
1718384139656 -0.3362574577331543 24
1718384139990 -0.07456326484680176 25
1718384140325 -0.11341679096221924 26
1718384140669 -0.11346042156219482 27
1718384141005 -0.3788185119628906 28
1718384141330 -0.01618015766143799 29
1718384141656 -0.3014317750930786 30
1718384141992 -0.07946979999542236 31
1718384142331 -0.5254967212677002 32
1718384142652 -0.441103458404541 33
1718384142984 -0.6436505317687988 34
1718384143301 -0.5703604221343994 35
1718384143623 -0.5543243885040283 36
1718384143946 -0.5221738815307617 37
1718384144265 -0.36935925483703613 38
1718384144583 -0.317795991897583 39
1718384144914 -0.3933742046356201 40
1718384145233 -0.3096578121185303 41
1718384145552 -0.4432532787322998 42
1718384145884 -0.32876718044281006 43
1718384146207 -0.3455193042755127 44
1718384146535 0.1240236759185791 45
1718384146871 -0.4152708053588867 46
1718384147182 -0.5828450918197632 47
1718384147489 -0.5941338539123535 48
1718384147809 -0.45672154426574707 49
