1718574708353 0.1676846196557468 0
1718574709114 0.1676846196557468 1
1718574709612 0.1676846196557468 2
1718574710134 0.1676846196557468 3
1718574710658 0.1676846196557468 4
1718574711157 0.1676846196557468 5
1718574711677 0.1090330593980229 6
1718574712200 0.09885793871866295 7
1718574712725 0.1676846196557468 8
1718574713241 0.1676846196557468 9
1718574713771 0.19573537452159653 10
1718574714280 0.1676846196557468 11
1718574714809 0.10940162185232609 12
1718574715348 0.1676846196557468 13
1718574715876 0.1676846196557468 14
1718574716438 0.19573537452159653 15
1718574716963 0.1676846196557468 16
1718574717473 0.1676846196557468 17
1718574718085 0.4634828090064659 18
1718574718605 0.1676846196557468 19
1718574719238 0.1676846196557468 20
1718574719767 0.1676846196557468 21
1718574720361 0.1676846196557468 22
1718574720888 0.1676846196557468 23
1718574721418 0.1676846196557468 24
1718574721956 0.1676846196557468 25
1718574722740 0.1676846196557468 26
1718574723591 0.1676846196557468 27
1718574724445 0.1676846196557468 28
1718574725156 0.1676846196557468 29
1718574725847 0.08543634241664133 30
1718574726533 0.1676846196557468 31
1718574727225 0.08280735609669117 32
1718574727913 0.1676846196557468 33
1718574728659 0.1676846196557468 34
1718574729375 0.08689334883080371 35
1718574730052 0.1676846196557468 36
1718574730773 0.09591061736412174 37
1718574731448 0.10878872761225702 38
1718574732195 0.1676846196557468 39
1718574732895 0.1676846196557468 40
1718574733634 0.10977268444764206 41
1718574734526 0.19494735780027292 42
1718574735214 0.1676846196557468 43
1718574735918 0.1858163826278175 44
1718574736656 0.05963601413909185 45
1718574737373 0.1676846196557468 46
1718574738078 0.1676846196557468 47
1718574738776 0.1676846196557468 48
1718574739462 0.19853704783461487 49
