1718384012717 0.20512820512820512 0
1718384013099 0.20512820512820512 1
1718384013446 0.20512820512820512 2
1718384013811 0.3614523614523614 3
1718384014133 0.2191358024691358 4
1718384014446 0.3614523614523614 5
1718384014776 0.4221685453569511 6
1718384015088 0.49164851125635434 7
1718384015419 0.5287878787878788 8
1718384015767 0.22104978354978355 9
1718384016099 0.43311965811965814 10
1718384016415 0.3482767232767232 11
1718384016733 0.4648962148962149 12
1718384017055 0.5533795248868778 13
1718384017373 0.41477272727272724 14
1718384017718 0.40378694581280783 15
1718384018042 0.37626262626262624 16
1718384018362 0.3389063044235458 17
1718384018678 0.45454545454545453 18
1718384019005 0.41355641355641354 19
1718384019336 0.32909395642314887 20
1718384019652 0.34013605442176864 21
1718384019982 0.4354030501089325 22
1718384020305 0.4476621417797888 23
1718384020648 0.4559392987964416 24
1718384020983 0.4559392987964416 25
1718384021305 0.41136744552893617 26
1718384021616 0.5154320987654322 27
1718384021939 0.41517094017094025 28
1718384022257 0.44647907239819007 29
1718384022573 0.44647907239819007 30
1718384022907 0.44647907239819007 31
1718384023224 0.44647907239819007 32
1718384023535 0.44647907239819007 33
1718384023866 0.44647907239819007 34
1718384024211 0.44647907239819007 35
1718384024522 0.44647907239819007 36
1718384024852 0.44647907239819007 37
1718384025180 0.44647907239819007 38
1718384025509 0.44647907239819007 39
1718384025854 0.44647907239819007 40
1718384026174 0.44647907239819007 41
1718384026495 0.44647907239819007 42
1718384026823 0.44647907239819007 43
1718384027139 0.2881118881118881 44
1718384027456 0.22266139657444006 45
1718384027786 0.32420375557630465 46
1718384028100 0.3610112237114525 47
1718384028417 0.3196969696969697 48
1718384028745 0.5593957324726556 49
