1718375859604 0.2 0
1718375860272 0.2 1
1718375860900 0.2 2
1718375861542 0.2 3
1718375862169 0.2 4
1718375862789 0.2 5
1718375863412 0.2 6
1718375864042 0.2 7
1718375864667 0.2 8
1718375865317 0.2 9
1718375865959 0.2 10
1718375866611 0.2 11
1718375867293 0.2 12
1718375867961 0.2 13
1718375868620 0.2 14
1718375869288 0.2 15
1718375869940 0.2 16
1718375870637 0.2 17
1718375871460 0.2 18
1718375872143 0.2 19
1718375872784 0.2 20
1718375873434 0.2 21
1718375874068 0.2 22
1718375874702 0.2 23
1718375875347 0.2 24
1718375875976 0.2 25
1718375876611 0.2 26
1718375877243 0.2 27
1718375877852 0.2 28
1718375878497 0.2 29
1718375879146 0.2 30
1718375879786 0.2 31
1718375880447 0.2 32
1718375881065 0.2 33
1718375881691 0.2 34
1718375882367 0.2 35
1718375882993 0.2 36
1718375883642 0.2 37
1718375884281 0.2 38
1718375884893 0.2 39
1718375885534 0.2 40
1718375886137 0.2 41
1718375886772 0.2 42
1718375887407 0.2 43
1718375888031 0.2 44
1718375888670 0.2 45
1718375889295 0.2 46
1718375889910 0.2 47
1718375890537 0.2 48
1718375891164 0.2 49
