1718391693413 2.393289804458618 0
1718391693750 2.3931243419647217 1
1718391694101 2.3930587768554688 2
1718391694497 2.393043041229248 3
1718391694862 2.3930532932281494 4
1718391695226 2.3930776119232178 5
1718391695566 2.393109083175659 6
1718391695911 2.3931472301483154 7
1718391696262 2.3931875228881836 8
1718391696602 2.3932316303253174 9
1718391696942 2.393277406692505 10
1718391697329 2.393327474594116 11
1718391697685 2.393378257751465 12
1718391698029 2.393430471420288 13
1718391698386 2.3934855461120605 14
1718391698731 2.3935418128967285 15
1718391699073 2.3935980796813965 16
1718391699430 2.39365553855896 17
1718391699799 2.393714427947998 18
1718391700163 2.393773317337036 19
1718391700524 2.3938326835632324 20
1718391700898 2.393890619277954 21
1718391701254 2.3939497470855713 22
1718391701611 2.3940091133117676 23
1718391701974 2.3940680027008057 24
1718391702337 2.3941261768341064 25
1718391702682 2.394183397293091 26
1718391703031 2.394240140914917 27
1718391703398 2.394296884536743 28
1718391703749 2.3943521976470947 29
1718391704099 2.39440655708313 30
1718391704481 2.3944599628448486 31
1718391704839 2.394512891769409 32
1718391705194 2.3945651054382324 33
1718391705547 2.394615411758423 34
1718391705897 2.394664764404297 35
1718391706243 2.394714832305908 36
1718391706600 2.373577833175659 37
1718391706954 3.307603597640991 38
1718391707312 2.036778211593628 39
1718391707654 2.1210312843322754 40
1718391708012 2.0203263759613037 41
1718391708373 2.0889089107513428 42
1718391708730 2.1015074253082275 43
1718391709077 2.0512983798980713 44
1718391709431 2.287726879119873 45
1718391709775 2.323845863342285 46
1718391710112 2.011699914932251 47
1718391710460 2.0634870529174805 48
1718391710790 2.0151970386505127 49
