1718511541394 0.14181818181818182 0
1718511541745 0.11333333333333333 1
1718511542082 0.08787878787878788 2
1718511542546 0.1096969696969697 3
1718511543012 0.09212121212121212 4
1718511543446 0.10848484848484849 5
1718511543927 0.16121212121212122 6
1718511544347 0.1290909090909091 7
1718511544764 0.12606060606060607 8
1718511545197 0.08727272727272728 9
1718511545617 0.10848484848484849 10
1718511546067 0.09212121212121212 11
1718511546498 0.09818181818181818 12
1718511546915 0.09333333333333334 13
1718511547332 0.18545454545454546 14
1718511547749 0.17696969696969697 15
1718511548202 0.1006060606060606 16
1718511548619 0.18242424242424243 17
1718511549017 0.1896969696969697 18
1718511549400 0.11090909090909092 19
1718511549939 0.10848484848484849 20
1718511550334 0.09212121212121212 21
1718511550718 0.10848484848484849 22
1718511551102 0.10787878787878788 23
1718511551487 0.10848484848484849 24
1718511551889 0.09212121212121212 25
1718511552488 0.10848484848484849 26
1718511552886 0.10848484848484849 27
1718511553289 0.10909090909090909 28
1718511553679 0.11454545454545455 29
1718511554054 0.25393939393939396 30
1718511554421 0.1290909090909091 31
1718511554804 0.09151515151515152 32
1718511555138 0.10848484848484849 33
1718511555490 0.09151515151515152 34
1718511555822 0.10787878787878788 35
1718511556198 0.09151515151515152 36
1718511556539 0.10181818181818182 37
1718511556890 0.08 38
1718511557206 0.16606060606060605 39
1718511557540 0.10848484848484849 40
1718511557894 0.14666666666666667 41
1718511558224 0.12363636363636364 42
1718511558540 0.19151515151515153 43
1718511558905 0.10848484848484849 44
1718511559224 0.09151515151515152 45
1718511559558 0.10787878787878788 46
1718511559925 0.09151515151515152 47
1718511560275 0.11333333333333333 48
1718511560759 0.09818181818181818 49
