1718407300921 0.00685572624206543 0
1718407301588 -0.032204389572143555 1
1718407302238 -0.009020566940307617 2
1718407302888 -0.19930577278137207 3
1718407303555 -0.1826791763305664 4
1718407304204 -0.12766551971435547 5
1718407304854 -0.0018568038940429688 6
1718407305504 -0.15079903602600098 7
1718407306137 -0.3378486633300781 8
1718407306805 -1.483600378036499 9
1718407307471 -0.18265604972839355 10
1718407308137 -0.1010904312133789 11
1718407308855 -0.31996726989746094 12
1718407309554 0.023052692413330078 13
1718407310220 -0.005316257476806641 14
1718407310906 -0.016548633575439453 15
1718407311588 -0.04446125030517578 16
1718407312270 0.018000364303588867 17
1718407312953 -1.578035593032837 18
1718407313654 -0.02725696563720703 19
1718407314386 -0.013738155364990234 20
1718407315070 -0.030501604080200195 21
1718407315719 -1.369661808013916 22
1718407316370 0.2455909252166748 23
1718407317019 -0.006621360778808594 24
1718407317685 -0.3608865737915039 25
1718407318335 -0.17667007446289062 26
1718407318985 -0.04841732978820801 27
1718407319635 -0.07184720039367676 28
1718407320317 -0.03509235382080078 29
1718407320970 -0.10513424873352051 30
1718407321667 -0.14662909507751465 31
1718407322384 -0.12322497367858887 32
1718407323234 -0.5181317329406738 33
1718407324034 -0.07420206069946289 34
1718407324870 -0.056224822998046875 35
1718407325666 -0.08050394058227539 36
1718407326450 -0.1293628215789795 37
1718407327200 -0.12097501754760742 38
1718407327950 -0.13071990013122559 39
1718407328716 -0.0845339298248291 40
1718407329483 -0.060547590255737305 41
1718407330249 -0.12240862846374512 42
1718407330999 -1.1489486694335938 43
1718407331770 -0.5397706031799316 44
1718407332499 -0.12064123153686523 45
1718407333332 0.27530765533447266 46
1718407334082 -0.04252028465270996 47
1718407334898 0.0365748405456543 48
1718407335682 -0.271120548248291 49
