1718446637765 nan 0
1718446642586 nan 1
1718446647243 nan 2
1718446651584 nan 3
1718446655626 nan 4
1718446659495 nan 5
1718446663344 nan 6
1718446667241 nan 7
1718446671177 nan 8
1718446675172 nan 9
1718446679073 nan 10
1718446683321 nan 11
1718446688037 nan 12
1718446692719 nan 13
1718446697487 nan 14
1718446702328 nan 15
1718446706700 nan 16
1718446710566 nan 17
1718446714448 nan 18
1718446718347 nan 19
1718446722230 nan 20
1718446726115 nan 21
1718446730099 nan 22
1718446734078 nan 23
1718446737997 nan 24
1718446741879 nan 25
1718446746460 nan 26
1718446751124 nan 27
1718446755790 nan 28
1718446760606 nan 29
1718446765271 nan 30
1718446769221 nan 31
1718446773119 nan 32
1718446776991 nan 33
1718446780892 nan 34
1718446784804 nan 35
1718446788694 nan 36
1718446792699 nan 37
1718446796582 nan 38
1718446800498 nan 39
1718446804897 nan 40
1718446809463 nan 41
1718446814029 nan 42
1718446818844 nan 43
1718446823743 nan 44
1718446828009 nan 45
1718446831942 nan 46
1718446835808 nan 47
1718446839674 nan 48
1718446843523 nan 49
