1718379060028 0.3333333333333333 0
1718379060752 0.3333333333333333 1
1718379061442 0.3333333333333333 2
1718379062184 0.4444444444444444 3
1718379062971 0.3333333333333333 4
1718379063719 0.3333333333333333 5
1718379064432 0.3333333333333333 6
1718379065165 0.3333333333333333 7
1718379065897 0.3333333333333333 8
1718379066658 0.3333333333333333 9
1718379067451 0.3333333333333333 10
1718379068150 0.3333333333333333 11
1718379068933 0.5833333333333333 12
1718379069713 0.3333333333333333 13
1718379070426 0.3333333333333333 14
1718379071124 0.3333333333333333 15
1718379072103 0.3333333333333333 16
1718379072791 0.25 17
1718379073490 0.3333333333333333 18
1718379074165 0.3333333333333333 19
1718379074851 0.5833333333333333 20
1718379075521 0.5833333333333333 21
1718379076193 0.5833333333333333 22
1718379076863 0.3333333333333333 23
1718379077557 0.3333333333333333 24
1718379078239 0.3333333333333333 25
1718379078948 0.3333333333333333 26
1718379079643 0.3333333333333333 27
1718379080331 0.3333333333333333 28
1718379081015 0.3333333333333333 29
1718379081735 0.3333333333333333 30
1718379082400 0.3333333333333333 31
1718379083087 0.3333333333333333 32
1718379083847 0.3333333333333333 33
1718379084549 0.5833333333333333 34
1718379085267 0.3333333333333333 35
1718379085989 0.3333333333333333 36
1718379086689 0.3333333333333333 37
1718379087361 0.3333333333333333 38
1718379088040 0.3333333333333333 39
1718379088742 0.3333333333333333 40
1718379089413 0.3333333333333333 41
1718379090074 0.3333333333333333 42
1718379090757 0.3333333333333333 43
1718379091420 0.5833333333333333 44
1718379092075 0.3333333333333333 45
1718379092848 0.3333333333333333 46
1718379093598 0.3333333333333333 47
1718379094326 0.3333333333333333 48
1718379095028 0.3333333333333333 49
