1718427602185 0.15 0
1718427602626 0.15 1
1718427603093 0.15 2
1718427603510 0.15 3
1718427603926 0.15 4
1718427604343 0.15 5
1718427604763 0.15 6
1718427605162 0.1 7
1718427605563 0.15 8
1718427605942 0.15 9
1718427606342 0.0 10
1718427606742 0.15 11
1718427607142 0.15 12
1718427607546 0.15 13
1718427607941 0.15 14
1718427608359 0.15 15
1718427608759 0.15 16
1718427609192 0.15 17
1718427609625 0.15 18
1718427610042 0.15 19
1718427610479 0.15 20
1718427610888 0.15 21
1718427611296 0.15 22
1718427611713 0.15 23
1718427612158 0.15 24
1718427612562 0.15 25
1718427612925 0.15 26
1718427613324 0.15 27
1718427613724 0.15 28
1718427614091 0.15 29
1718427614473 0.15 30
1718427614856 0.15 31
1718427615228 0.15 32
1718427615607 0.15 33
1718427615991 0.15 34
1718427616380 0.15 35
1718427616772 0.15 36
1718427617124 0.15 37
1718427617480 0.15 38
1718427617840 0.15 39
1718427618205 0.15 40
1718427618544 0.15 41
1718427618906 0.15 42
1718427619282 0.15 43
1718427619640 0.15 44
1718427620040 0.15 45
1718427620460 0.15 46
1718427620823 0.15 47
1718427621191 0.15 48
1718427621539 0.15 49
