1718388120921 0.8600146489038992 0
1718388121182 0.8470808913628078 1
1718388121418 0.8909929036980353 2
1718388121651 0.7826147677579904 3
1718388121875 0.8760339426609862 4
1718388122120 0.8002961602432271 5
1718388122510 0.8649354247822937 6
1718388122955 0.8227712930483427 7
1718388123261 0.8146598174598972 8
1718388123553 0.8346972049068133 9
1718388123844 0.8832105041975319 10
1718388124119 0.8814613229245815 11
1718388124398 0.8846997562848681 12
1718388124667 0.8682819691597703 13
1718388124951 0.8542368542144563 14
1718388125223 0.8861973138433948 15
1718388125488 0.8553060771831277 16
1718388125753 0.88638303048815 17
1718388126024 0.8536361038104225 18
1718388126297 0.841098370211631 19
1718388126564 0.7805267554361746 20
1718388126833 0.687279617420471 21
1718388127118 0.8007336279807339 22
1718388127383 0.8535999708761965 23
1718388127658 0.8550625310484616 24
1718388127941 0.8872083863698931 25
1718388128219 0.8298167668861991 26
1718388128498 0.8336233438700319 27
1718388128779 0.8542407519206421 28
1718388129064 0.8865362042180277 29
1718388129346 0.8897944321388248 30
1718388129624 0.8949778236107594 31
1718388129889 0.8831374172601181 32
1718388130189 0.8948396838586224 33
1718388130471 0.8739237967831289 34
1718388130742 0.8763080517719347 35
1718388131029 0.8662658371600649 36
1718388131307 0.8733028626522331 37
1718388131777 0.8547237311135069 38
1718388132062 0.8192941269527764 39
1718388132332 0.8653025011466882 40
1718388132605 0.8154163404335114 41
1718388132887 0.7256466884430725 42
1718388133172 0.853266161756555 43
1718388133496 0.8706664457330698 44
1718388133795 0.8659229407840014 45
1718388134150 0.8383937487371619 46
1718388134439 0.7868092899253863 47
1718388134756 0.8031020004500565 48
1718388135053 0.7971015062416128 49
