1718585866013 0.43459884180335095 0
1718585866429 0.496869618069788 1
1718585866819 0.4427828486761239 2
1718585867348 0.3047633435117757 3
1718585867739 0.10414929452600148 4
1718585868147 0.19891942233620394 5
1718585868533 0.4812699348400476 6
1718585868912 0.040882597622656724 7
1718585869312 0.08727272727272728 8
1718585869695 0.11567656765676566 9
1718585870078 0.10848484848484848 10
1718585870446 0.09151515151515152 11
1718585870846 0.5445752943858724 12
1718585871248 0.23084822295847848 13
1718585871629 0.3591549977147086 14
1718585872009 0.11542106556529436 15
1718585872412 0.0426378904772088 16
1718585872820 0.10848484848484848 17
1718585873217 0.10848484848484848 18
1718585873595 0.10848484848484848 19
1718585873979 0.08886874702541768 20
1718585874380 0.10848484848484848 21
1718585874731 0.10848484848484848 22
1718585875142 0.10848484848484848 23
1718585875514 0.4402995698345264 24
1718585875911 0.10848484848484848 25
1718585876298 0.41053698306435127 26
1718585876677 0.10848484848484848 27
1718585877077 0.09151515151515152 28
1718585877463 0.08727272727272728 29
1718585877953 0.09151515151515152 30
1718585878328 0.11333333333333333 31
1718585878695 0.034770536299254355 32
1718585879078 0.10848484848484848 33
1718585879474 0.10848484848484848 34
1718585879850 0.12807623735350926 35
1718585880248 0.10848484848484848 36
1718585880630 0.09212121212121212 37
1718585881008 0.10787878787878788 38
1718585881427 0.042027866202414284 39
1718585881811 0.11491800818041954 40
1718585882283 0.07973917424901188 41
1718585883147 0.08727272727272728 42
1718585884029 0.36253770807795394 43
1718585884844 0.08727272727272728 44
1718585885541 0.09151515151515152 45
1718585886193 0.09151515151515152 46
1718585886826 0.09151515151515152 47
1718585887460 0.06647530814561244 48
1718585888093 0.10848484848484848 49
