1718585866060 0.13108108108108107 0
1718585866462 0.8313725490196079 1
1718585866847 0.8796680497925311 2
1718585867383 0.7166921898928025 3
1718585867773 0.4957805907172996 4
1718585868180 0.7033195020746889 5
1718585868563 0.9788519637462235 6
1718585868947 0.37136929460580914 7
1718585869346 1.0 8
1718585869730 0.5610561056105611 9
1718585870112 1.0 10
1718585870482 1.0 11
1718585870884 0.6452282157676349 12
1718585871290 0.6203319502074689 13
1718585871662 0.6804979253112033 14
1718585872048 0.45643153526970953 15
1718585872443 0.4864864864864865 16
1718585872845 1.0 17
1718585873250 1.0 18
1718585873626 1.0 19
1718585874026 0.5643564356435643 20
1718585874398 1.0 21
1718585874775 1.0 22
1718585875164 1.0 23
1718585875549 0.7033195020746889 24
1718585875942 1.0 25
1718585876314 0.7448132780082988 26
1718585876713 1.0 27
1718585877098 1.0 28
1718585877478 1.0 29
1718585877983 1.0 30
1718585878359 1.0 31
1718585878742 0.23029045643153526 32
1718585879109 1.0 33
1718585879497 1.0 34
1718585879876 0.6484848484848484 35
1718585880288 1.0 36
1718585880668 1.0 37
1718585881044 1.0 38
1718585881459 0.45896656534954405 39
1718585881848 0.47112462006079026 40
1718585882341 0.56047197640118 41
1718585883227 1.0 42
1718585884127 0.3961661341853035 43
1718585884908 1.0 44
1718585885601 1.0 45
1718585886262 1.0 46
1718585886878 1.0 47
1718585887510 0.4652567975830816 48
1718585888140 1.0 49
