1718439069540 nan 0
1718439069953 nan 1
1718439070319 nan 2
1718439070734 nan 3
1718439071103 nan 4
1718439071485 nan 5
1718439071869 nan 6
1718439072236 nan 7
1718439072604 nan 8
1718439072969 nan 9
1718439073337 nan 10
1718439073754 nan 11
1718439074119 nan 12
1718439074502 nan 13
1718439074885 nan 14
1718439075318 nan 15
1718439075692 nan 16
1718439076068 nan 17
1718439076468 nan 18
1718439076819 nan 19
1718439077185 nan 20
1718439077556 nan 21
1718439077935 nan 22
1718439078318 nan 23
1718439078686 nan 24
1718439079071 nan 25
1718439079434 nan 26
1718439079820 nan 27
1718439080204 nan 28
1718439080584 nan 29
1718439080967 nan 30
1718439081351 nan 31
1718439081735 nan 32
1718439082119 nan 33
1718439082484 nan 34
1718439082853 nan 35
1718439083200 nan 36
1718439083571 nan 37
1718439083950 nan 38
1718439084337 nan 39
1718439084699 nan 40
1718439085074 nan 41
1718439085438 nan 42
1718439085800 nan 43
1718439086153 nan 44
1718439086518 nan 45
1718439086866 nan 46
1718439087150 nan 47
1718439087449 nan 48
1718439087766 nan 49
