1718332372288 0.4 0
1718332372625 0.34285714285714286 1
1718332372929 0.3142857142857143 2
1718332373229 0.14285714285714285 3
1718332373536 0.22857142857142856 4
1718332373836 0.2857142857142857 5
1718332374136 0.37142857142857144 6
1718332374441 0.08571428571428572 7
1718332374738 0.2571428571428571 8
1718332375142 0.2 9
1718332375451 0.17142857142857143 10
1718332375751 0.37142857142857144 11
1718332376043 0.17142857142857143 12
1718332376342 0.37142857142857144 13
1718332376637 0.34285714285714286 14
1718332376929 0.37142857142857144 15
1718332377224 0.22857142857142856 16
1718332377542 0.22857142857142856 17
1718332377839 0.3142857142857143 18
1718332378139 0.22857142857142856 19
1718332378451 0.2571428571428571 20
1718332378752 0.34285714285714286 21
1718332379052 0.22857142857142856 22
1718332379360 0.3142857142857143 23
1718332379665 0.22857142857142856 24
1718332379972 0.2 25
1718332380277 0.22857142857142856 26
1718332380610 0.17142857142857143 27
1718332380917 0.34285714285714286 28
1718332381244 0.08571428571428572 29
1718332381566 0.08571428571428572 30
1718332381870 0.37142857142857144 31
1718332382189 0.42857142857142855 32
1718332382619 0.14285714285714285 33
1718332382985 0.2571428571428571 34
1718332383372 0.17142857142857143 35
1718332383725 0.11428571428571428 36
1718332384067 0.2 37
1718332384438 0.2857142857142857 38
1718332384811 0.22857142857142856 39
1718332385191 0.4 40
1718332385541 0.17142857142857143 41
1718332385838 0.14285714285714285 42
1718332386141 0.2857142857142857 43
1718332386454 0.2571428571428571 44
1718332386752 0.14285714285714285 45
1718332387068 0.08571428571428572 46
1718332387370 0.17142857142857143 47
1718332387678 0.3142857142857143 48
1718332387979 0.17142857142857143 49
