1718408390275 0.11791044776119403 0
1718408390476 0.11044776119402985 1
1718408390708 0.11044776119402985 2
1718408390956 0.11044776119402985 3
1718408391157 0.11044776119402985 4
1718408391374 0.14477611940298507 5
1718408391607 0.0955223880597015 6
1718408391824 0.11791044776119403 7
1718408392027 0.11791044776119403 8
1718408392241 0.11791044776119403 9
1718408392474 0.11940298507462686 10
1718408392707 0.11492537313432835 11
1718408392927 0.11044776119402985 12
1718408393140 0.11044776119402985 13
1718408393340 0.11044776119402985 14
1718408393557 0.11044776119402985 15
1718408393773 0.11044776119402985 16
1718408394007 0.1 17
1718408394227 0.11791044776119403 18
1718408394457 0.11791044776119403 19
1718408394673 0.11791044776119403 20
1718408394907 0.11791044776119403 21
1718408395127 0.11791044776119403 22
1718408395355 0.11791044776119403 23
1718408395573 0.11791044776119403 24
1718408395773 0.11791044776119403 25
1718408395990 0.11791044776119403 26
1718408396189 0.11791044776119403 27
1718408396390 0.11194029850746269 28
1718408396589 0.11194029850746269 29
1718408396823 0.11194029850746269 30
1718408397027 0.11791044776119403 31
1718408397240 0.11791044776119403 32
1718408397439 0.11791044776119403 33
1718408397656 0.15522388059701492 34
1718408397873 0.11791044776119403 35
1718408398073 0.11194029850746269 36
1718408398506 0.09850746268656717 37
1718408398706 0.11194029850746269 38
1718408398927 0.21343283582089553 39
1718408399139 0.11791044776119403 40
1718408399356 0.11194029850746269 41
1718408399572 0.08656716417910448 42
1718408399789 0.11194029850746269 43
1718408399989 0.1 44
1718408400207 0.11791044776119403 45
1718408400428 0.1 46
1718408400639 0.11791044776119403 47
1718408400855 0.1 48
1718408401090 0.11044776119402985 49
