1718356236163 -0.20722532272338867 0
1718356238593 -0.20722579956054688 1
1718356241080 -0.20722627639770508 2
1718356243456 -0.20722532272338867 3
1718356246038 -0.20722627639770508 4
1718356248431 -0.20722389221191406 5
1718356251098 -0.20722389221191406 6
1718356253498 -0.20722532272338867 7
1718356256032 -0.20722532272338867 8
1718356258393 -0.20722484588623047 9
1718356260751 -0.20722675323486328 10
1718356263397 -0.20722579956054688 11
1718356266011 -0.20722484588623047 12
1718356268519 -0.20722579956054688 13
1718356270867 -0.20722532272338867 14
1718356273343 -0.20722484588623047 15
1718356275560 -0.20722389221191406 16
1718356278042 -0.20722484588623047 17
1718356280364 -0.20722389221191406 18
1718356282584 -0.20722627639770508 19
1718356285035 -0.20722484588623047 20
1718356287260 -0.20722627639770508 21
1718356289815 -0.20722579956054688 22
1718356292161 -0.20722532272338867 23
1718356294717 -0.20722627639770508 24
1718356297145 -0.20722532272338867 25
1718356299594 -0.20722723007202148 26
1718356302156 -0.20722484588623047 27
1718356304448 -0.20722627639770508 28
1718356307007 -0.20722532272338867 29
1718356309294 -0.20722532272338867 30
1718356311792 -0.20722579956054688 31
1718356314157 -0.20722436904907227 32
1718356316610 -0.20722484588623047 33
1718356319023 -0.20722627639770508 34
1718356321192 -0.20722436904907227 35
1718356324088 -0.20722579956054688 36
1718356326584 -0.3993391990661621 37
1718356329080 -0.20722532272338867 38
1718356331380 -0.3993396759033203 39
1718356333945 -0.3993391990661621 40
1718356336366 -0.6481895446777344 41
1718356338757 -0.6481895446777344 42
1718356341163 -0.6481895446777344 43
1718356343477 -0.6481895446777344 44
1718356345986 -0.6481895446777344 45
1718356348222 -0.6481900215148926 46
1718356350631 -0.6481900215148926 47
1718356352950 -0.6481895446777344 48
1718356355309 -0.6481895446777344 49
