1718384251679 0.34285714285714286 0
1718384252045 0.22857142857142856 1
1718384252365 0.34285714285714286 2
1718384252689 0.2857142857142857 3
1718384253030 0.3142857142857143 4
1718384253348 0.2571428571428571 5
1718384253669 0.2571428571428571 6
1718384253996 0.2571428571428571 7
1718384254318 0.2571428571428571 8
1718384254639 0.42857142857142855 9
1718384254967 0.37142857142857144 10
1718384255290 0.37142857142857144 11
1718384255608 0.2571428571428571 12
1718384255930 0.37142857142857144 13
1718384256254 0.3142857142857143 14
1718384256578 0.14285714285714285 15
1718384256911 0.2571428571428571 16
1718384257249 0.14285714285714285 17
1718384257566 0.14285714285714285 18
1718384257902 0.08571428571428572 19
1718384258232 0.08571428571428572 20
1718384258585 0.08571428571428572 21
1718384258931 0.08571428571428572 22
1718384259257 0.08571428571428572 23
1718384259588 0.17142857142857143 24
1718384259940 0.2857142857142857 25
1718384260279 0.37142857142857144 26
1718384260608 0.37142857142857144 27
1718384260962 0.4 28
1718384261307 0.42857142857142855 29
1718384261644 0.14285714285714285 30
1718384261989 0.08571428571428572 31
1718384262320 0.08571428571428572 32
1718384262654 0.2571428571428571 33
1718384262995 0.4 34
1718384263315 0.4857142857142857 35
1718384263642 0.37142857142857144 36
1718384263989 0.3142857142857143 37
1718384264324 0.2571428571428571 38
1718384264649 0.2857142857142857 39
1718384264999 0.08571428571428572 40
1718384265331 0.2571428571428571 41
1718384265659 0.2 42
1718384265983 0.08571428571428572 43
1718384266310 0.14285714285714285 44
1718384266636 0.3142857142857143 45
1718384266967 0.5714285714285714 46
1718384267291 0.37142857142857144 47
1718384267618 0.34285714285714286 48
1718384267950 0.3142857142857143 49
