1718384251706 0.5998075998075997 0
1718384252070 0.6666666666666666 1
1718384252392 0.5751322751322752 2
1718384252717 0.49622892635314997 3
1718384253057 0.4740259740259741 4
1718384253371 0.638095238095238 5
1718384253697 0.4149659863945578 6
1718384254020 0.5763546798029556 7
1718384254344 0.5778971985868537 8
1718384254663 0.5185878935878936 9
1718384254994 0.5108391608391608 10
1718384255315 0.6866359447004609 11
1718384255632 0.3529411764705882 12
1718384255956 0.48356643356643353 13
1718384256277 0.548330241187384 14
1718384256605 0.2464540068226704 15
1718384256943 0.3818181818181818 16
1718384257276 0.2975852272727273 17
1718384257592 0.24780701754385964 18
1718384257928 0.07758620689655173 19
1718384258258 0.07500000000000001 20
1718384258609 0.15789473684210525 21
1718384258954 0.15789473684210525 22
1718384259281 0.15789473684210525 23
1718384259613 0.22705882352941176 24
1718384259966 0.4172156346069389 25
1718384260307 0.5621114996114996 26
1718384260632 0.541488603988604 27
1718384260988 0.4992063492063492 28
1718384261332 0.6524087997772208 29
1718384261670 0.18796992481203006 30
1718384262016 0.15789473684210525 31
1718384262346 0.042857142857142864 32
1718384262678 0.3221978021978022 33
1718384263020 0.414935064935065 34
1718384263343 0.5288548752834467 35
1718384263668 0.4582590612002377 36
1718384264016 0.679144385026738 37
1718384264350 0.36904761904761907 38
1718384264677 0.4211843711843712 39
1718384265028 0.09523809523809523 40
1718384265358 0.4089285714285714 41
1718384265686 0.38719211822660105 42
1718384266010 0.03308823529411765 43
1718384266337 0.2975852272727273 44
1718384266662 0.4666666666666666 45
1718384266993 0.6384615384615385 46
1718384267318 0.6234857579395394 47
1718384267645 0.5332491582491582 48
1718384267977 0.5698301698301699 49
