1718419456480 0.3937804698944092 0
1718419457180 -0.034783124923706055 1
1718419457996 1.1226718425750732 2
1718419458646 1.1853065490722656 3
1718419459295 0.6638197898864746 4
1718419459985 -0.005138874053955078 5
1718419460696 0.3646700382232666 6
1718419461395 -0.42177343368530273 7
1718419462113 -0.05614304542541504 8
1718419462880 2.027406692504883 9
1718419463578 0.2707664966583252 10
1718419464251 0.014302730560302734 11
1718419464929 -0.042612552642822266 12
1718419465596 0.0077152252197265625 13
1718419466311 -0.0691378116607666 14
1718419467043 0.5592973232269287 15
1718419467711 0.12598013877868652 16
1718419468361 -0.2350924015045166 17
1718419469011 1.8218443393707275 18
1718419469692 1.503871202468872 19
1718419470344 0.00022029876708984375 20
1718419470994 0.8453824520111084 21
1718419471643 0.27175092697143555 22
1718419472310 1.8670518398284912 23
1718419472966 0.17885422706604004 24
1718419473928 0.30640292167663574 25
1718419474593 0.3410937786102295 26
1718419475376 0.6326389312744141 27
1718419476288 0.4909970760345459 28
1718419477159 -0.03203177452087402 29
1718419477942 3.7339298725128174 30
1718419478625 0.36927008628845215 31
1718419479242 0.4082355499267578 32
1718419479875 0.1027076244354248 33
1718419480484 0.29559326171875 34
1718419481092 0.8198165893554688 35
1718419481725 -0.0010724067687988281 36
1718419482341 -0.49062132835388184 37
1718419482979 1.4952869415283203 38
1718419483648 0.5575051307678223 39
1718419484297 0.8109869956970215 40
1718419484927 0.4599339962005615 41
1718419485541 2.2415101528167725 42
1718419486213 -0.45831966400146484 43
1718419486860 -0.027382612228393555 44
1718419487491 2.4352478981018066 45
1718419488126 1.4142260551452637 46
1718419488779 0.6458292007446289 47
1718419489395 -0.018189668655395508 48
1718419490047 0.9703643321990967 49
