1718387050312 0.7059647745646662 0
1718387050614 0.7056071690301005 1
1718387050898 0.724382428204109 2
1718387051183 0.6595818040942827 3
1718387051473 0.7547091657041222 4
1718387051742 0.7231974346504999 5
1718387052003 0.7447076467610726 6
1718387052276 0.7893518355480763 7
1718387052550 0.7804377673460667 8
1718387052817 0.78965937654442 9
1718387053094 0.8130482459985795 10
1718387053366 0.7757852429550519 11
1718387053648 0.7733361098159731 12
1718387053932 0.830001429007745 13
1718387054207 0.7692419126700745 14
1718387054469 0.832268818828318 15
1718387054740 0.7462962326515578 16
1718387055046 0.7924517913017392 17
1718387055329 0.8372349874840941 18
1718387055557 0.790202703187139 19
1718387055783 0.8382873339902828 20
1718387056015 0.8290820951064237 21
1718387056241 0.820045163115837 22
1718387056480 0.7942289212345034 23
1718387056710 0.786926455647955 24
1718387056929 0.7543425294242742 25
1718387057157 0.8007793337581941 26
1718387057448 0.8416643992814637 27
1718387057714 0.831871794840315 28
1718387057979 0.8562661956001519 29
1718387058295 0.8436833607013738 30
1718387058536 0.8300307594339824 31
1718387058980 0.7988987242310468 32
1718387059212 0.7249730473777998 33
1718387059443 0.8347343496525249 34
1718387059674 0.8710513914475945 35
1718387059900 0.8417037209142411 36
1718387060135 0.8516140088165425 37
1718387060372 0.8320189691618854 38
1718387060603 0.8598129836240705 39
1718387060828 0.8422906277253065 40
1718387061056 0.8230706515890057 41
1718387061283 0.8293684397441327 42
1718387061519 0.8289722863939063 43
1718387061742 0.836479123305207 44
1718387061975 0.8573775053993636 45
1718387062201 0.7913069493827822 46
1718387062436 0.8056800681775015 47
1718387062666 0.8281374812006179 48
1718387062894 0.7801997154886773 49
