1718381895059 0.3142857142857143 0
1718381895384 0.17142857142857143 1
1718381895715 0.11428571428571428 2
1718381896102 0.37142857142857144 3
1718381896430 0.2857142857142857 4
1718381896755 0.2571428571428571 5
1718381897077 0.34285714285714286 6
1718381897389 0.3142857142857143 7
1718381897704 0.34285714285714286 8
1718381898012 0.2 9
1718381898331 0.4 10
1718381898654 0.34285714285714286 11
1718381898973 0.2571428571428571 12
1718381899303 0.3142857142857143 13
1718381899619 0.11428571428571428 14
1718381899937 0.2 15
1718381900265 0.34285714285714286 16
1718381900597 0.4 17
1718381900938 0.08571428571428572 18
1718381901267 0.3142857142857143 19
1718381901593 0.17142857142857143 20
1718381901942 0.22857142857142856 21
1718381902262 0.3142857142857143 22
1718381902605 0.2 23
1718381902957 0.2571428571428571 24
1718381903297 0.2 25
1718381903619 0.22857142857142856 26
1718381903959 0.2 27
1718381904284 0.3142857142857143 28
1718381904611 0.22857142857142856 29
1718381904968 0.22857142857142856 30
1718381905306 0.34285714285714286 31
1718381905634 0.17142857142857143 32
1718381905968 0.2857142857142857 33
1718381906293 0.37142857142857144 34
1718381906614 0.2857142857142857 35
1718381906947 0.34285714285714286 36
1718381907271 0.37142857142857144 37
1718381907600 0.34285714285714286 38
1718381907933 0.2 39
1718381908256 0.3142857142857143 40
1718381908584 0.34285714285714286 41
1718381908920 0.17142857142857143 42
1718381909243 0.11428571428571428 43
1718381909565 0.2571428571428571 44
1718381909887 0.2 45
1718381910199 0.2 46
1718381910521 0.22857142857142856 47
1718381910846 0.08571428571428572 48
1718381911183 0.3142857142857143 49
