1718381894971 1.9606988430023193 0
1718381895289 1.9583042860031128 1
1718381895613 2.0510294437408447 2
1718381895990 2.118788242340088 3
1718381896342 1.8989579677581787 4
1718381896655 2.199209451675415 5
1718381896982 1.963608980178833 6
1718381897297 2.075390577316284 7
1718381897610 1.8000105619430542 8
1718381897925 1.951349139213562 9
1718381898242 1.8067805767059326 10
1718381898561 1.8614546060562134 11
1718381898882 1.9225068092346191 12
1718381899198 2.040008783340454 13
1718381899526 1.9638590812683105 14
1718381899848 2.0144424438476562 15
1718381900164 1.956408143043518 16
1718381900490 1.860648512840271 17
1718381900843 1.7733434438705444 18
1718381901178 1.7177826166152954 19
1718381901497 2.0151078701019287 20
1718381901848 1.9754947423934937 21
1718381902169 1.7991721630096436 22
1718381902512 1.9429582357406616 23
1718381902861 1.8015974760055542 24
1718381903202 1.9394780397415161 25
1718381903530 1.9028900861740112 26
1718381903864 2.7512834072113037 27
1718381904191 1.8424618244171143 28
1718381904518 2.3866257667541504 29
1718381904869 1.7474455833435059 30
1718381905209 2.4286038875579834 31
1718381905539 2.1968190670013428 32
1718381905874 2.0639145374298096 33
1718381906197 1.9550302028656006 34
1718381906521 2.0901360511779785 35
1718381906858 1.9408427476882935 36
1718381907178 2.0176801681518555 37
1718381907509 2.154693841934204 38
1718381907841 2.1706933975219727 39
1718381908161 1.8321201801300049 40
1718381908494 1.9991772174835205 41
1718381908826 2.1853528022766113 42
1718381909149 1.9514410495758057 43
1718381909474 1.843469262123108 44
1718381909799 2.3667845726013184 45
1718381910109 2.0479013919830322 46
1718381910428 2.150923490524292 47
1718381910749 2.3612871170043945 48
1718381911067 1.8178582191467285 49
