1718427407665 0.16363636363636364 0
1718427407981 0.1875 1
1718427408298 0.2608695652173913 2
1718427408663 0.18181818181818182 3
1718427408998 0.23888888888888887 4
1718427409324 0.07619047619047618 5
1718427409631 0.2608695652173913 6
1718427409949 0.2608695652173913 7
1718427410264 0.04 8
1718427410581 0.18181818181818182 9
1718427410897 0.3863636363636364 10
1718427411214 0.2608695652173913 11
1718427411531 0.2608695652173913 12
1718427411848 0.32987012987012987 13
1718427412164 0.2608695652173913 14
1718427412480 0.18181818181818182 15
1718427412782 0.18 16
1718427413114 0.18095238095238092 17
1718427413448 0.2608695652173913 18
1718427413812 0.18181818181818182 19
1718427414148 0.2608695652173913 20
1718427414497 0.2608695652173913 21
1718427414813 0.18181818181818182 22
1718427415150 0.18181818181818182 23
1718427415497 0.2608695652173913 24
1718427415830 0.16363636363636364 25
1718427416162 0.2608695652173913 26
1718427416496 0.2608695652173913 27
1718427416830 0.5055555555555556 28
1718427417150 0.12698412698412698 29
1718427417500 0.09523809523809523 30
1718427417851 0.18 31
1718427418212 0.14285714285714285 32
1718427418552 0.13636363636363635 33
1718427418880 0.18181818181818182 34
1718427419198 0.18181818181818182 35
1718427419529 0.18181818181818182 36
1718427419863 0.4025974025974026 37
1718427420196 0.2833333333333333 38
1718427420529 0.18181818181818182 39
1718427420847 0.2608695652173913 40
1718427421179 0.2608695652173913 41
1718427421512 0.2608695652173913 42
1718427421829 0.2608695652173913 43
1718427422145 0.2608695652173913 44
1718427422628 0.18181818181818182 45
1718427423112 0.18181818181818182 46
1718427423578 0.18181818181818182 47
1718427424012 0.18181818181818182 48
1718427424445 0.5 49
