1718329627463 1.978136420249939 0
1718329627811 2.048779010772705 1
1718329628120 1.922879934310913 2
1718329628411 2.384155511856079 3
1718329628721 2.052475690841675 4
1718329629014 1.9463831186294556 5
1718329629322 2.07694149017334 6
1718329629623 1.9210914373397827 7
1718329629913 2.3274240493774414 8
1718329630211 1.9695814847946167 9
1718329630506 2.07529354095459 10
1718329630815 2.1906614303588867 11
1718329631107 1.9561370611190796 12
1718329631397 1.8277086019515991 13
1718329631726 1.7223609685897827 14
1718329632016 2.751352071762085 15
1718329632410 1.7383097410202026 16
1718329632728 2.027211904525757 17
1718329633066 2.1330161094665527 18
1718329633374 1.8880258798599243 19
1718329633693 1.960127353668213 20
1718329633991 1.9186310768127441 21
1718329634308 2.26425838470459 22
1718329634607 1.790187120437622 23
1718329634912 2.247394323348999 24
1718329635210 2.3764636516571045 25
1718329635505 1.8359942436218262 26
1718329635836 2.185088634490967 27
1718329636124 2.0085630416870117 28
1718329636428 2.579623222351074 29
1718329636738 2.400996446609497 30
1718329637027 2.0496692657470703 31
1718329637323 2.3761343955993652 32
1718329637641 1.9053441286087036 33
1718329637950 2.28534197807312 34
1718329638259 1.8934327363967896 35
1718329638556 2.010216474533081 36
1718329638861 1.9154423475265503 37
1718329639158 1.9480770826339722 38
1718329639452 1.8571510314941406 39
1718329639762 2.2270426750183105 40
1718329640057 1.838925838470459 41
1718329640359 1.8100277185440063 42
1718329640660 1.8206433057785034 43
1718329640953 1.8654264211654663 44
1718329641251 1.9961647987365723 45
1718329641540 1.9189339876174927 46
1718329641839 1.9878772497177124 47
1718329642136 2.02213716506958 48
1718329642430 1.8492234945297241 49
