1718546120373 nan 0
1718546120820 nan 1
1718546121269 nan 2
1718546121738 nan 3
1718546122205 nan 4
1718546122651 nan 5
1718546123119 nan 6
1718546123636 nan 7
1718546124085 nan 8
1718546124569 nan 9
1718546125002 nan 10
1718546125453 nan 11
1718546125902 nan 12
1718546126335 nan 13
1718546126802 nan 14
1718546127368 nan 15
1718546127819 nan 16
1718546128288 nan 17
1718546128768 nan 18
1718546129218 nan 19
1718546129688 nan 20
1718546130134 nan 21
1718546130618 nan 22
1718546131134 nan 23
1718546131621 nan 24
1718546132101 nan 25
1718546132562 nan 26
1718546133017 nan 27
1718546133451 nan 28
1718546133900 nan 29
1718546134354 nan 30
1718546134783 nan 31
1718546135233 nan 32
1718546135670 nan 33
1718546136117 nan 34
1718546136581 nan 35
1718546137000 nan 36
1718546137467 nan 37
1718546137952 nan 38
1718546138399 nan 39
1718546138866 nan 40
1718546139333 nan 41
1718546139770 nan 42
1718546140216 nan 43
1718546140666 nan 44
1718546141115 nan 45
1718546141599 nan 46
1718546142082 nan 47
1718546142565 nan 48
1718546143060 nan 49
