1718427622125 0.027019023895263672 0
1718427622522 -0.041565895080566406 1
1718427622908 2.0468838214874268 2
1718427623287 0.23407196998596191 3
1718427623725 -2.047614097595215 4
1718427624107 0.8350226879119873 5
1718427624439 0.32723140716552734 6
1718427624739 3.062267303466797 7
1718427625056 -1.223250389099121 8
1718427625359 1.5708436965942383 9
1718427625670 -0.1845407485961914 10
1718427625972 -1.4686851501464844 11
1718427626288 1.397721290588379 12
1718427626588 0.02648758888244629 13
1718427626907 0.30372047424316406 14
1718427627221 -0.01705455780029297 15
1718427627521 0.4929847717285156 16
1718427627855 0.19181108474731445 17
1718427628171 -0.9085819721221924 18
1718427628505 0.7441487312316895 19
1718427628821 -0.00962519645690918 20
1718427629171 -0.19269323348999023 21
1718427629505 0.025750160217285156 22
1718427629821 -1.6788246631622314 23
1718427630138 -0.0719151496887207 24
1718427630470 -1.8942418098449707 25
1718427630791 0.0699915885925293 26
1718427631137 0.6162896156311035 27
1718427631454 -2.7547285556793213 28
1718427631771 0.08871126174926758 29
1718427632105 -0.18645429611206055 30
1718427632437 -1.073378562927246 31
1718427632771 -0.015273809432983398 32
1718427633091 1.1381328105926514 33
1718427633441 0.17925548553466797 34
1718427633758 -0.16359686851501465 35
1718427634087 0.4323911666870117 36
1718427634420 -0.6584033966064453 37
1718427634754 -2.760578155517578 38
1718427635073 -0.3670654296875 39
1718427635403 0.11501741409301758 40
1718427635720 0.21796607971191406 41
1718427636037 0.015361309051513672 42
1718427636370 -0.34564208984375 43
1718427636687 0.011384248733520508 44
1718427636986 0.025033950805664062 45
1718427637336 0.08852219581604004 46
1718427637653 0.06663656234741211 47
1718427637986 -0.31961941719055176 48
1718427638319 0.05301308631896973 49
