1718427828749 0.3136106871224871 0
1718427828999 0.14146002082498096 1
1718427829251 0.1045121290724105 2
1718427829499 0.3597022363641791 3
1718427829732 0.21094793057409883 4
1718427830000 0.09237956093939867 5
1718427830232 0.11168567853431377 6
1718427830465 0.21094793057409883 7
1718427830699 0.1989247311827957 8
1718427830932 0.21094793057409883 9
1718427831163 0.17582100450649274 10
1718427831386 0.10971257800826227 11
1718427831602 0.2642631876444282 12
1718427831831 0.21094793057409883 13
1718427832048 0.1989247311827957 14
1718427832264 0.4035864416394837 15
1718427832498 0.21094793057409883 16
1718427832728 0.3378284976996079 17
1718427832948 0.1989247311827957 18
1718427833148 0.3850675736203215 19
1718427833364 0.08462486791123636 20
1718427833581 0.21094793057409883 21
1718427833797 0.2037533512064343 22
1718427834029 0.21094793057409883 23
1718427834247 0.2037533512064343 24
1718427834479 0.21094793057409883 25
1718427834681 0.2037533512064343 26
1718427834931 0.21094793057409883 27
1718427835147 0.2037533512064343 28
1718427835364 0.21094793057409883 29
1718427835581 0.3569768939404861 30
1718427835822 0.21094793057409883 31
1718427836034 0.1989247311827957 32
1718427836267 0.0995487454179824 33
1718427836498 0.1989247311827957 34
1718427836717 0.21094793057409883 35
1718427836964 0.1989247311827957 36
1718427837214 0.10852969307016781 37
1718427837483 0.2657277020775162 38
1718427837701 0.07767453190630846 39
1718427837945 0.11805101373446698 40
1718427838164 0.21094793057409883 41
1718427838430 0.2037533512064343 42
1718427838667 0.21094793057409883 43
1718427838900 0.15252916574950473 44
1718427839113 0.21094793057409883 45
1718427839330 0.2037533512064343 46
1718427839567 0.21094793057409883 47
1718427839780 0.3430203925506227 48
1718427840030 0.43374958644130374 49
