1718513756113 5.389528883571726 0
1718513758682 2.4143490721818877 1
1718513761284 1.381075490626742 2
1718513764373 -6.976412737976862 3
1718513767722 -2.437678809203671 4
1718513771010 4.9599833995166955 5
1718513773710 4.419851469893137 6
1718513776314 -2.348505098579195 7
1718513778897 -4.587662169291683 8
1718513781499 5.632018350119504 9
1718513784051 4.215213595338524 10
1718513786603 4.924718370075104 11
1718513789186 -1.0518982754131798 12
1718513791706 5.8726579136419295 13
1718513794275 5.429521141905095 14
1718513796844 -6.749933081071427 15
1718513799543 5.878355093802163 16
1718513802130 -10.820008046813935 17
1718513804633 6.154948926580461 18
1718513807171 -1.601200754965566 19
1718513809721 4.325742850141425 20
1718513812238 0.965513034053239 21
1718513814792 0.2503467231508054 22
1718513817326 -7.016168880655478 23
1718513819877 -2.942493174655324 24
1718513822563 -15.859344898448441 25
1718513825915 5.880685569918038 26
1718513829284 6.273792948705113 27
1718513832323 5.508766545706399 28
1718513834922 -4.9573325310497065 29
1718513837540 2.8324539234952777 30
1718513840091 -3.9658429085450084 31
1718513842612 5.410641753269401 32
1718513845132 6.144766623783614 33
1718513847665 3.573172916610953 34
1718513850183 6.5374715667596766 35
1718513852719 5.680314723651277 36
1718513855237 6.581370492844386 37
1718513857742 6.266721400916369 38
1718513860257 -13.161789552863983 39
1718513862776 -0.9922102639514776 40
1718513865261 3.6268077705172725 41
1718513867800 -5.743261697190041 42
1718513870298 6.6843190184813315 43
1718513872850 -4.100497831264125 44
1718513875352 4.909652678732545 45
1718513877837 -16.961377699770306 46
1718513880339 -8.81957785778031 47
1718513883141 1.7910607888528984 48
1718513886594 -4.999300162529147 49
