1718383670426 0.20512820512820512 0
1718383670783 0.20512820512820512 1
1718383671097 0.20512820512820512 2
1718383671454 0.20512820512820512 3
1718383671769 0.20512820512820512 4
1718383672070 0.20512820512820512 5
1718383672378 0.20512820512820512 6
1718383672699 0.20512820512820512 7
1718383673012 0.20512820512820512 8
1718383673314 0.20512820512820512 9
1718383673635 0.20512820512820512 10
1718383673942 0.20512820512820512 11
1718383674244 0.20512820512820512 12
1718383674559 0.20512820512820512 13
1718383674868 0.20512820512820512 14
1718383675180 0.20512820512820512 15
1718383675496 0.20512820512820512 16
1718383675800 0.20512820512820512 17
1718383676107 0.20512820512820512 18
1718383676422 0.20512820512820512 19
1718383676760 0.20512820512820512 20
1718383677072 0.20512820512820512 21
1718383677389 0.20512820512820512 22
1718383677723 0.20512820512820512 23
1718383678040 0.20512820512820512 24
1718383678386 0.20512820512820512 25
1718383678722 0.20512820512820512 26
1718383679050 0.20512820512820512 27
1718383679372 0.20512820512820512 28
1718383679702 0.20512820512820512 29
1718383680036 0.20512820512820512 30
1718383680358 0.20512820512820512 31
1718383680692 0.20512820512820512 32
1718383681029 0.20512820512820512 33
1718383681358 0.20512820512820512 34
1718383681691 0.20512820512820512 35
1718383682031 0.20512820512820512 36
1718383682418 0.20512820512820512 37
1718383682835 0.20512820512820512 38
1718383683235 0.20512820512820512 39
1718383683668 0.20512820512820512 40
1718383684071 0.20512820512820512 41
1718383684475 0.20512820512820512 42
1718383684886 0.20512820512820512 43
1718383685241 0.20512820512820512 44
1718383685629 0.20512820512820512 45
1718383685995 0.20512820512820512 46
1718383686358 0.20512820512820512 47
1718383686721 0.20512820512820512 48
1718383687092 0.20512820512820512 49
