1718554209761 1.0 0
1718554210797 1.0 1
1718554211844 1.0 2
1718554212860 1.0 3
1718554213860 1.0 4
1718554214943 1.0 5
1718554216043 1.0 6
1718554217092 1.0 7
1718554218094 1.0 8
1718554219092 1.0 9
1718554220128 1.0 10
1718554220978 1.0 11
1718554221792 1.0 12
1718554222642 1.0 13
1718554223523 1.0 14
1718554224357 1.0 15
1718554225174 1.0 16
1718554225990 1.0 17
1718554226808 1.0 18
1718554227624 1.0 19
1718554228473 1.0 20
1718554229274 1.0 21
1718554230043 1.0 22
1718554230873 1.0 23
1718554231707 1.0 24
1718554232656 1.0 25
1718554233556 1.0 26
1718554234373 1.0 27
1718554235222 1.0 28
1718554236072 1.0 29
1718554236905 1.0 30
1718554237755 1.0 31
1718554238625 1.0 32
1718554239472 1.0 33
1718554240288 1.0 34
1718554241105 1.0 35
1718554241921 1.0 36
1718554242783 1.0 37
1718554243587 1.0 38
1718554244421 1.0 39
1718554245237 1.0 40
1718554246037 1.0 41
1718554246922 1.0 42
1718554247787 1.0 43
1718554248703 1.0 44
1718554249569 1.0 45
1718554250386 1.0 46
1718554251219 1.0 47
1718554252086 1.0 48
1718554252919 1.0 49
