1718405385664 0.0 0
1718405389968 0.0 1
1718405394254 0.0 2
1718405399128 0.0 3
1718405404212 0.0 4
1718405409266 0.0 5
1718405414303 0.0 6
1718405419307 0.0 7
1718405423726 0.0 8
1718405428180 0.0 9
1718405432600 0.0 10
1718405437058 0.0 11
1718405441373 0.0 12
1718405445669 0.0 13
1718405450129 0.0 14
1718405454533 0.0 15
1718405458986 0.0 16
1718405463523 0.0 17
1718405468627 0.0 18
1718405473784 0.0 19
1718405478934 0.0 20
1718405483721 0.0 21
1718405488008 0.0 22
1718405492279 0.0 23
1718405496564 0.0 24
1718405500817 0.0 25
1718405505054 0.0 26
1718405509290 0.0 27
1718405513616 0.0 28
1718405517830 0.0 29
1718405522083 0.0 30
1718405527169 0.0 31
1718405532291 0.0 32
1718405537461 0.0 33
1718405542197 0.0 34
1718405546418 0.0 35
1718405550654 0.0 36
1718405555008 0.0 37
1718405559328 0.0 38
1718405563631 0.0 39
1718405567867 0.0 40
1718405572087 0.0 41
1718405576374 0.0 42
1718405580610 0.0 43
1718405585480 0.0 44
1718405590568 0.0 45
1718405595655 0.0 46
1718405600625 0.0 47
1718405605028 0.0 48
1718405609265 0.0 49
