1718437902383 0.0 0
1718437904466 0.0 1
1718437906582 0.0 2
1718437908731 0.0 3
1718437910981 0.0 4
1718437913315 0.0 5
1718437915680 0.0 6
1718437917863 0.0 7
1718437920018 0.0 8
1718437922180 0.0 9
1718437924961 0.0 10
1718437927844 0.0 11
1718437930646 0.0 12
1718437933343 0.0 13
1718437935844 0.0 14
1718437938026 0.0 15
1718437940077 0.0 16
1718437942208 0.0 17
1718437944357 0.0 18
1718437946534 0.0 19
1718437948623 0.0 20
1718437950726 0.0 21
1718437952806 0.0 22
1718437954906 0.0 23
1718437956972 0.0 24
1718437959071 0.0 25
1718437961138 0.0 26
1718437963187 0.0 27
1718437965319 0.0 28
1718437967386 0.0 29
1718437969520 0.0 30
1718437971588 0.0 31
1718437973669 0.0 32
1718437975785 0.0 33
1718437977918 0.0 34
1718437979984 0.0 35
1718437982083 0.0 36
1718437984924 0.0 37
1718437987899 0.0 38
1718437990722 0.0 39
1718437993381 0.0 40
1718437995997 0.0 41
1718437998114 0.0 42
1718438000229 0.0 43
1718438002330 0.0 44
1718438004513 0.0 45
1718438006579 0.0 46
1718438008765 0.0 47
1718438010894 0.0 48
1718438012994 0.0 49
