1718582622606 1.0 0
1718582628260 1.0 1
1718582633764 1.0 2
1718582639678 1.0 3
1718582646148 1.0 4
1718582652846 1.0 5
1718582659613 1.0 6
1718582665722 1.0 7
1718582671176 1.0 8
1718582675963 1.0 9
1718582680616 1.0 10
1718582685487 1.0 11
1718582690740 1.0 12
1718582695728 1.0 13
1718582700381 1.0 14
1718582705768 1.0 15
1718582711223 1.0 16
1718582716626 1.0 17
1718582721947 1.0 18
1718582726651 1.0 19
1718582731284 1.0 20
1718582735929 1.0 21
1718582740628 1.0 22
1718582745264 1.0 23
1718582749868 1.0 24
1718582754555 1.0 25
1718582759208 1.0 26
1718582764446 1.0 27
1718582769983 1.0 28
1718582775498 1.0 29
1718582780911 1.0 30
1718582785573 1.0 31
1718582790181 1.0 32
1718582794868 1.0 33
1718582799538 1.0 34
1718582804142 1.0 35
1718582808829 1.0 36
1718582813465 1.0 37
1718582818119 1.0 38
1718582823072 1.0 39
1718582828593 1.0 40
1718582834114 1.0 41
1718582839602 1.0 42
1718582844411 1.0 43
1718582849069 1.0 44
1718582853712 1.0 45
1718582858516 1.0 46
1718582863170 1.0 47
1718582867994 1.0 48
1718582872659 1.0 49
