1718400558948 0.3333333333333333 0
1718400559765 0.3333333333333333 1
1718400560549 0.3333333333333333 2
1718400561166 0.3333333333333333 3
1718400561800 0.3333333333333333 4
1718400562517 0.3333333333333333 5
1718400563151 0.3333333333333333 6
1718400563801 0.3333333333333333 7
1718400564468 0.3333333333333333 8
1718400565086 0.3333333333333333 9
1718400565786 0.0 10
1718400566454 0.3333333333333333 11
1718400567086 0.0 12
1718400567754 0.3333333333333333 13
1718400568408 0.3333333333333333 14
1718400569074 0.36363636363636365 15
1718400569773 0.3333333333333333 16
1718400570440 0.3333333333333333 17
1718400571090 0.4444444444444444 18
1718400571741 0.3333333333333333 19
1718400572408 0.3333333333333333 20
1718400573058 0.3333333333333333 21
1718400573708 0.3333333333333333 22
1718400574343 0.3333333333333333 23
1718400574960 0.0 24
1718400575593 0.3333333333333333 25
1718400576227 0.3333333333333333 26
1718400576861 0.0 27
1718400577528 0.3333333333333333 28
1718400578162 0.3333333333333333 29
1718400578796 0.3333333333333333 30
1718400579446 0.3333333333333333 31
1718400580063 0.3333333333333333 32
1718400580697 0.3333333333333333 33
1718400581331 0.3333333333333333 34
1718400581947 0.36363636363636365 35
1718400582565 0.3333333333333333 36
1718400583200 0.3333333333333333 37
1718400583833 0.0 38
1718400584467 0.4615384615384615 39
1718400585101 0.3333333333333333 40
1718400585734 0.3333333333333333 41
1718400586351 0.3333333333333333 42
1718400586969 0.3333333333333333 43
1718400587602 0.3333333333333333 44
1718400588220 0.3333333333333333 45
1718400588853 0.3333333333333333 46
1718400589487 0.3333333333333333 47
1718400590104 0.3333333333333333 48
1718400590738 0.3333333333333333 49
