1718346318657 9.591085433959961 0
1718346321422 9.5911865234375 1
1718346323810 9.591196060180664 2
1718346326372 9.59119701385498 3
1718346328741 9.59119701385498 4
1718346331692 9.591195106506348 5
1718346334082 9.591195106506348 6
1718346336323 9.59119701385498 7
1718346338786 9.59119701385498 8
1718346341116 9.591196060180664 9
1718346343481 9.591194152832031 10
1718346345828 9.591193199157715 11
1718346348280 9.591192245483398 12
1718346350430 9.591191291809082 13
1718346352912 9.591190338134766 14
1718346355453 9.591193199157715 15
1718346357799 9.591193199157715 16
1718346360372 9.591193199157715 17
1718346362855 9.591194152832031 18
1718346365554 9.591193199157715 19
1718346367888 9.591195106506348 20
1718346370409 9.591193199157715 21
1718346372784 9.591194152832031 22
1718346375089 9.591192245483398 23
1718346377643 9.59118938446045 24
1718346379993 9.591190338134766 25
1718346382570 10.103950500488281 26
1718346384751 10.103496551513672 27
1718346387191 10.103559494018555 28
1718346389547 10.103567123413086 29
1718346391958 10.103570938110352 30
1718346394336 10.103570938110352 31
1718346396698 10.10356616973877 32
1718346399198 10.103571891784668 33
1718346401486 10.103567123413086 34
1718346403978 10.103564262390137 35
1718346406117 10.103560447692871 36
1718346408516 10.10356330871582 37
1718346410897 10.103569030761719 38
1718346413195 10.103569030761719 39
1718346415581 10.10356616973877 40
1718346417751 10.10356616973877 41
1718346420215 10.1035737991333 42
1718346422536 10.10357666015625 43
1718346425333 10.10357666015625 44
1718346427721 10.103569984436035 45
1718346429969 10.103575706481934 46
1718346432468 10.1035737991333 47
1718346434812 10.10357666015625 48
1718346437236 10.1035737991333 49
