1718387063450 0.8377744787383372 0
1718387063717 0.8766605842808519 1
1718387063958 0.8544377908898787 2
1718387064184 0.8458408706948817 3
1718387064418 0.8719992148148995 4
1718387064652 0.8618992269882464 5
1718387064884 0.8692869387347988 6
1718387065107 0.8265053327232639 7
1718387065339 0.84962364644545 8
1718387065577 0.8830900527355544 9
1718387065800 0.8807172469950487 10
1718387066020 0.8794789757184948 11
1718387066244 0.8865832689534429 12
1718387066492 0.8580248621856261 13
1718387066744 0.8256826370360612 14
1718387067012 0.8550212261767286 15
1718387067240 0.8152579417763731 16
1718387067606 0.812293109841648 17
1718387067882 0.8187458371882892 18
1718387068119 0.8646871382802084 19
1718387068592 0.8557989481396681 20
1718387068818 0.8361929256482574 21
1718387069034 0.8289698258900401 22
1718387069267 0.8815210241917456 23
1718387069499 0.8587348610653058 24
1718387069730 0.8867490294345062 25
1718387069954 0.8388228429000112 26
1718387070184 0.8853255321736547 27
1718387070454 0.8769382905252625 28
1718387070740 0.8659056210617481 29
1718387070995 0.8797966031967126 30
1718387071230 0.8866811384833942 31
1718387071457 0.838695412322432 32
1718387071692 0.8604524295954741 33
1718387071928 0.8450294064284111 34
1718387072185 0.8503269193605744 35
1718387072433 0.8475435056186786 36
1718387072677 0.8136505222413914 37
1718387072899 0.7327739613899481 38
1718387073125 0.8490975735734326 39
1718387073362 0.8243012027801075 40
1718387073601 0.842475895729475 41
1718387073837 0.8467584533234358 42
1718387074052 0.8474176254583574 43
1718387074269 0.8517028981528753 44
1718387074502 0.8241501772454539 45
1718387074736 0.8636629382740425 46
1718387074962 0.8590609951689477 47
1718387075189 0.8594780239706139 48
1718387075418 0.8838021350661096 49
