1717609273786 0.1676846196557468 0
1717609274335 0.1676846196557468 1
1717609274802 0.1676846196557468 2
1717609275302 0.3351503079678127 3
1717609275787 0.3588376115866503 4
1717609276268 0.3913700923791433 5
1717609276768 0.4335917928434856 6
1717609277251 0.32441151875360963 7
1717609277751 0.21965328780858362 8
1717609278334 0.341871991360086 9
1717609278834 0.3630809263961635 10
1717609279317 0.3498911101183828 11
1717609279800 0.1676846196557468 12
1717609280317 0.1676846196557468 13
1717609280801 0.1676846196557468 14
1717609281317 0.1676846196557468 15
1717609281833 0.1676846196557468 16
1717609282333 0.1676846196557468 17
1717609282933 0.1676846196557468 18
1717609283421 0.1676846196557468 19
