1718532917150 1.0 0
1718532917736 1.0 1
1718532918286 1.0 2
1718532918786 1.0 3
1718532919287 1.0 4
1718532919784 1.0 5
1718532920265 1.0 6
1718532920784 1.0 7
1718532921317 1.0 8
1718532921817 1.0 9
1718532922359 1.0 10
1718532922834 1.0 11
1718532923359 1.0 12
1718532923878 1.0 13
1718532924433 1.0 14
1718532924933 1.0 15
1718532925433 1.0 16
1718532925916 1.0 17
1718532926417 1.0 18
1718532926916 1.0 19
1718532927383 1.0 20
1718532927883 1.0 21
1718532928366 1.0 22
1718532928833 1.0 23
1718532929351 1.0 24
1718532929852 1.0 25
1718532930332 1.0 26
1718532930832 1.0 27
1718532931582 1.0 28
1718532932052 1.0 29
1718532932515 1.0 30
1718532933015 1.0 31
1718532933535 1.0 32
1718532934015 1.0 33
1718532934557 1.0 34
1718532935052 1.0 35
1718532935545 1.0 36
1718532936018 1.0 37
1718532936498 1.0 38
1718532937014 1.0 39
1718532937539 1.0 40
1718532938043 1.0 41
1718532938542 1.0 42
1718532939018 1.0 43
1718532939534 1.0 44
1718532940037 1.0 45
1718532940517 1.0 46
1718532940998 1.0 47
1718532941480 1.0 48
1718532941947 1.0 49
