1718375215262 0.829298734664917 0
1718375216088 -0.27513957023620605 1
1718375216963 -0.17563581466674805 2
1718375218073 0.14476442337036133 3
1718375218969 0.035991668701171875 4
1718375219755 0.10094952583312988 5
1718375220701 -0.03769993782043457 6
1718375221443 0.5463242530822754 7
1718375222123 0.14548373222351074 8
1718375222920 -0.13187313079833984 9
1718375223612 0.11069273948669434 10
1718375224294 0.034987688064575195 11
1718375224974 -0.20656347274780273 12
1718375225701 0.029549598693847656 13
1718375226408 -0.06794166564941406 14
1718375227114 0.010524272918701172 15
1718375227793 -0.24769127368927002 16
1718375228796 0.09938526153564453 17
1718375229651 -0.022843599319458008 18
1718375230826 0.04445910453796387 19
1718375231873 0.012183904647827148 20
1718375232837 0.09785604476928711 21
1718375233822 -0.06091785430908203 22
1718375234768 -0.1359848976135254 23
1718375235549 -0.07094454765319824 24
1718375236318 0.1387784481048584 25
1718375237077 -0.040718793869018555 26
1718375237796 -0.014508247375488281 27
1718375238508 -0.0955650806427002 28
1718375239244 0.05631375312805176 29
1718375239962 -0.026022672653198242 30
1718375240719 -0.0608828067779541 31
1718375241418 0.21246135234832764 32
1718375242060 0.11509990692138672 33
1718375242711 0.22488164901733398 34
1718375243353 0.022890806198120117 35
1718375243998 -0.12411046028137207 36
1718375244637 -0.17251372337341309 37
1718375245282 -0.4824773073196411 38
1718375245926 -0.35484838485717773 39
1718375246598 0.034236907958984375 40
1718375247247 -0.49458062648773193 41
1718375247958 0.09474039077758789 42
1718375248604 0.2055654525756836 43
1718375249252 -0.01646876335144043 44
1718375249900 0.12299525737762451 45
1718375250556 -0.07110023498535156 46
1718375251196 -0.1362009048461914 47
1718375251832 -0.11951875686645508 48
1718375252481 0.3029308319091797 49
