1718573622252 0.10242424242424242 0
1718573623254 0.1618181818181818 1
1718573624224 0.19272727272727272 2
1718573625230 0.11878787878787879 3
1718573626205 0.16363636363636364 4
1718573627242 0.17333333333333334 5
1718573628310 0.14363636363636365 6
1718573629417 0.1993939393939394 7
1718573630505 0.10242424242424242 8
1718573631399 0.20787878787878789 9
1718573632305 0.10242424242424242 10
1718573633324 0.28363636363636363 11
1718573634200 0.10242424242424242 12
1718573635079 0.19454545454545455 13
1718573635975 0.10242424242424242 14
1718573636940 0.10242424242424242 15
1718573638034 0.10242424242424242 16
1718573639030 0.10242424242424242 17
1718573639960 0.21151515151515152 18
1718573640917 0.14424242424242426 19
1718573641981 0.24727272727272728 20
1718573643483 0.10242424242424242 21
1718573644774 0.12848484848484848 22
1718573645976 0.12666666666666668 23
1718573647104 0.10242424242424242 24
1718573648223 0.10242424242424242 25
1718573649501 0.10787878787878788 26
1718573650693 0.18666666666666668 27
1718573651934 0.19818181818181818 28
1718573653090 0.10242424242424242 29
1718573654292 0.10242424242424242 30
1718573655470 0.10727272727272727 31
1718573656614 0.17636363636363636 32
1718573657774 0.12 33
1718573658970 0.13090909090909092 34
1718573660549 0.10242424242424242 35
1718573661685 0.10242424242424242 36
1718573662805 0.09151515151515152 37
1718573663758 0.09151515151515152 38
1718573664691 0.09151515151515152 39
1718573665666 0.2084848484848485 40
1718573666649 0.23030303030303031 41
1718573667572 0.10242424242424242 42
1718573668497 0.10424242424242425 43
1718573669421 0.21515151515151515 44
1718573670370 0.17575757575757575 45
1718573671308 0.14606060606060606 46
1718573672264 0.10242424242424242 47
1718573673463 0.10242424242424242 48
1718573674819 0.3018181818181818 49
