1717606766338 0.10285302590849106 0
1717606766819 0.05459288338206329 1
1717606767184 0.2307904261857848 2
1717606767560 0.05952036549306623 3
1717606767970 0.030560846560846563 4
1717606768320 0.04900996163132086 5
1717606768643 0.11333333333333333 6
1717606768989 0.10303030303030303 7
1717606769338 0.40328035036250975 8
1717606769680 0.5898045222353524 9
1717606770017 0.1471674777329365 10
1717606770378 0.30425131217535556 11
1717606770736 0.4008771958537026 12
1717606771077 0.2054371246940252 13
1717606771410 0.10242424242424242 14
1717606771767 0.5457952799888284 15
1717606772161 0.5566691039779628 16
1717606772561 0.1456459931489569 17
1717606772944 0.37859879310670974 18
1717606773297 0.47130625051332914 19
1717606773704 0.5203072004710728 20
1717606774149 0.43234274490660624 21
1717606774527 0.20399618003962933 22
1717606775010 0.4974314770558356 23
1717606775605 0.3535103410552459 24
1717606776194 0.5390965047957994 25
1717606776730 0.1525659077285675 26
1717606777096 0.039147425852857326 27
1717606777527 0.38735744314298093 28
1717606777877 0.5577726370911684 29
1717606778243 0.4192772141535295 30
1717606778615 0.18019235584951296 31
1717606778992 0.10787878787878788 32
1717606779393 0.27366777656923313 33
1717606779763 0.3732725262483343 34
1717606780154 0.5330431694274288 35
1717606780559 0.2217225745404054 36
1717606781150 0.35020222638818754 37
1717606781676 0.3966908138634549 38
1717606782130 0.5401404184175022 39
1717606782510 0.26610058540639303 40
1717606782979 0.3812403325005594 41
1717606783358 0.2383884254995623 42
1717606783900 0.4354676331292801 43
1717606784262 0.22492371138241357 44
1717606784625 0.5566691039779628 45
1717606785008 0.279588740438611 46
1717606785375 0.4354079044337606 47
1717606785731 0.2974071765154965 48
1717606786075 0.5220061663648279 49
1717606786458 0.19285274002831304 50
1717606786826 0.3198467741823778 51
1717606787208 0.4238553563568301 52
1717606787577 0.3031106065903829 53
1717606787941 0.5617840562306483 54
1717606788291 0.4188529015810007 55
1717606788708 0.41016307411132374 56
1717606789041 0.10848484848484848 57
1717606789424 0.15643017610867643 58
1717606789942 0.16113383840152395 59
1717606790541 0.15070747518056482 60
1717606790891 0.23815175178244247 61
1717606791247 0.4246384697275391 62
1717606791643 0.4140528931821414 63
1717606792041 0.416793646354691 64
1717606792457 0.30262653867239114 65
1717606792844 0.4307164834493292 66
1717606793190 0.46830390964725443 67
1717606793544 0.5225207413075114 68
1717606793890 0.25598502977948356 69
1717606794240 0.43379732562765533 70
1717606794574 0.2622287440351496 71
1717606794923 0.5083643906543984 72
1717606795406 0.5401404184175022 73
1717606795741 0.2970523535058067 74
1717606796090 0.40298940075253703 75
1717606796440 0.3091233906119669 76
1717606796793 0.4088190625514164 77
1717606797156 0.44298125702499824 78
1717606797506 0.2205357593560912 79
1717606797873 0.5401404184175022 80
1717606798223 0.28301039341529094 81
1717606798573 0.37786313151739287 82
1717606798927 0.40662444271407583 83
1717606799273 0.23726308109871766 84
1717606799772 0.43189453900475056 85
1717606800137 0.5225207413075114 86
1717606800523 0.2642816465123781 87
1717606800872 0.4138062454158026 88
1717606801222 0.30682410793612164 89
1717606801555 0.3675790260109032 90
1717606801905 0.5396047599960085 91
1717606802255 0.2950692638157448 92
1717606802605 0.5330431694274288 93
1717606802955 0.29904769407956727 94
1717606803324 0.4412891662583034 95
1717606803655 0.4054572597577878 96
1717606804005 0.2383884254995623 97
1717606804527 0.4366114437855656 98
1717606804855 0.5577726370911684 99
1717606805205 0.5288241650865841 100
1717606805554 0.42752292181230817 101
1717606805888 0.416793646354691 102
1717606806240 0.279588740438611 103
1717606806588 0.3806374283510876 104
1717606806954 0.2213931724650221 105
1717606807304 0.5577726370911684 106
1717606807654 0.43116120230738275 107
1717606808004 0.3972218836494968 108
1717606808354 0.2642816465123781 109
1717606808824 0.45407755633343116 110
1717606809170 0.4210413546873151 111
1717606809520 0.18942764436082166 112
1717606809854 0.39500191485980046 113
1717606810223 0.5401404184175022 114
1717606810570 0.5292012957979888 115
1717606810924 0.2604740768099322 116
1717606811270 0.38444516241797 117
1717606811627 0.2554905603828259 118
1717606811953 0.4022049145150214 119
1717606812303 0.3594147624423135 120
1717606812653 0.4577166537569502 121
1717606812986 0.5401404184175022 122
1717606813344 0.46830390964725443 123
1717606813686 0.2841999565011238 124
1717606814031 0.4345510835913312 125
1717606814369 0.4263914231694782 126
1717606814725 0.26610058540639303 127
1717606815053 0.565232361709621 128
1717606815403 0.19529425896742791 129
1717606815736 0.3874019326715607 130
1717606816219 0.47130625051332914 131
1717606816584 0.2815753190187049 132
1717606816928 0.4192772141535295 133
1717606817269 0.28225609570020443 134
1717606817624 0.41738106155099663 135
1717606817952 0.22374018799149153 136
1717606818285 0.5401404184175022 137
1717606818652 0.42298980000327274 138
1717606819006 0.2677905034436455 139
1717606819352 0.28379129028415945 140
1717606819702 0.3481318572912903 141
1717606820059 0.46830390964725443 142
1717606820402 0.19178922875624527 143
1717606820752 0.40630832883637874 144
1717606821102 0.21131177806163476 145
1717606821457 0.5330431694274288 146
1717606821918 0.5390965047957994 147
1717606822251 0.378232058461596 148
1717606822619 0.4577166537569502 149
1717606822955 0.4220351859079802 150
1717606823318 0.2915237565011845 151
1717606823668 0.2925363246012124 152
1717606824019 0.5832771297363031 153
1717606824351 0.405406321277289 154
1717606824701 0.2460982700915655 155
1717606825034 0.42664428862669757 156
1717606825384 0.46579007204073014 157
1717606825734 0.18942764436082166 158
1717606826085 0.3462982939998093 159
1717606826432 0.5319599624341953 160
1717606826900 0.5225207413075114 161
1717606827252 0.29643053279260506 162
1717606827667 0.3990911846010101 163
1717606828000 0.4127863342223859 164
1717606828352 0.2622287440351496 165
1717606828699 0.4875469124777762 166
1717606829050 0.39869832369001085 167
1717606829399 0.22349472527598035 168
1717606829733 0.47609620846456413 169
1717606830083 0.2815753190187049 170
1717606830449 0.3182566090784396 171
1717606830952 0.3482307649221384 172
1717606831299 0.28301039341529094 173
1717606831666 0.42128552395955315 174
1717606832016 0.4242734987091794 175
1717606832371 0.19589495718606403 176
1717606832766 0.43234274490660624 177
1717606833105 0.42410258769042936 178
1717606833449 0.5832771297363031 179
1717606833854 0.19881095871459425 180
1717606834265 0.4880289495981454 181
1717606834615 0.5496295331538885 182
1717606834955 0.3926297128134842 183
1717606835315 0.3954456046183522 184
1717606835782 0.28379129028415945 185
1717606836115 0.452963183110288 186
1717606836502 0.4218767197802373 187
1717606836837 0.22502478933100825 188
1717606837181 0.41170061488850923 189
1717606837532 0.5461946945002454 190
1717606837882 0.28225609570020443 191
1717606838231 0.43724863261852165 192
1717606838581 0.3989408218879354 193
1717606838930 0.35916938167014284 194
1717606839281 0.2485762541352218 195
1717606839781 0.5432466776762582 196
1717606840114 0.43063419865766844 197
1717606840479 0.28225609570020443 198
1717606840831 0.4469754307861167 199
