1718392733166 -0.6980917453765869 0
1718392733520 -0.7076544761657715 1
1718392733878 -0.7140457630157471 2
1718392734251 -0.7190289497375488 3
1718392734593 -0.7231931686401367 4
1718392734936 -0.7267777919769287 5
1718392735280 -0.7299084663391113 6
1718392735615 -0.7326645851135254 7
1718392735973 -0.7351081371307373 8
1718392736326 -0.7372853755950928 9
1718392736678 -0.7392373085021973 10
1718392737022 -0.7409992218017578 11
1718392737365 -0.7425951957702637 12
1718392737711 -0.7440505027770996 13
1718392738077 -0.7453830242156982 14
1718392738474 -0.7466087341308594 15
1718392738812 -0.7477412223815918 16
1718392739210 -0.7487926483154297 17
1718392739634 -0.7497720718383789 18
1718392740022 -0.7506861686706543 19
1718392740455 -0.7515435218811035 20
1718392740811 -0.7523488998413086 21
1718392741198 -0.753108024597168 22
1718392741540 -0.7538251876831055 23
1718392741906 -0.7545042037963867 24
1718392742322 -0.7551476955413818 25
1718392742772 -0.7557604312896729 26
1718392743221 -0.756342887878418 27
1718392743659 -0.7568986415863037 28
1718392744077 -0.7574300765991211 29
1718392744536 -0.7579379081726074 30
1718392744947 -0.7584247589111328 31
1718392745372 -0.7588913440704346 32
1718392745781 -0.7593395709991455 33
1718392746209 -0.7597701549530029 34
1718392746623 -0.7601852416992188 35
1718392747039 -0.7605843544006348 36
1718392747479 -0.7609696388244629 37
1718392747877 -0.7613413333892822 38
1718392748294 -0.7617003917694092 39
1718392748698 -0.7620468139648438 40
1718392749112 -0.762382984161377 41
1718392749522 -0.7627084255218506 42
1718392749912 -0.7630231380462646 43
1718392750364 -0.7633283138275146 44
1718392750770 -0.763624906539917 45
1718392751163 -0.7639122009277344 46
1718392751562 -0.7641918659210205 47
1718392751949 -0.7644619941711426 48
1718392752350 -0.7647261619567871 49
