1718394285059 -0.438295841217041 0
1718394285675 -0.5776169300079346 1
1718394286124 -0.6112618446350098 2
1718394286594 -0.1510622501373291 3
1718394287057 -0.3238945007324219 4
1718394287523 -0.12981367111206055 5
1718394288058 -0.18603432178497314 6
1718394288502 -0.09319138526916504 7
1718394288886 0.2667478322982788 8
1718394289295 -0.20843267440795898 9
1718394289699 -0.5215518474578857 10
1718394290084 -0.1428518295288086 11
1718394290461 -0.4467916488647461 12
1718394290834 -0.17469429969787598 13
1718394291218 -0.8987610340118408 14
1718394291610 -0.5958907604217529 15
1718394291996 -0.5068134069442749 16
1718394292457 -0.11729216575622559 17
1718394292972 0.07807350158691406 18
1718394293412 0.35554981231689453 19
1718394293841 0.19648051261901855 20
1718394294258 -0.17506957054138184 21
1718394294674 -0.313770055770874 22
1718394295042 0.1574869155883789 23
1718394295448 -0.2342681884765625 24
1718394295843 -0.14838790893554688 25
1718394296232 0.17615032196044922 26
1718394296694 -0.33381569385528564 27
1718394297102 -0.527661919593811 28
1718394297501 -0.5225644111633301 29
1718394297906 -0.6847231388092041 30
1718394298780 0.07816863059997559 31
1718394299221 -0.8796689510345459 32
1718394299635 -0.17457234859466553 33
1718394300063 -0.029886484146118164 34
1718394300468 -0.08162188529968262 35
1718394300847 -0.6219775676727295 36
1718394301235 -0.34328198432922363 37
1718394301641 -0.08865737915039062 38
1718394302069 0.1661611795425415 39
1718394302670 0.01886451244354248 40
1718394303266 -0.45421862602233887 41
1718394303938 -0.5583329200744629 42
1718394304617 -0.3797013759613037 43
1718394305216 -0.19621515274047852 44
1718394305867 -0.6127102375030518 45
1718394306541 -0.5441293716430664 46
1718394307068 0.0793294906616211 47
1718394307620 -0.44140148162841797 48
1718394308173 -0.12228870391845703 49
