1718586320107 -0.00327718980384617 0
1718586320799 -0.005817630074240743 1
1718586321441 -0.006560506242694331 2
1718586322075 -0.006598212502219258 3
1718586322757 -0.006360090140140606 4
1718586323396 -0.005422353744506836 5
1718586324040 -0.001367988008441401 6
1718586324710 0.017860300613172342 7
1718586325358 0.048500010461518084 8
1718586326007 -0.10034986337025975 9
1718586326690 0.01173332965735252 10
1718586327344 0.04611539840698242 11
1718586328006 -0.5465912493792446 12
1718586328510 -0.6263488133748374 13
1718586328959 0.857227491609978 14
1718586329439 0.330499388954856 15
1718586329908 -0.2545211820891411 16
1718586330388 -0.127377307776249 17
1718586330870 -0.22497937896034914 18
1718586331339 0.2266841584985908 19
1718586331838 0.36804730241948924 20
1718586332322 -0.0023892973408554674 21
1718586332806 -0.0018057064576582071 22
1718586333288 -0.0014558416424375054 23
1718586333886 -0.00018386046091700692 24
1718586334338 -0.005455627585902345 25
1718586334780 -0.0066690842310586085 26
1718586335154 -0.002048723625414084 27
1718586335555 0.0031180526271010756 28
1718586335944 0.0017863223046967747 29
1718586336320 0.009754708318999494 30
1718586336724 0.037763017596620596 31
1718586337102 -0.06738133863969287 32
1718586337488 0.035912625717394064 33
1718586337890 0.04225974191318871 34
1718586338265 -0.45429633964191796 35
1718586338637 -0.5567136894572866 36
1718586339040 0.6078047607884263 37
1718586339419 -0.421847621599833 38
1718586339811 0.37620468211896485 39
1718586340190 0.424872044360999 40
1718586340585 -0.03245388377796532 41
1718586340987 -0.0005938103704741238 42
1718586341405 -0.0008780197663740275 43
1718586341845 -0.0009982333038793811 44
1718586342243 -0.00034266529661231004 45
1718586342653 0.0033486792535493137 46
1718586343085 0.01488471392429247 47
1718586343473 0.03157266703518946 48
1718586343879 -0.34221350062977196 49
