1718385581883 0.06386089324951172 0
1718385582338 0.25463223457336426 1
1718385582661 0.3707679510116577 2
1718385583001 0.18610620498657227 3
1718385583318 0.1746232509613037 4
1718385583638 0.21095037460327148 5
1718385583964 0.22606801986694336 6
1718385584278 0.23163354396820068 7
1718385584592 0.23297953605651855 8
1718385584924 0.23254776000976562 9
1718385585231 0.2314521074295044 10
1718385585548 0.23019075393676758 11
1718385585868 0.22897934913635254 12
1718385586183 0.2278975248336792 13
1718385586519 0.23003077507019043 14
1718385586840 0.27087152004241943 15
1718385587217 0.28449296951293945 16
1718385587548 0.2913944721221924 17
1718385587898 0.29586732387542725 18
1718385588228 0.2991858720779419 19
1718385588545 0.31611859798431396 20
1718385588876 0.31907713413238525 21
1718385589196 0.321399450302124 22
1718385589518 0.3233187198638916 23
1718385589889 0.32496178150177 24
1718385590209 0.32640397548675537 25
1718385590530 0.32769107818603516 26
1718385590864 0.32885193824768066 27
1718385591182 0.329911470413208 28
1718385591514 0.33089160919189453 29
1718385591849 0.3317762613296509 30
1718385592166 0.33258485794067383 31
1718385592485 0.3333282470703125 32
1718385592818 0.3340132236480713 33
1718385593162 0.33464670181274414 34
1718385593492 0.3352316617965698 35
1718385593816 0.3357734680175781 36
1718385594144 0.33627498149871826 37
1718385594464 0.3367398977279663 38
1718385594810 0.3371710777282715 39
1718385595135 0.12679743766784668 40
1718385595457 0.021791458129882812 41
1718385595777 -0.02826666831970215 42
1718385596103 -0.028189659118652344 43
1718385596430 -0.02811408042907715 44
1718385596756 -0.02804112434387207 45
1718385597096 -0.02797079086303711 46
1718385597417 -0.027902603149414062 47
1718385597726 -0.027837038040161133 48
1718385598052 -0.027774333953857422 49
