1718554798429 0.1605351170568562 0
1718554798878 0.1605351170568562 1
1718554799361 0.1605351170568562 2
1718554799861 0.1605351170568562 3
1718554800361 0.1605351170568562 4
1718554800847 0.1605351170568562 5
1718554801344 0.1605351170568562 6
1718554801814 0.1605351170568562 7
1718554802361 0.1605351170568562 8
1718554803025 0.1605351170568562 9
1718554803661 0.1605351170568562 10
1718554804244 0.1605351170568562 11
1718554804846 0.1605351170568562 12
1718554805460 0.1605351170568562 13
1718554806077 0.1605351170568562 14
1718554806712 0.1605351170568562 15
1718554807313 0.1605351170568562 16
1718554807893 0.1605351170568562 17
1718554808476 0.1605351170568562 18
1718554809076 0.1605351170568562 19
1718554809695 0.1605351170568562 20
1718554810293 0.1605351170568562 21
1718554810879 0.1605351170568562 22
1718554811492 0.1605351170568562 23
1718554812092 0.1605351170568562 24
1718554812676 0.1605351170568562 25
1718554813259 0.1605351170568562 26
1718554813892 0.1605351170568562 27
1718554814528 0.1605351170568562 28
1718554815194 0.1605351170568562 29
1718554815814 0.1605351170568562 30
1718554816417 0.1605351170568562 31
1718554817025 0.1605351170568562 32
1718554817624 0.1605351170568562 33
1718554818224 0.1605351170568562 34
1718554818808 0.1605351170568562 35
1718554819408 0.1605351170568562 36
1718554820007 0.1605351170568562 37
1718554820507 0.1605351170568562 38
1718554820990 0.1605351170568562 39
1718554821457 0.1605351170568562 40
1718554821957 0.1605351170568562 41
1718554822424 0.1605351170568562 42
1718554822873 0.1605351170568562 43
1718554823355 0.1605351170568562 44
1718554823823 0.1605351170568562 45
1718554824290 0.1605351170568562 46
1718554824773 0.1605351170568562 47
1718554825242 0.1605351170568562 48
1718554825723 0.1605351170568562 49
