1718436090341 0.0 0
1718436092472 0.0 1
1718436094588 0.0 2
1718436096689 0.0 3
1718436099022 0.0 4
1718436101388 0.0 5
1718436103673 0.0 6
1718436105869 0.0 7
1718436108036 0.0 8
1718436110152 0.0 9
1718436112337 0.0 10
1718436114535 0.0 11
1718436116649 0.0 12
1718436118953 0.0 13
1718436121083 0.0 14
1718436123568 0.0 15
1718436126432 0.0 16
1718436129298 0.0 17
1718436131998 0.0 18
1718436134864 0.0 19
1718436137130 0.0 20
1718436139299 0.0 21
1718436141379 0.0 22
1718436143529 0.0 23
1718436145678 0.0 24
1718436147794 0.0 25
1718436149877 0.0 26
1718436151946 0.0 27
1718436154093 0.0 28
1718436156243 0.0 29
1718436158345 0.0 30
1718436160478 0.0 31
1718436162589 0.0 32
1718436164660 0.0 33
1718436166824 0.0 34
1718436168891 0.0 35
1718436170966 0.0 36
1718436173059 0.0 37
1718436175123 0.0 38
1718436177258 0.0 39
1718436179407 0.0 40
1718436181538 0.0 41
1718436184037 0.0 42
1718436186923 0.0 43
1718436189753 0.0 44
1718436192536 0.0 45
1718436195352 0.0 46
1718436197585 0.0 47
1718436199700 0.0 48
1718436201791 0.0 49
