1718510728922 0.14471208547513767 0
1718510729405 0.036325886665384735 1
1718510729871 0.043314969604863224 2
1718510730306 0.05383400776980066 3
1718510730776 0.04312759723617188 4
1718510731227 0.10303030303030303 5
1718510731707 0.10303030303030303 6
1718510732157 0.10303030303030303 7
1718510732641 0.31545115572358734 8
1718510733108 0.10303030303030303 9
1718510733592 0.10303030303030303 10
1718510734079 0.10303030303030303 11
1718510734543 0.10303030303030303 12
1718510735026 0.10303030303030303 13
1718510735660 0.09151515151515152 14
1718510736160 0.10787878787878788 15
1718510736644 0.10303030303030303 16
1718510737144 0.09639811930130544 17
1718510737627 0.10303030303030303 18
1718510738112 0.05955714989982903 19
1718510738599 0.09438066081569436 20
1718510739062 0.5163610773371575 21
1718510739549 0.10303030303030303 22
1718510740013 0.09339671733891122 23
1718510740484 0.043020821951851786 24
1718510740934 0.3728191064511512 25
1718510741414 0.09151515151515152 26
1718510741885 0.10303030303030303 27
1718510742365 0.10848484848484848 28
1718510742832 0.10303030303030303 29
1718510743299 0.10303030303030303 30
1718510743766 0.09151515151515152 31
1718510744236 0.10303030303030303 32
1718510744717 0.09151515151515152 33
1718510745188 0.13627442526699476 34
1718510745667 0.10848484848484848 35
1718510746120 0.14970926745246554 36
1718510746601 0.10303030303030303 37
1718510747052 0.10303030303030303 38
1718510747519 0.07480152124032449 39
1718510747990 0.10303030303030303 40
1718510748469 0.10848484848484848 41
1718510748920 0.04505284011910658 42
1718510749391 0.10303030303030303 43
1718510749907 0.10303030303030303 44
1718510750392 0.07389614595703335 45
1718510750874 0.03913319183805837 46
1718510751338 0.3407000253794597 47
1718510751805 0.05583378517304975 48
1718510752290 0.10303030303030303 49
