1718342166480 3.3261303901672363 0
1718342169160 3.0216426849365234 1
1718342171749 4.638731956481934 2
1718342174533 3.3250880241394043 3
1718342177249 3.0216426849365234 4
1718342180028 7.06458854675293 5
1718342182673 3.68448805809021 6
1718342185488 9.367907524108887 7
1718342188007 5.8764190673828125 8
1718342190815 7.306408405303955 9
1718342193444 4.202633380889893 10
1718342196103 5.675105094909668 11
1718342198607 4.881365776062012 12
1718342201325 2.7476210594177246 13
1718342203927 6.330897808074951 14
1718342206689 5.601412296295166 15
1718342209188 3.5418968200683594 16
1718342212026 3.325087547302246 17
1718342214573 5.883268356323242 18
1718342217219 3.325098752975464 19
1718342219790 3.0216431617736816 20
1718342223205 8.03993034362793 21
1718342226224 2.497377872467041 22
1718342229279 3.039506196975708 23
1718342231879 3.0216422080993652 24
1718342234594 4.124794960021973 25
1718342237195 3.684487819671631 26
1718342239858 2.4957027435302734 27
1718342242509 9.448958396911621 28
1718342245248 7.53101110458374 29
1718342247869 4.1247944831848145 30
1718342250500 5.171911239624023 31
1718342253103 5.171911716461182 32
1718342255945 3.0249128341674805 33
1718342258520 5.182232856750488 34
1718342261254 6.0014214515686035 35
1718342263888 6.334852695465088 36
1718342266635 6.604112148284912 37
1718342269181 7.579411029815674 38
1718342271961 5.675105094909668 39
1718342274404 3.684488296508789 40
1718342277142 9.477749824523926 41
1718342279675 3.68448805809021 42
1718342282588 4.648613929748535 43
1718342285469 1.0859994888305664 44
1718342288235 4.691749572753906 45
1718342290847 8.9868803024292 46
1718342293608 3.0216479301452637 47
1718342296082 3.684488296508789 48
1718342298802 7.064535140991211 49
