1718571937802 1.6466827720927082 0
1718571941425 1.3603381711998406 1
1718571945038 -5.899282664880355 2
1718571948739 1.2656897522657604 3
1718571952310 2.4677606615296876 4
1718571955886 1.9569739053096438 5
1718571959682 1.389883478387325 6
1718571963878 2.627164331772798 7
1718571969936 2.1606101651052088 8
1718571975071 1.7021339829001438 9
1718571979514 2.3580311123280615 10
1718571983650 1.659208995876794 11
1718571988179 2.053971060927537 12
1718571992847 -8.152412469825418 13
1718571997660 1.9463982878063395 14
1718572002297 2.036284191101339 15
1718572006981 1.4659163601359024 16
1718572011523 2.0953363060636496 17
1718572016057 1.767670739792484 18
1718572020753 2.831221447487368 19
1718572026298 0.7723168101692863 20
1718572031591 -8.457915271074288 21
1718572037050 1.8145443503955678 22
1718572041004 1.613276027851708 23
1718572044690 1.38616740409722 24
1718572048224 1.9770650371814704 25
1718572052041 1.5558428088617604 26
1718572055924 1.3897800325575749 27
1718572059643 -7.123601378567141 28
1718572063264 1.7211884789006655 29
1718572066458 -6.957616454261308 30
1718572069541 1.79775553629519 31
1718572072611 -7.09645373080184 32
1718572076185 1.8653142491592716 33
1718572079909 -7.960744604529291 34
1718572085068 2.6801217916281432 35
1718572090408 1.6246305219661608 36
1718572095441 1.945584302511079 37
1718572099800 1.7481161774048988 38
1718572103543 1.974680753539137 39
1718572107222 1.614968978882004 40
1718572110961 2.585455621997902 41
1718572114708 1.943734185892883 42
1718572118572 1.54566560014992 43
1718572122343 1.44245604292054 44
1718572126175 2.117226021609517 45
1718572130016 2.723616464197749 46
1718572133813 1.6449164723465928 47
1718572137631 2.6504792056804165 48
1718572141401 1.9689390650748746 49
