1718575609559 0.041994333267211914 0
1718575610024 -0.23680660941384035 1
1718575610610 0.09565933545430516 2
1718575611093 0.043595274289449204 3
1718575611577 0.00012798020333937288 4
1718575612034 -0.0006811727177011839 5
1718575612480 -0.0016521468307031384 6
1718575612911 -0.0010243762623178831 7
1718575613312 -0.00046057412118605257 8
1718575613765 -0.0013041676896992094 9
1718575614195 -0.002673076860832513 10
1718575614646 -0.003826029372937967 11
1718575615079 -0.004288012331182145 12
1718575615530 -0.0032254746465971706 13
1718575615951 0.0027829950506035317 14
1718575616397 0.024406057415586435 15
1718575616848 0.038055398247458516 16
1718575617363 -0.08588650190468972 17
1718575617765 -0.041014136690082026 18
1718575618199 0.0006444345821035036 19
1718575618649 -0.00017908847693259844 20
1718575619066 0.000190770987308575 21
1718575619499 -0.007701353593306148 22
1718575619950 -0.0007783210638798721 23
1718575620400 0.0008849664167924765 24
1718575620801 -0.001332340818462896 25
1718575621251 0.0035978049942939627 26
1718575621718 0.016116315668279313 27
1718575622168 0.02955497394908546 28
1718575622968 -0.19437219157363428 29
1718575623719 0.055001240788083994 30
1718575624436 0.04352692401770408 31
1718575625004 -0.00019431114196777344 32
1718575625607 -0.001299738883972168 33
1718575626248 -0.0016545707529243003 34
1718575626842 -5.3575544646466966e-05 35
1718575627456 0.0008524800791884779 36
1718575628023 6.715456644545981e-06 37
1718575628623 0.0037560318455551744 38
1718575629190 0.021719267874053205 39
1718575629757 0.040730111526720236 40
1718575630508 -0.04812961636167579 41
1718575631092 -0.0659490895993784 42
1718575631675 -4.005793369188382e-05 43
1718575632242 -9.434873407521138e-05 44
1718575632843 0.0018550735531430718 45
1718575633443 -0.01891005039215088 46
1718575634027 -0.00032023227576072344 47
1718575634644 -0.004770069411306643 48
1718575635211 -0.006361773519805158 49
