1718453562552 nan 0
1718453562801 nan 1
1718453563033 nan 2
1718453563284 nan 3
1718453563554 nan 4
1718453563800 nan 5
1718453564054 nan 6
1718453564300 nan 7
1718453564533 nan 8
1718453564782 nan 9
1718453565019 nan 10
1718453565267 nan 11
1718453565531 nan 12
1718453565767 nan 13
1718453566000 nan 14
1718453566233 nan 15
1718453566466 nan 16
1718453566719 nan 17
1718453566936 nan 18
1718453567166 nan 19
1718453567399 nan 20
1718453567633 nan 21
1718453567891 nan 22
1718453568126 nan 23
1718453568366 nan 24
1718453568592 nan 25
1718453568831 nan 26
1718453569052 nan 27
1718453569333 nan 28
1718453569582 nan 29
1718453569849 nan 30
1718453570099 nan 31
1718453570353 nan 32
1718453570615 nan 33
1718453570849 nan 34
1718453571122 nan 35
1718453571399 nan 36
1718453571649 nan 37
1718453571899 nan 38
1718453572152 nan 39
1718453572402 nan 40
1718453572652 nan 41
1718453572891 nan 42
1718453573133 nan 43
1718453573382 nan 44
1718453573614 nan 45
1718453573852 nan 46
1718453574092 nan 47
1718453574331 nan 48
1718453574585 nan 49
