1718390502020 0.9340917049395684 0
1718390502288 0.923388638137931 1
1718390502537 0.9305553082226762 2
1718390502781 0.9343757735576085 3
1718390503027 0.9171568657697795 4
1718390503281 0.934158417181341 5
1718390503523 0.9282987826879521 6
1718390503950 0.9133416916946955 7
1718390504185 0.9282671078451149 8
1718390504420 0.9432275682476026 9
1718390504663 0.9167460302980533 10
1718390504908 0.943406931668507 11
1718390505152 0.9345140710174872 12
1718390505391 0.9164170793683866 13
1718390505613 0.9284249343311336 14
1718390505979 0.9431377678376776 15
1718390506317 0.9248833696555258 16
1718390506583 0.9368774621849628 17
1718390506835 0.9521756211805915 18
1718390507105 0.9074668378641604 19
1718390507365 0.9313852341614193 20
1718390507614 0.9342514306349736 21
1718390507840 0.9192935476077618 22
1718390508075 0.9400664296457737 23
1718390508319 0.9397348174354696 24
1718390508562 0.9431473871078665 25
1718390508792 0.907631168843502 26
1718390509044 0.9079991507516108 27
1718390509290 0.8948769086088068 28
1718390509527 0.9216446279003827 29
1718390509769 0.9284870798947374 30
1718390510009 0.9343253130687151 31
1718390510283 0.9135630960785074 32
1718390510564 0.9198184978152849 33
1718390510823 0.9460971432661227 34
1718390511095 0.9340199486985025 35
1718390511355 0.92435642721751 36
1718390511629 0.9282048957202945 37
1718390511951 0.9201685197528175 38
1718390512252 0.9282869400227562 39
1718390512523 0.9432670087972163 40
1718390512765 0.9341312946375668 41
1718390513005 0.9342393679946126 42
1718390513263 0.940495961120111 43
1718390513499 0.9172339948581579 44
1718390513743 0.9463566859371533 45
1718390514159 0.9156110249354333 46
1718390514396 0.9343550919499781 47
1718390514633 0.8391900563879018 48
1718390514866 0.8420759009975091 49
