1718371480647 2.2055251598358154 0
1718371481349 2.3307862281799316 1
1718371482020 1.9895737171173096 2
1718371482648 2.0312042236328125 3
1718371483291 2.240410327911377 4
1718371483918 2.4091734886169434 5
1718371484552 2.043119430541992 6
1718371485195 2.2484958171844482 7
1718371485838 1.8519833087921143 8
1718371486466 2.327399492263794 9
1718371487124 2.1778435707092285 10
1718371487779 2.1619787216186523 11
1718371488424 2.054030418395996 12
1718371489084 2.1578025817871094 13
1718371489756 2.0172524452209473 14
1718371490422 2.151768207550049 15
1718371491084 2.204165458679199 16
1718371491797 2.339118242263794 17
1718371492470 2.3051514625549316 18
1718371493121 2.2288384437561035 19
1718371493765 2.14603590965271 20
1718371494417 2.1700196266174316 21
1718371495067 1.7024891376495361 22
1718371495729 2.1627626419067383 23
1718371496391 1.7799087762832642 24
1718371497034 1.6347391605377197 25
1718371497664 2.0778567790985107 26
1718371498320 2.3142783641815186 27
1718371498947 2.1565165519714355 28
1718371499590 2.1832053661346436 29
1718371500233 2.196532726287842 30
1718371500860 1.9471464157104492 31
1718371501535 1.984754204750061 32
1718371502194 1.9821386337280273 33
1718371502939 1.9846868515014648 34
1718371503630 1.7686831951141357 35
1718371504415 2.2914485931396484 36
1718371505189 2.1754651069641113 37
1718371505942 2.025688886642456 38
1718371506723 2.2114696502685547 39
1718371507429 2.2286765575408936 40
1718371508198 2.1734542846679688 41
1718371508856 1.9375171661376953 42
1718371509501 2.1994357109069824 43
1718371510144 2.148270606994629 44
1718371510793 2.409306764602661 45
1718371511424 2.155406951904297 46
1718371512051 2.0557873249053955 47
1718371512688 2.256246328353882 48
1718371513322 2.1700780391693115 49
