1718422784258 0.0 0
1718422788311 0.0 1
1718422792473 0.0 2
1718422796474 0.0 3
1718422800724 0.0 4
1718422805457 0.0 5
1718422810070 0.0 6
1718422815087 0.0 7
1718422820002 0.0 8
1718422824450 0.0 9
1718422828424 0.0 10
1718422832448 0.0 11
1718422836448 0.0 12
1718422840497 0.0 13
1718422844530 0.0 14
1718422848595 0.0 15
1718422852611 0.0 16
1718422856810 0.0 17
1718422860813 0.0 18
1718422865309 0.0 19
1718422870079 0.0 20
1718422875407 0.0 21
1718422880489 0.0 22
1718422884925 0.0 23
1718422888972 0.0 24
1718422892987 0.0 25
1718422897042 0.0 26
1718422901068 0.0 27
1718422905068 0.0 28
1718422909100 0.0 29
1718422913283 0.0 30
1718422917282 0.0 31
1718422921281 0.0 32
1718422925947 0.0 33
1718422930713 0.0 34
1718422935828 0.0 35
1718422940844 0.0 36
1718422945081 0.0 37
1718422949042 0.0 38
1718422953079 0.0 39
1718422957124 0.0 40
1718422961173 0.0 41
1718422965164 0.0 42
1718422969241 0.0 43
1718422973271 0.0 44
1718422977287 0.0 45
1718422981285 0.0 46
1718422985902 0.0 47
1718422990651 0.0 48
1718422995466 0.0 49
