1718422783928 19.25718116760254 0
1718422787974 24.80589485168457 1
1718422792170 15.982857704162598 2
1718422796155 15.137077331542969 3
1718422800372 26.047510147094727 4
1718422805074 10.11090087890625 5
1718422809669 20.53116798400879 6
1718422814685 3.53135347366333 7
1718422819618 24.977975845336914 8
1718422824133 10.163996696472168 9
1718422828099 3.8980860710144043 10
1718422832143 8.75206470489502 11
1718422836135 30.190317153930664 12
1718422840164 10.090457916259766 13
1718422844182 40.34921646118164 14
1718422848283 17.146862030029297 15
1718422852278 9.131877899169922 16
1718422856460 12.402909278869629 17
1718422860497 24.990266799926758 18
1718422864892 40.70572280883789 19
1718422869677 25.196979522705078 20
1718422875007 32.07158660888672 21
1718422880123 39.65566635131836 22
1718422884608 12.378517150878906 23
1718422888657 2.547100067138672 24
1718422892653 40.465431213378906 25
1718422896686 7.979855537414551 26
1718422900752 4.375741958618164 27
1718422904743 21.434770584106445 28
1718422908766 41.332435607910156 29
1718422912983 29.454694747924805 30
1718422916965 7.330398082733154 31
1718422920981 44.13795471191406 32
1718422925550 17.318866729736328 33
1718422930316 38.440250396728516 34
1718422935366 7.143847465515137 35
1718422940461 3.4560811519622803 36
1718422944760 25.05533790588379 37
1718422948726 5.122583866119385 38
1718422952758 4.079582214355469 39
1718422956807 5.103140830993652 40
1718422960823 21.218860626220703 41
1718422964841 29.130266189575195 42
1718422968837 33.561622619628906 43
1718422972958 48.68963623046875 44
1718422976970 14.615172386169434 45
1718422980969 30.19724464416504 46
1718422985502 4.207839012145996 47
1718422990284 23.76626968383789 48
1718422995087 33.01399612426758 49
