1718389705699 0.899442121737882 0
1718389705934 0.922406120787133 1
1718389706201 0.9184594213411408 2
1718389706455 0.9154402114950896 3
1718389706691 0.906250708122722 4
1718389706932 0.9282890322196671 5
1718389707168 0.9310513979037435 6
1718389707406 0.9201248146726471 7
1718389707640 0.9286019149327863 8
1718389707862 0.9433244820861831 9
1718389708110 0.9282318150192801 10
1718389708351 0.9189162461813497 11
1718389708585 0.9104053269746061 12
1718389708831 0.9280831478829185 13
1718389709069 0.9430706476348383 14
1718389709307 0.9204218364807669 15
1718389709537 0.8945380323786493 16
1718389709800 0.888740587150247 17
1718389710044 0.8892996698211842 18
1718389710290 0.8835580769701432 19
1718389710522 0.885551559122809 20
1718389710754 0.8922986214926498 21
1718389711218 0.882066450344002 22
1718389711456 0.9212235513582775 23
1718389711684 0.9161440088664817 24
1718389711909 0.9248245134681348 25
1718389712161 0.9117915094454958 26
1718389712408 0.9217964086531286 27
1718389712647 0.9164329265540551 28
1718389712882 0.8870236374391078 29
1718389713136 0.8984185379396724 30
1718389713369 0.9182617022691909 31
1718389713622 0.9280464923123901 32
1718389713866 0.9291125760014839 33
1718389714114 0.8907624778603322 34
1718389714364 0.9194572530458627 35
1718389714609 0.9220607298246294 36
1718389714845 0.9194244862702349 37
1718389715097 0.9248503447411877 38
1718389715345 0.9129766863780068 39
1718389715598 0.9092016477462277 40
1718389715830 0.9015449648811528 41
1718389716079 0.8675562967829361 42
1718389716325 0.877886842281184 43
1718389716577 0.8809318755489356 44
1718389716823 0.9126122546361737 45
1718389717072 0.9248494039345952 46
1718389717345 0.9069757599175114 47
1718389717593 0.8995401454766162 48
1718389717837 0.8986172757610975 49
