1718419567384 2.2506606578826904 0
1718419568191 4.470164775848389 1
1718419568988 2.3999922275543213 2
1718419569780 2.2571425437927246 3
1718419570574 2.869381904602051 4
1718419571397 2.316948890686035 5
1718419572192 4.608813762664795 6
1718419573024 2.2698605060577393 7
1718419573891 4.06374454498291 8
1718419574808 3.4117379188537598 9
1718419575791 3.732611894607544 10
1718419576727 2.432246208190918 11
1718419577726 2.2242889404296875 12
1718419578696 3.5235512256622314 13
1718419579563 3.3867263793945312 14
1718419580405 2.8684866428375244 15
1718419581272 2.9218008518218994 16
1718419582126 6.7311906814575195 17
1718419582958 2.4279298782348633 18
1718419583759 3.0298426151275635 19
1718419584577 2.326112985610962 20
1718419585322 2.7280771732330322 21
1718419586008 3.940446376800537 22
1718419586727 3.2711398601531982 23
1718419587454 2.469114303588867 24
1718419588172 4.302544593811035 25
1718419588875 2.6198062896728516 26
1718419589656 2.284019947052002 27
1718419590338 3.6986382007598877 28
1718419591041 2.274714708328247 29
1718419591736 4.3553032875061035 30
1718419592439 2.435914993286133 31
1718419593173 2.262495517730713 32
1718419593903 3.3320236206054688 33
1718419594589 2.208831310272217 34
1718419595273 3.09641432762146 35
1718419596005 2.4238133430480957 36
1718419596725 2.245940685272217 37
1718419597437 3.948552370071411 38
1718419598123 2.2603118419647217 39
1718419598836 2.2857861518859863 40
1718419599638 2.9816734790802 41
1718419600419 3.6713531017303467 42
1718419601323 3.745013475418091 43
1718419602172 2.2349956035614014 44
1718419602870 5.489496231079102 45
1718419603567 2.2834253311157227 46
1718419604267 2.2959237098693848 47
1718419605030 4.133664131164551 48
1718419605728 2.5027947425842285 49
