1718585103145 1.0 0
1718585104430 1.0 1
1718585105478 0.3727454909819639 2
1718585106378 1.0 3
1718585107134 1.0 4
1718585107918 1.0 5
1718585108711 1.0 6
1718585109522 1.0 7
1718585110304 0.8757575757575757 8
1718585111064 0.49834983498349833 9
1718585111849 0.49834983498349833 10
1718585112613 1.0 11
1718585113380 0.3651452282157676 12
1718585114177 1.0 13
1718585114960 0.9303030303030303 14
1718585115739 0.35454545454545455 15
1718585116574 1.0 16
1718585117343 1.0 17
1718585118128 1.0 18
1718585118938 1.0 19
1718585119760 1.0 20
1718585120534 1.0 21
1718585121334 0.5818181818181818 22
1718585122115 0.4636363636363636 23
1718585122952 1.0 24
1718585123832 1.0 25
1718585124661 1.0 26
1718585125469 1.0 27
1718585126241 1.0 28
1718585127030 1.0 29
1718585127834 1.0 30
1718585128647 0.7818181818181819 31
1718585129355 1.0 32
1718585129960 1.0 33
1718585130553 1.0 34
1718585131159 1.0 35
1718585131738 1.0 36
1718585132346 1.0 37
1718585132930 1.0 38
1718585133544 1.0 39
1718585134138 1.0 40
1718585134748 1.0 41
1718585135359 1.0 42
1718585135959 1.0 43
1718585136572 0.49834983498349833 44
1718585137068 1.0 45
1718585137610 1.0 46
1718585138117 1.0 47
1718585138620 0.3641732283464567 48
1718585139126 1.0 49
