1718379829313 -0.9477458000183105 0
1718379830005 -0.7680304050445557 1
1718379830691 -1.116451621055603 2
1718379831359 -0.8554408550262451 3
1718379832027 -0.7990729808807373 4
1718379832695 -0.6009824275970459 5
1718379833372 -0.5524759292602539 6
1718379834043 -0.8343377113342285 7
1718379834725 -0.8906028270721436 8
1718379835413 -0.510077714920044 9
1718379836096 -0.9540178775787354 10
1718379836784 -0.7165408134460449 11
1718379837455 -0.8019051551818848 12
1718379838164 -0.749072790145874 13
1718379838864 -0.5986983776092529 14
1718379839547 -0.7703776359558105 15
1718379840242 -0.9504787921905518 16
1718379840951 -0.6642134189605713 17
1718379841658 -0.963630199432373 18
1718379842432 -0.449951171875 19
1718379843287 -0.8903121948242188 20
1718379844079 -0.5730471611022949 21
1718379844906 -0.5672204494476318 22
1718379845685 -0.5468940734863281 23
1718379846433 -0.9058318138122559 24
1718379847170 -0.8683987855911255 25
1718379847980 -0.6522092819213867 26
1718379848786 -0.6737155914306641 27
1718379849573 -1.0323197841644287 28
1718379850359 -0.7086019515991211 29
1718379851136 -1.1885309219360352 30
1718379851866 -0.6820483207702637 31
1718379852545 -0.8199484348297119 32
1718379853215 -0.8579988479614258 33
1718379853899 -0.7033501863479614 34
1718379854585 -0.9402635097503662 35
1718379855265 -0.8000874519348145 36
1718379856025 -0.8168518543243408 37
1718379856786 -0.7785232067108154 38
1718379857487 -0.8316619396209717 39
1718379858155 -0.879767656326294 40
1718379858821 -0.6150383949279785 41
1718379859473 -0.6535181999206543 42
1718379860156 -1.0077731609344482 43
1718379860828 -1.151010513305664 44
1718379861485 -0.5238358974456787 45
1718379862156 -0.8552415370941162 46
1718379862867 -0.7192802429199219 47
1718379863599 -0.7621028423309326 48
1718379864326 -0.7746317386627197 49
