1717628804613 0.14545454545454545 0
1717628805334 0.11212121212121212 1
1717628806061 0.1393939393939394 2
1717628806777 0.19757575757575757 3
1717628807491 0.2290909090909091 4
1717628808217 0.24242424242424243 5
1717628808933 0.23030303030303031 6
1717628809650 0.21393939393939393 7
1717628810367 0.21393939393939393 8
1717628811101 0.15212121212121213 9
1717628811848 0.2006060606060606 10
1717628812681 0.2 11
1717628813502 0.24606060606060606 12
1717628814216 0.2103030303030303 13
1717628814954 0.23393939393939395 14
1717628815682 0.19636363636363635 15
1717628816426 0.14303030303030304 16
1717628817144 0.1921212121212121 17
1717628817875 0.18606060606060607 18
1717628818597 0.22666666666666666 19
1717628819313 0.18787878787878787 20
1717628820031 0.17333333333333334 21
1717628820762 0.15878787878787878 22
1717628821481 0.23212121212121212 23
1717628822213 0.16484848484848486 24
1717628822927 0.1993939393939394 25
1717628823630 0.21151515151515152 26
1717628824364 0.1903030303030303 27
1717628825080 0.21454545454545454 28
1717628825814 0.24242424242424243 29
1717628826437 0.11575757575757575 30
1717628826946 0.23757575757575758 31
1717628827480 0.20363636363636364 32
1717628828202 0.18181818181818182 33
1717628828912 0.14303030303030304 34
1717628829620 0.21272727272727274 35
1717628830331 0.1406060606060606 36
1717628831030 0.19696969696969696 37
1717628831732 0.14 38
1717628832431 0.19090909090909092 39
1717628833145 0.18181818181818182 40
1717628833845 0.20484848484848484 41
1717628834553 0.18 42
1717628835262 0.12727272727272726 43
1717628835985 0.23333333333333334 44
1717628836702 0.18787878787878787 45
1717628837416 0.16424242424242425 46
1717628838146 0.16484848484848486 47
1717628838869 0.2096969696969697 48
1717628839611 0.21575757575757576 49
