1718550077208 nan 0
1718550082057 nan 1
1718550086806 nan 2
1718550091359 nan 3
1718550096037 nan 4
1718550100553 nan 5
1718550105152 nan 6
1718550109673 nan 7
1718550114334 nan 8
1718550118983 nan 9
1718550123815 nan 10
1718550129147 nan 11
1718550134363 nan 12
1718550139545 nan 13
1718550144844 nan 14
1718550149363 nan 15
1718550153892 nan 16
1718550158408 nan 17
1718550162941 nan 18
1718550167873 nan 19
1718550172372 nan 20
1718550177005 nan 21
1718550181557 nan 22
1718550186956 nan 23
1718550192288 nan 24
1718550197889 nan 25
1718550202733 nan 26
1718550207299 nan 27
1718550211818 nan 28
1718550216447 nan 29
1718550221046 nan 30
1718550225578 nan 31
1718550230148 nan 32
1718550234793 nan 33
1718550239292 nan 34
1718550244157 nan 35
1718550249374 nan 36
1718550254623 nan 37
1718550259891 nan 38
1718550264404 nan 39
1718550268936 nan 40
1718550273602 nan 41
1718550278102 nan 42
1718550282553 nan 43
1718550287666 nan 44
1718550292715 nan 45
1718550297414 nan 46
1718550302080 nan 47
1718550307542 nan 48
1718550312761 nan 49
