1718445099733 0.18181818181818182 0
1718445100453 0.18181818181818182 1
1718445101149 0.18181818181818182 2
1718445101869 0.18181818181818182 3
1718445102566 0.18181818181818182 4
1718445103270 0.18181818181818182 5
1718445103982 0.18181818181818182 6
1718445104701 0.18181818181818182 7
1718445105418 0.18181818181818182 8
1718445106119 0.18181818181818182 9
1718445106821 0.18181818181818182 10
1718445107531 0.18181818181818182 11
1718445108229 0.18181818181818182 12
1718445108931 0.18181818181818182 13
1718445109648 0.18181818181818182 14
1718445110347 0.18181818181818182 15
1718445111068 0.18181818181818182 16
1718445111797 0.18181818181818182 17
1718445112497 0.18181818181818182 18
1718445113218 0.18181818181818182 19
1718445113913 0.18181818181818182 20
1718445114630 0.18181818181818182 21
1718445115325 0.18181818181818182 22
1718445116030 0.18181818181818182 23
1718445116746 0.18181818181818182 24
1718445117446 0.18181818181818182 25
1718445118146 0.18181818181818182 26
1718445119029 0.18181818181818182 27
1718445119766 0.18181818181818182 28
1718445120495 0.18181818181818182 29
1718445121195 0.18181818181818182 30
1718445121912 0.18181818181818182 31
1718445122845 0.18181818181818182 32
1718445123780 0.18181818181818182 33
1718445124695 0.18181818181818182 34
1718445125578 0.18181818181818182 35
1718445126465 0.18181818181818182 36
1718445127344 0.18181818181818182 37
1718445128244 0.18181818181818182 38
1718445129160 0.18181818181818182 39
1718445130064 0.18181818181818182 40
1718445130944 0.18181818181818182 41
1718445131883 0.18181818181818182 42
1718445132795 0.18181818181818182 43
1718445133713 0.18181818181818182 44
1718445134593 0.18181818181818182 45
1718445135583 0.18181818181818182 46
1718445136529 0.18181818181818182 47
1718445137376 0.18181818181818182 48
1718445138224 0.18181818181818182 49
