1718386416501 -0.22563767433166504 0
1718386416838 -0.48761463165283203 1
1718386417150 -0.3302255868911743 2
1718386417496 -0.37278759479522705 3
1718386417819 -0.22548437118530273 4
1718386418251 0.25212788581848145 5
1718386418572 0.4550790786743164 6
1718386418890 -0.08186602592468262 7
1718386419237 -0.1871778964996338 8
1718386419569 -0.19620990753173828 9
1718386419894 -0.059654951095581055 10
1718386420217 -0.30660855770111084 11
1718386420545 -0.04704129695892334 12
1718386420880 -0.026355504989624023 13
1718386421201 -0.0001327991485595703 14
1718386421532 -0.467242956161499 15
1718386421855 -0.010884761810302734 16
1718386422191 -0.22013401985168457 17
1718386422531 -0.08912014961242676 18
1718386422863 -0.2979450225830078 19
1718386423193 -0.1618272066116333 20
1718386423539 -0.18951201438903809 21
1718386423874 -0.19295573234558105 22
1718386424197 0.2211005687713623 23
1718386424542 0.18554425239562988 24
1718386424876 -0.2233753204345703 25
1718386425230 0.06297683715820312 26
1718386425573 0.19254589080810547 27
1718386425904 0.05314064025878906 28
1718386426240 -0.22384393215179443 29
1718386426577 -0.24221110343933105 30
1718386426909 -0.3817102909088135 31
1718386427242 -0.604461669921875 32
1718386427584 -0.2772156000137329 33
1718386427908 -0.445043683052063 34
1718386428234 -0.129280686378479 35
1718386428561 -0.12000703811645508 36
1718386428901 -0.38830792903900146 37
1718386429227 -1.18747079372406 38
1718386429552 -0.2935969829559326 39
1718386429896 -0.37860000133514404 40
1718386430250 -0.26773035526275635 41
1718386430597 -0.33653008937835693 42
1718386430927 -0.17045676708221436 43
1718386431256 -0.0687870979309082 44
1718386431596 -0.16018962860107422 45
1718386431929 -0.769788384437561 46
1718386432261 -0.20382952690124512 47
1718386432607 -0.05105423927307129 48
1718386432935 -0.2420639991760254 49
