1718331502181 2.170978546142578 0
1718331502484 2.2059245109558105 1
1718331502815 2.249065637588501 2
1718331503113 2.219181776046753 3
1718331503396 1.719642162322998 4
1718331503678 1.866260051727295 5
1718331503958 1.5346324443817139 6
1718331504225 2.2854857444763184 7
1718331504500 1.864112138748169 8
1718331504782 1.9179880619049072 9
1718331505065 1.8118832111358643 10
1718331505347 1.7451329231262207 11
1718331505629 1.812854290008545 12
1718331505911 1.6962544918060303 13
1718331506194 1.910992980003357 14
1718331506476 2.1230714321136475 15
1718331506774 2.0759224891662598 16
1718331507056 2.052891969680786 17
1718331507416 2.0380396842956543 18
1718331507777 2.0276734828948975 19
1718331508132 2.0200037956237793 20
1718331508498 2.0140459537506104 21
1718331508847 2.009221076965332 22
1718331509234 2.005173444747925 23
1718331509575 2.001680612564087 24
1718331509874 1.9986015558242798 25
1718331510187 1.9958451986312866 26
1718331510565 1.9933520555496216 27
1718331510876 1.9910813570022583 28
1718331511167 1.989003300666809 29
1718331511474 1.987096905708313 30
1718331511778 1.9853440523147583 31
1718331512059 1.9837305545806885 32
1718331512347 1.9822436571121216 33
1718331512634 1.9808719158172607 34
1718331512939 1.9796048402786255 35
1718331513227 1.978434681892395 36
1718331513515 1.9773517847061157 37
1718331513824 1.976348876953125 38
1718331514140 1.9754198789596558 39
1718331514505 1.9745579957962036 40
1718331515007 1.9737578630447388 41
1718331515537 2.0535781383514404 42
1718331515858 1.9759362936019897 43
1718331516165 2.2958149909973145 44
1718331516455 2.290161609649658 45
1718331516766 2.2860052585601807 46
1718331517066 2.665189027786255 47
1718331517382 2.001685380935669 48
1718331517720 2.0999162197113037 49
