1718412767896 0.0 0
1718412772545 0.0 1
1718412777127 0.0 2
1718412781775 0.0 3
1718412787242 0.0 4
1718412792658 0.0 5
1718412798323 0.0 6
1718412803439 0.0 7
1718412808271 0.0 8
1718412812955 0.0 9
1718412817653 0.0 10
1718412822235 0.0 11
1718412826936 0.0 12
1718412831717 0.0 13
1718412836249 0.0 14
1718412840814 0.0 15
1718412846081 0.0 16
1718412851863 0.0 17
1718412857378 0.0 18
1718412862560 0.0 19
1718412867177 0.0 20
1718412871742 0.0 21
1718412876341 0.0 22
1718412880907 0.0 23
1718412885523 0.0 24
1718412890055 0.0 25
1718412894604 0.0 26
1718412899170 0.0 27
1718412904102 0.0 28
1718412909601 0.0 29
1718412915100 0.0 30
1718412920449 0.0 31
1718412925065 0.0 32
1718412929597 0.0 33
1718412934313 0.0 34
1718412938879 0.0 35
1718412943445 0.0 36
1718412947977 0.0 37
1718412952826 0.0 38
1718412957508 0.0 39
1718412962074 0.0 40
1718412967623 0.0 41
1718412973105 0.0 42
1718412978588 0.0 43
1718412983520 0.0 44
1718412988152 0.0 45
1718412992735 0.0 46
1718412997417 0.0 47
1718413001999 0.0 48
1718413006532 0.0 49
