1718328509650 -0.3123975992202759 0
1718328510037 0.020115137100219727 1
1718328510388 -0.08557724952697754 2
1718328510756 0.06437277793884277 3
1718328511079 -0.032932281494140625 4
1718328511417 -0.18270015716552734 5
1718328511746 -0.19533848762512207 6
1718328512068 -0.06856751441955566 7
1718328512400 -0.06846451759338379 8
1718328512711 -0.11129117012023926 9
1718328513015 0.10299062728881836 10
1718328513309 0.1739751100540161 11
1718328513612 0.15319252014160156 12
1718328513916 -0.2127697467803955 13
1718328514214 0.13884520530700684 14
1718328514511 -0.157088041305542 15
1718328514827 -0.13355541229248047 16
1718328515128 -0.05700254440307617 17
1718328515426 -0.10744249820709229 18
1718328515727 -0.13422906398773193 19
1718328516039 -0.09735536575317383 20
1718328516370 0.07539868354797363 21
1718328516677 0.02486896514892578 22
1718328516995 -0.32527852058410645 23
1718328517337 -0.911954402923584 24
1718328517919 -0.09602046012878418 25
1718328518243 -0.17944324016571045 26
1718328518661 -0.16032123565673828 27
1718328519055 -0.09152281284332275 28
1718328519452 -0.18650293350219727 29
1718328519776 -0.03247368335723877 30
1718328520098 -0.08188557624816895 31
1718328520433 0.20215678215026855 32
1718328520768 -0.07183897495269775 33
1718328521108 -0.02591419219970703 34
1718328521414 0.00083160400390625 35
1718328521750 0.03592681884765625 36
1718328522084 -0.14853501319885254 37
1718328522535 -0.036737680435180664 38
1718328522994 0.13493847846984863 39
1718328523395 -0.010937809944152832 40
1718328523840 -0.10660529136657715 41
1718328524181 0.25882911682128906 42
1718328524508 0.14062857627868652 43
1718328524828 0.2957594394683838 44
1718328525135 0.1379333734512329 45
1718328525448 0.03324627876281738 46
1718328525753 -0.0006544589996337891 47
1718328526051 0.050020694732666016 48
1718328526360 -0.15351629257202148 49
