1718392921549 -0.032944679260253906 0
1718392922157 -0.04120278358459473 1
1718392922879 -0.04718303680419922 2
1718392923463 -0.05179953575134277 3
1718392923927 -0.05553245544433594 4
1718392924420 -0.058645009994506836 5
1718392924886 -0.06129288673400879 6
1718392925377 -0.06358146667480469 7
1718392925788 0.19811773300170898 8
1718392926215 0.17381858825683594 9
1718392926676 0.3116471767425537 10
1718392927098 0.19194388389587402 11
1718392927560 0.35913634300231934 12
1718392927975 0.3967320919036865 13
1718392928426 0.4265143871307373 14
1718392928856 0.4459207057952881 15
1718392929326 0.459216833114624 16
1718392929786 0.4687626361846924 17
1718392930244 0.4758908748626709 18
1718392930701 0.4813830852508545 19
1718392931138 0.4857177734375 20
1718392931643 0.48920416831970215 21
1718392932102 0.4920496940612793 22
1718392932586 0.4943990707397461 23
1718392933012 0.49635958671569824 24
1718392933498 0.49800801277160645 25
1718392933930 0.4994051456451416 26
1718392934382 0.5005960464477539 27
1718392934799 0.5016179084777832 28
1718392935232 0.5024981498718262 29
1718392935695 0.5032615661621094 30
1718392936142 0.503925085067749 31
1718392936622 0.5045058727264404 32
1718392937053 0.5050156116485596 33
1718392937535 0.5054645538330078 34
1718392937976 0.5058605670928955 35
1718392938431 0.5062117576599121 36
1718392938866 0.506523609161377 37
1718392939302 0.5068013668060303 38
1718392939738 0.5070490837097168 39
1718392940157 0.5072696208953857 40
1718392940587 0.5074667930603027 41
1718392941027 0.5076436996459961 42
1718392941499 0.5078024864196777 43
1718392941957 0.507943868637085 44
1718392942327 0.5080704689025879 45
1718392942696 0.508183479309082 46
1718392943052 0.508284330368042 47
1718392943438 0.5083749294281006 48
1718392943809 0.5084550380706787 49
