1718345816920 0.0 0
1718345819789 0.0 1
1718345822460 0.0 2
1718345825581 0.0 3
1718345828289 0.0 4
1718345831863 0.0 5
1718345834777 0.0 6
1718345837669 0.0 7
1718345840394 0.0 8
1718345843082 0.0 9
1718345845767 0.0 10
1718345848554 0.0 11
1718345851292 0.0 12
1718345854046 0.0 13
1718345856720 0.0 14
1718345859592 0.0 15
1718345862242 0.0 16
1718345864932 0.0 17
1718345867548 0.0 18
1718345870314 0.0 19
1718345873029 0.0 20
1718345876042 0.0 21
1718345878949 0.0 22
1718345882345 0.0 23
1718345885476 0.0 24
1718345888072 0.0 25
1718345890955 0.0 26
1718345893631 0.0 27
1718345896327 0.0 28
1718345899019 0.0 29
1718345901681 0.0 30
1718345904288 0.0 31
1718345907108 0.0 32
1718345909691 0.0 33
1718345912415 0.0 34
1718345915127 0.0 35
1718345917731 0.0 36
1718345920426 0.0 37
1718345923160 0.0 38
1718345925976 0.0 39
1718345928633 0.0 40
1718345931353 0.0 41
1718345933978 0.0 42
1718345936671 0.0 43
1718345939168 0.0 44
1718345941876 0.0 45
1718345944759 0.0 46
1718345947495 0.0 47
1718345950013 0.0 48
1718345952707 0.0 49
