1718328106986 0.3128504753112793 0
1718328107373 -0.05727088451385498 1
1718328107762 0.05720663070678711 2
1718328108136 0.33609652519226074 3
1718328108441 0.11702775955200195 4
1718328108756 0.12364804744720459 5
1718328109083 -0.844214677810669 6
1718328109451 -0.07481956481933594 7
1718328109761 0.03301405906677246 8
1718328110077 0.35047483444213867 9
1718328110375 0.10121667385101318 10
1718328110674 0.47430419921875 11
1718328110994 0.02776503562927246 12
1718328111319 0.5225484371185303 13
1718328111698 0.31660377979278564 14
1718328112383 0.10325431823730469 15
1718328112743 0.32909584045410156 16
1718328113106 0.6505290269851685 17
1718328113454 0.23801040649414062 18
1718328113762 0.16592872142791748 19
1718328114072 0.1273418664932251 20
1718328114377 0.1584780216217041 21
1718328114686 0.38030803203582764 22
1718328115042 0.6491918563842773 23
1718328115369 0.2884645462036133 24
1718328115678 0.3870319128036499 25
1718328116023 0.0491938591003418 26
1718328116365 0.07440793514251709 27
1718328116700 0.17040205001831055 28
1718328117072 0.21717751026153564 29
1718328117500 0.21762347221374512 30
1718328117934 0.31418776512145996 31
1718328118326 0.023061633110046387 32
1718328118672 0.11775434017181396 33
1718328119053 0.3097574710845947 34
1718328119366 0.13503241539001465 35
1718328119698 0.15738093852996826 36
1718328120023 0.18309080600738525 37
1718328120643 0.3800468444824219 38
1718328120994 0.08860599994659424 39
1718328121316 0.15769433975219727 40
1718328121634 0.09138751029968262 41
1718328122035 0.183807373046875 42
1718328122535 0.07587158679962158 43
1718328122911 0.2797555923461914 44
1718328123284 0.14354944229125977 45
1718328123690 -0.032013893127441406 46
1718328124076 -0.03288435935974121 47
1718328124798 0.036142587661743164 48
1718328125160 0.3459291458129883 49
