1718335295063 -0.0304107666015625 0
1718335297614 -0.17522001266479492 1
1718335300016 -0.0718069076538086 2
1718335302522 -1.1861259937286377 3
1718335305091 0.3217277526855469 4
1718335307907 -0.07593965530395508 5
1718335310595 0.4622323513031006 6
1718335313329 6.498948097229004 7
1718335315977 0.26868343353271484 8
1718335318618 -0.03153085708618164 9
1718335321325 0.14288640022277832 10
1718335324537 0.06853866577148438 11
1718335327163 -2.419797897338867 12
1718335329813 0.19362330436706543 13
1718335332499 0.03350663185119629 14
1718335335228 0.7438545227050781 15
1718335337845 1.7784252166748047 16
1718335340558 0.43442249298095703 17
1718335343206 -0.44214606285095215 18
1718335345900 0.06856751441955566 19
1718335348600 1.0579776763916016 20
1718335351253 0.06853938102722168 21
1718335353955 0.18614578247070312 22
1718335356546 0.0900583267211914 23
1718335359302 -0.33067989349365234 24
1718335361919 0.1448829174041748 25
1718335364625 0.11246395111083984 26
1718335367269 0.1594083309173584 27
1718335369957 0.14848756790161133 28
1718335372510 -0.03246641159057617 29
1718335375078 1.1499223709106445 30
1718335377698 -0.40960121154785156 31
1718335380452 0.10244941711425781 32
1718335383107 -0.022808551788330078 33
1718335386099 0.017686843872070312 34
1718335388740 -0.05756235122680664 35
1718335391528 -0.24691343307495117 36
1718335393918 0.1447451114654541 37
1718335396566 -0.16346168518066406 38
1718335399206 1.6633851528167725 39
1718335401926 -0.19299745559692383 40
1718335404564 0.0685267448425293 41
1718335407363 -0.8829774856567383 42
1718335409905 -0.07581329345703125 43
1718335412588 0.14474225044250488 44
1718335415186 -0.39151430130004883 45
1718335417968 -0.06652545928955078 46
1718335420587 -0.09462785720825195 47
1718335423274 -0.19684600830078125 48
1718335425763 0.18770241737365723 49
