1718554487906 0.1605351170568562 0
1718554488389 0.1605351170568562 1
1718554488873 0.1605351170568562 2
1718554489356 0.1605351170568562 3
1718554489839 0.1605351170568562 4
1718554490306 0.1605351170568562 5
1718554490772 0.1605351170568562 6
1718554491241 0.1605351170568562 7
1718554491739 0.1605351170568562 8
1718554492208 0.1605351170568562 9
1718554492688 0.1605351170568562 10
1718554493175 0.1605351170568562 11
1718554493655 0.1605351170568562 12
1718554494155 0.1605351170568562 13
1718554494621 0.1605351170568562 14
1718554495091 0.1605351170568562 15
1718554495571 0.1605351170568562 16
1718554496038 0.1605351170568562 17
1718554496521 0.1605351170568562 18
1718554497006 0.1605351170568562 19
1718554497457 0.1605351170568562 20
1718554497921 0.1605351170568562 21
1718554498407 0.1605351170568562 22
1718554498888 0.1605351170568562 23
1718554499337 0.1605351170568562 24
1718554499837 0.1605351170568562 25
1718554500320 0.1605351170568562 26
1718554500787 0.1605351170568562 27
1718554501275 0.1605351170568562 28
1718554501753 0.1605351170568562 29
1718554502308 0.1605351170568562 30
1718554502985 0.1605351170568562 31
1718554503620 0.1605351170568562 32
1718554504236 0.1605351170568562 33
1718554504836 0.1605351170568562 34
1718554505435 0.1605351170568562 35
1718554506019 0.1605351170568562 36
1718554506652 0.1605351170568562 37
1718554507255 0.1605351170568562 38
1718554507852 0.1605351170568562 39
1718554508452 0.1605351170568562 40
1718554509071 0.1605351170568562 41
1718554509669 0.1605351170568562 42
1718554510252 0.1605351170568562 43
1718554510852 0.1605351170568562 44
1718554511451 0.1605351170568562 45
1718554512018 0.1605351170568562 46
1718554512618 0.1605351170568562 47
1718554513237 0.1605351170568562 48
1718554513834 0.1605351170568562 49
