1718378987873 0.0 0
1718378988844 0.0 1
1718378989500 0.0 2
1718378990164 0.0 3
1718378990822 0.0 4
1718378991472 0.0 5
1718378992117 0.6666666666666666 6
1718378992781 0.6666666666666666 7
1718378993416 1.0 8
1718378994086 0.0 9
1718378994757 1.0 10
1718378995420 0.0 11
1718378996119 0.0 12
1718378996861 0.0 13
1718378997579 0.0 14
1718378998333 0.0 15
1718378999068 0.0 16
1718378999826 0.0 17
1718379000693 0.0 18
1718379001448 0.0 19
1718379002253 0.0 20
1718379003073 0.0 21
1718379003753 0.0 22
1718379004477 0.0 23
1718379005288 0.0 24
1718379005969 0.6666666666666666 25
1718379006713 0.0 26
1718379007490 0.6666666666666666 27
1718379008195 0.0 28
1718379008914 0.0 29
1718379009629 0.0 30
1718379010350 0.0 31
1718379011057 0.0 32
1718379011731 0.0 33
1718379012422 1.0 34
1718379013127 0.0 35
1718379013798 1.0 36
1718379014502 0.6666666666666666 37
1718379015230 0.6666666666666666 38
1718379015926 0.0 39
1718379016659 0.0 40
1718379017358 0.0 41
1718379018053 0.0 42
1718379018792 0.0 43
1718379019494 0.0 44
1718379020184 0.0 45
1718379020878 0.0 46
1718379021580 0.0 47
1718379022270 0.0 48
1718379022968 0.0 49
