1718390610455 0.6667757630348206 0
1718390610670 0.6641508936882019 1
1718390610886 0.7963847517967224 2
1718390611134 0.9801716804504395 3
1718390611399 0.819101095199585 4
1718390611632 0.86726975440979 5
1718390611862 0.6909317970275879 6
1718390612112 0.6791726350784302 7
1718390612360 0.5846095681190491 8
1718390612594 0.6093827486038208 9
1718390612819 0.6557855010032654 10
1718390613057 0.7489776611328125 11
1718390613295 0.783290684223175 12
1718390613534 0.7447276711463928 13
1718390613772 0.8440786004066467 14
1718390614014 0.767479419708252 15
1718390614268 0.600179135799408 16
1718390614524 0.6098050475120544 17
1718390614956 0.6047194600105286 18
1718390615181 0.5935702919960022 19
1718390615409 0.5922442674636841 20
1718390615637 0.5399965643882751 21
1718390615876 0.5152502655982971 22
1718390616119 0.5280019640922546 23
1718390616356 0.5399407744407654 24
1718390616601 0.5136107802391052 25
1718390616847 0.5945752263069153 26
1718390617089 0.561654806137085 27
1718390617331 0.6183942556381226 28
1718390617585 0.5860017538070679 29
1718390617823 0.6465288400650024 30
1718390618080 0.7342167496681213 31
1718390618321 0.9274669885635376 32
1718390618560 0.6340908408164978 33
1718390618807 0.7362568378448486 34
1718390619047 0.7989537119865417 35
1718390619290 0.6028528213500977 36
1718390619531 0.5861899852752686 37
1718390619778 0.5514507293701172 38
1718390620027 0.5297723412513733 39
1718390620283 0.536152184009552 40
1718390620519 0.5368738770484924 41
1718390620764 0.5492114424705505 42
1718390621010 0.5729023814201355 43
1718390621264 0.694742739200592 44
1718390621511 0.6163191795349121 45
1718390621757 0.5453907251358032 46
1718390621997 0.5683444738388062 47
1718390622246 0.5487471222877502 48
1718390622487 0.5627781748771667 49
