1718512658161 0.09151515151515152 0
1718512660744 0.09151515151515152 1
1718512663261 0.09151515151515152 2
1718512665770 0.09151515151515152 3
1718512668355 0.09151515151515152 4
1718512670920 0.09151515151515152 5
1718512673459 0.09151515151515152 6
1718512676000 0.09151515151515152 7
1718512678959 0.09151515151515152 8
1718512681539 0.09151515151515152 9
1718512684736 0.09151515151515152 10
1718512688467 0.09151515151515152 11
1718512691734 0.09151515151515152 12
1718512694288 0.09151515151515152 13
1718512696893 0.09151515151515152 14
1718512699458 0.09151515151515152 15
1718512702196 0.09151515151515152 16
1718512704795 0.09151515151515152 17
1718512707347 0.09151515151515152 18
1718512709969 0.09151515151515152 19
1718512712582 0.09151515151515152 20
1718512715103 0.09151515151515152 21
1718512717689 0.09151515151515152 22
1718512720374 0.09151515151515152 23
1718512722976 0.09151515151515152 24
1718512725494 0.09151515151515152 25
1718512728046 0.09151515151515152 26
1718512730584 0.09151515151515152 27
1718512733201 0.09151515151515152 28
1718512735771 0.09151515151515152 29
1718512738421 0.09151515151515152 30
1718512741039 0.09151515151515152 31
1718512744126 0.09151515151515152 32
1718512747511 0.09151515151515152 33
1718512750731 0.09151515151515152 34
1718512753482 0.09151515151515152 35
1718512756084 0.09151515151515152 36
1718512758778 0.09151515151515152 37
1718512761325 0.09151515151515152 38
1718512763806 0.09151515151515152 39
1718512766308 0.09151515151515152 40
1718512768794 0.09151515151515152 41
1718512771278 0.09151515151515152 42
1718512773747 0.09151515151515152 43
1718512776249 0.09151515151515152 44
1718512778751 0.09151515151515152 45
1718512781277 0.09151515151515152 46
1718512783754 0.09151515151515152 47
1718512786240 0.09151515151515152 48
1718512788712 0.09151515151515152 49
