1718512658211 1.0 0
1718512660763 1.0 1
1718512663264 1.0 2
1718512665783 1.0 3
1718512668375 1.0 4
1718512670937 1.0 5
1718512673472 1.0 6
1718512676011 1.0 7
1718512678992 1.0 8
1718512681548 1.0 9
1718512684764 1.0 10
1718512688483 1.0 11
1718512691753 1.0 12
1718512694321 1.0 13
1718512696906 1.0 14
1718512699475 1.0 15
1718512702210 1.0 16
1718512704812 1.0 17
1718512707364 1.0 18
1718512709983 1.0 19
1718512712601 1.0 20
1718512715122 1.0 21
1718512717705 1.0 22
1718512720396 1.0 23
1718512722994 1.0 24
1718512725509 1.0 25
1718512728063 1.0 26
1718512730598 1.0 27
1718512733217 1.0 28
1718512735785 1.0 29
1718512738437 1.0 30
1718512741058 1.0 31
1718512744158 1.0 32
1718512747544 1.0 33
1718512750749 1.0 34
1718512753498 1.0 35
1718512756103 1.0 36
1718512758786 1.0 37
1718512761338 1.0 38
1718512763823 1.0 39
1718512766325 1.0 40
1718512768810 1.0 41
1718512771295 1.0 42
1718512773764 1.0 43
1718512776265 1.0 44
1718512778767 1.0 45
1718512781286 1.0 46
1718512783774 1.0 47
1718512786259 1.0 48
1718512788725 1.0 49
