1718388367083 0.7850746268656716 0
1718388367403 0.8059701492537313 1
1718388367671 0.8298507462686567 2
1718388367944 0.7701492537313432 3
1718388368224 0.7791044776119403 4
1718388368499 0.817910447761194 5
1718388368777 0.8149253731343283 6
1718388369042 0.7701492537313432 7
1718388369563 0.7373134328358208 8
1718388369835 0.6985074626865672 9
1718388370122 0.7104477611940299 10
1718388370389 0.6149253731343284 11
1718388370656 0.7134328358208956 12
1718388370926 0.7074626865671642 13
1718388371189 0.8208955223880597 14
1718388371452 0.844776119402985 15
1718388371765 0.8626865671641791 16
1718388372107 0.8567164179104477 17
1718388372408 0.8656716417910447 18
1718388372686 0.8388059701492537 19
1718388372956 0.8388059701492537 20
1718388373240 0.8477611940298507 21
1718388373505 0.8507462686567164 22
1718388373780 0.8328358208955224 23
1718388374048 0.8149253731343283 24
1718388374335 0.8477611940298507 25
1718388374602 0.7880597014925373 26
1718388374885 0.8656716417910447 27
1718388375155 0.844776119402985 28
1718388375448 0.835820895522388 29
1718388375733 0.844776119402985 30
1718388376011 0.8537313432835821 31
1718388376302 0.808955223880597 32
1718388376568 0.7910447761194029 33
1718388376833 0.8328358208955224 34
1718388377072 0.8537313432835821 35
1718388377320 0.8298507462686567 36
1718388377541 0.8 37
1718388377773 0.7910447761194029 38
1718388377999 0.826865671641791 39
1718388378239 0.7761194029850746 40
1718388378474 0.7910447761194029 41
1718388378708 0.8238805970149253 42
1718388378943 0.8656716417910447 43
1718388379182 0.7761194029850746 44
1718388379420 0.7910447761194029 45
1718388379849 0.746268656716418 46
1718388380139 0.7701492537313432 47
1718388380397 0.7701492537313432 48
1718388380631 0.7850746268656716 49
