1718516400073 2.4347285804925143 0
1718516400552 2.3893247092211687 1
1718516401002 2.3609086915298745 2
1718516401454 2.319525612725152 3
1718516401920 2.354013173668473 4
1718516402472 2.337041618647399 5
1718516403052 2.367755651473999 6
1718516403635 2.3396610065742776 7
1718516404168 2.3459866885785705 8
1718516404701 2.3278751726503724 9
1718516405235 2.371026379090768 10
1718516405734 2.345778319570753 11
1718516406234 2.35485272054319 12
1718516406754 2.353585812780592 13
1718516407301 2.3729847802056208 14
1718516407834 2.27966978152593 15
1718516408362 2.373016043945595 16
1718516408871 2.409954289595286 17
1718516409417 2.378556141146907 18
1718516409917 2.342289275593228 19
1718516410466 2.2697464293903775 20
1718516410983 2.418922985041583 21
1718516411469 2.3926759516751326 22
1718516411964 2.4105109638637967 23
1718516412460 2.325474906850744 24
1718516412966 2.2817941859916404 25
1718516413485 2.261353075504303 26
1718516414000 2.406003810741283 27
1718516414533 2.34103931983312 28
1718516415033 2.3719885305122093 29
1718516415532 2.2616619533962674 30
1718516416066 2.3735131201920687 31
1718516416561 2.310808217083966 32
1718516416982 2.4885886289455272 33
1718516417448 2.3592193391588 34
1718516417865 2.3325130497967757 35
1718516418299 2.4413551975179604 36
1718516418751 2.355822817043022 37
1718516419182 2.386929918218542 38
1718516419598 2.39072882687604 39
1718516420015 2.3884674509366355 40
1718516420449 2.2207734010837696 41
1718516420898 2.37691769335005 42
1718516421315 2.368162813010039 43
1718516421765 2.34948201974233 44
1718516422198 2.371567889496132 45
1718516422664 2.2681878584402577 46
1718516423098 2.334918783770667 47
1718516423581 2.288153087651288 48
1718516424047 2.3999058582164623 49
