1718357697138 1.9804720878601074 0
1718357699592 -5.017572402954102 1
1718357702059 -4.651428699493408 2
1718357704701 -4.466246604919434 3
1718357707412 -4.441812992095947 4
1718357709812 -4.438151836395264 5
1718357713365 -4.443062782287598 6
1718357715728 -4.451539993286133 7
1718357718276 -4.461458683013916 8
1718357720562 -4.4719648361206055 9
1718357723047 -4.482544422149658 10
1718357725275 -4.492996692657471 11
1718357727737 -4.50312614440918 12
1718357730203 -0.0608978271484375 13
1718357732522 -0.06414413452148438 14
1718357735017 -0.0641489028930664 15
1718357737163 -0.06414508819580078 16
1718357739746 -0.06413936614990234 17
1718357742161 -0.06414031982421875 18
1718357744594 -0.0641469955444336 19
1718357747030 -0.06415081024169922 20
1718357749355 -0.0641469955444336 21
1718357751998 -0.06414794921875 22
1718357754140 -0.06414222717285156 23
1718357756616 -0.06414604187011719 24
1718357758914 -0.06414794921875 25
1718357761164 -0.06414794921875 26
1718357763902 -0.06414604187011719 27
1718357766460 -0.06414318084716797 28
1718357768995 -0.06414222717285156 29
1718357771416 -0.06414413452148438 30
1718357774024 -0.06414318084716797 31
1718357776379 -0.06414508819580078 32
1718357778963 0.012231826782226562 33
1718357781332 -0.05934476852416992 34
1718357783717 -0.05934953689575195 35
1718357786217 -0.059345245361328125 36
1718357788540 -0.05934762954711914 37
1718357791179 -0.05934572219848633 38
1718357793462 -0.05934572219848633 39
1718357795927 -0.05934619903564453 40
1718357798266 -0.05934333801269531 41
1718357800673 -0.05935096740722656 42
1718357802978 -0.059350013732910156 43
1718357805369 -0.059345245361328125 44
1718357807945 -0.059346675872802734 45
1718357810276 -0.05934906005859375 46
1718357812849 -0.059350013732910156 47
1718357815210 -0.04697465896606445 48
1718357817719 -0.04562950134277344 49
