1718511394573 0.6314359840113373 0
1718511394918 0.6038724305443347 1
1718511395285 0.5527484774297577 2
1718511395652 0.610327668308918 3
1718511396019 0.7180691643018736 4
1718511396368 0.7682045925919723 5
1718511396719 0.8173809074263153 6
1718511397053 0.7300035607577996 7
1718511397521 0.6935696468109325 8
1718511397889 0.6086160857647567 9
1718511398221 0.6547125944100298 10
1718511398571 0.45787317443492015 11
1718511398921 0.5950712464533453 12
1718511399274 0.4035657100670897 13
1718511399639 0.6024132474051178 14
1718511400004 0.5693460961838358 15
1718511400356 0.44956068562375273 16
1718511400723 0.5762398028186161 17
1718511401073 0.5550773505516974 18
1718511401423 0.5050194841190798 19
1718511401757 0.5624300162754416 20
1718511402127 0.44546528065492647 21
1718511402507 0.5457978478272215 22
1718511402858 0.7415434980938295 23
1718511403209 0.7621438424278245 24
1718511403559 0.8080694152518496 25
1718511403909 0.706096370979277 26
1718511404259 0.6417458375709213 27
1718511404609 0.6270799420265414 28
1718511404959 0.6399431032545864 29
1718511405310 0.6139513039778604 30
1718511405677 0.6381613050195847 31
1718511406044 0.6615887324310399 32
1718511406494 0.6246548137365717 33
1718511406844 0.6700554357714344 34
1718511407213 0.7696011093002252 35
1718511407561 0.7607767697837334 36
1718511407911 0.589064829138306 37
1718511408254 0.6275790911210563 38
1718511408628 0.6179730885634609 39
1718511408962 0.6423222086152659 40
1718511409328 0.5756546272907197 41
1718511409666 0.6691149327280866 42
1718511410013 0.6604982195863268 43
1718511410382 0.6152861368809001 44
1718511410732 0.7794333757083686 45
1718511411064 0.76476950015961 46
1718511411414 0.729649412669706 47
1718511411764 0.6277036242859344 48
1718511412115 0.5998554830403618 49
