1718527856498 1.0 0
1718527861546 1.0 1
1718527866940 0.47988505747126436 2
1718527872261 0.47988505747126436 3
1718527877510 1.0 4
1718527882527 1.0 5
1718527887574 1.0 6
1718527892607 1.0 7
1718527897506 1.0 8
1718527902458 1.0 9
1718527907371 1.0 10
1718527912386 1.0 11
1718527917335 1.0 12
1718527922850 1.0 13
1718527928601 1.0 14
1718527934201 1.0 15
1718527939564 1.0 16
1718527944514 1.0 17
1718527949499 1.0 18
1718527954431 1.0 19
1718527959411 1.0 20
1718527964394 1.0 21
1718527969275 0.28448275862068967 22
1718527974208 1.0 23
1718527979173 1.0 24
1718527984691 1.0 25
1718527990438 1.0 26
1718527996054 1.0 27
1718528001119 1.0 28
1718528006301 0.36822429906542054 29
1718528011288 1.0 30
1718528016331 1.0 31
1718528021215 1.0 32
1718528026114 1.0 33
1718528031080 1.0 34
1718528036033 1.0 35
1718528041061 1.0 36
1718528046693 1.0 37
1718528052659 1.0 38
1718528058224 1.0 39
1718528063273 1.0 40
1718528068273 0.5264797507788161 41
1718528073288 1.0 42
1718528078287 1.0 43
1718528083169 1.0 44
1718528088118 1.0 45
1718528093253 1.0 46
1718528098220 1.0 47
1718528103432 1.0 48
1718528109182 1.0 49
