1718516905607 0.23030303030303031 0
1718516905952 0.2593939393939394 1
1718516906269 0.18727272727272729 2
1718516906625 0.20727272727272728 3
1718516906952 0.09212121212121212 4
1718516907286 0.10848484848484849 5
1718516907656 0.09212121212121212 6
1718516908002 0.10848484848484849 7
1718516908368 0.09212121212121212 8
1718516908722 0.10848484848484849 9
1718516909052 0.2012121212121212 10
1718516909502 0.10848484848484849 11
1718516909845 0.12181818181818181 12
1718516910185 0.1406060606060606 13
1718516910502 0.08727272727272728 14
1718516910835 0.09212121212121212 15
1718516911152 0.09818181818181818 16
1718516911502 0.09212121212121212 17
1718516911839 0.10848484848484849 18
1718516912151 0.09212121212121212 19
1718516912468 0.10848484848484849 20
1718516912805 0.06909090909090909 21
1718516913135 0.20242424242424242 22
1718516913601 0.21575757575757576 23
1718516913918 0.21454545454545454 24
1718516914246 0.08727272727272728 25
1718516914562 0.10848484848484849 26
1718516914884 0.09151515151515152 27
1718516915201 0.10848484848484849 28
1718516915518 0.09151515151515152 29
1718516915851 0.2084848484848485 30
1718516916184 0.1987878787878788 31
1718516916501 0.20545454545454545 32
1718516916834 0.19333333333333333 33
1718516917164 0.2018181818181818 34
1718516917467 0.1696969696969697 35
1718516917800 0.10848484848484849 36
1718516918117 0.09212121212121212 37
1718516918434 0.10848484848484849 38
1718516918750 0.09212121212121212 39
1718516919067 0.10848484848484849 40
1718516919383 0.17272727272727273 41
1718516919700 0.10848484848484849 42
1718516920155 0.08848484848484849 43
1718516920466 0.09151515151515152 44
1718516920802 0.10848484848484849 45
1718516921116 0.09151515151515152 46
1718516921416 0.10848484848484849 47
1718516921733 0.09151515151515152 48
1718516922059 0.09151515151515152 49
