1718516905519 2.353879451751709 0
1718516905869 2.2048230171203613 1
1718516906203 2.2348976135253906 2
1718516906544 2.185391426086426 3
1718516906886 2.153981924057007 4
1718516907202 2.3101844787597656 5
1718516907569 2.330158233642578 6
1718516907936 2.342895746231079 7
1718516908289 2.3072335720062256 8
1718516908652 2.3015379905700684 9
1718516908969 2.2974376678466797 10
1718516909435 2.2954013347625732 11
1718516909769 2.280622959136963 12
1718516910102 2.261920213699341 13
1718516910434 2.280425786972046 14
1718516910768 2.3291375637054443 15
1718516911089 2.3109683990478516 16
1718516911418 2.3025221824645996 17
1718516911771 2.3037405014038086 18
1718516912083 2.2882673740386963 19
1718516912401 2.31795597076416 20
1718516912735 2.3047237396240234 21
1718516913051 2.3183367252349854 22
1718516913518 2.2870166301727295 23
1718516913858 2.216642379760742 24
1718516914168 2.1471569538116455 25
1718516914484 2.345216751098633 26
1718516914817 2.383697271347046 27
1718516915134 2.33329701423645 28
1718516915454 2.29653000831604 29
1718516915767 2.297300338745117 30
1718516916117 2.263064384460449 31
1718516916434 2.1908421516418457 32
1718516916753 2.1713600158691406 33
1718516917086 2.1810789108276367 34
1718516917400 2.2162911891937256 35
1718516917737 2.3094422817230225 36
1718516918034 2.3569228649139404 37
1718516918363 2.337500810623169 38
1718516918669 2.301039934158325 39
1718516918983 2.29835844039917 40
1718516919300 2.2897772789001465 41
1718516919617 2.278252601623535 42
1718516920083 2.3057587146759033 43
1718516920403 2.349639654159546 44
1718516920717 2.2954792976379395 45
1718516921033 2.3137454986572266 46
1718516921356 2.3772990703582764 47
1718516921666 2.314237594604492 48
1718516921983 2.329552173614502 49
