1718391787910 -0.6505048274993896 0
1718391788379 -0.8049238920211792 1
1718391788812 -0.8672621250152588 2
1718391789249 -1.0555787086486816 3
1718391789653 -1.0504652261734009 4
1718391790060 -1.136103868484497 5
1718391790475 -0.9065088033676147 6
1718391790888 -1.0566703081130981 7
1718391791296 -0.9174766540527344 8
1718391791692 -0.9232202768325806 9
1718391792118 -1.0961713790893555 10
1718391792512 -0.8839843273162842 11
1718391792913 -1.0519695281982422 12
1718391793339 -1.0422241687774658 13
1718391793760 -1.017496943473816 14
1718391794182 -0.2727625370025635 15
1718391794586 -0.6816030740737915 16
1718391795047 -0.5873417854309082 17
1718391795466 -0.582188606262207 18
1718391795880 -0.7874053716659546 19
1718391796338 -0.7331881523132324 20
1718391796736 -0.8206098079681396 21
1718391797164 -0.5390219688415527 22
1718391797592 -0.4477353096008301 23
1718391798019 -0.42262911796569824 24
1718391798464 -0.41884946823120117 25
1718391798888 -0.8294262886047363 26
1718391799323 -0.6656584739685059 27
1718391799752 -0.5340886116027832 28
1718391800104 -0.5242297649383545 29
1718391800467 -0.5172028541564941 30
1718391800823 -0.5113677978515625 31
1718391801178 -0.5062897205352783 32
1718391801521 -0.5018422603607178 33
1718391801872 -0.497974157333374 34
1718391802237 -0.4946432113647461 35
1718391802603 -0.49180126190185547 36
1718391802957 -0.4893972873687744 37
1718391803324 -0.4873783588409424 38
1718391803670 -0.48569416999816895 39
1718391804019 -0.4842982292175293 40
1718391804377 -0.48314690589904785 41
1718391804723 -0.4822053909301758 42
1718391805063 -0.48144054412841797 43
1718391805411 -0.4808225631713867 44
1718391805752 -0.4803297519683838 45
1718391806092 -0.47994160652160645 46
1718391806446 -0.4796411991119385 47
1718391806785 -0.4794139862060547 48
1718391807130 -0.4792475700378418 49
