1718390489383 -0.00968092679977417 0
1718390489614 0.026590943336486816 1
1718390489850 0.04319429397583008 2
1718390490125 0.028951972723007202 3
1718390490426 0.004348456859588623 4
1718390490669 -0.033710360527038574 5
1718390490916 -0.07578727602958679 6
1718390491165 0.027947157621383667 7
1718390491408 0.003459632396697998 8
1718390491642 -0.0027671456336975098 9
1718390491870 0.13450491428375244 10
1718390492115 0.023540347814559937 11
1718390492355 -0.029324322938919067 12
1718390492593 -0.04245227575302124 13
1718390492999 -0.1330353021621704 14
1718390493227 0.13952085375785828 15
1718390493453 -0.038384586572647095 16
1718390493683 0.042253464460372925 17
1718390493918 0.1362602710723877 18
1718390494164 0.02738097310066223 19
1718390494412 0.002693861722946167 20
1718390494673 0.04316487908363342 21
1718390494912 0.012569516897201538 22
1718390495151 0.03038671612739563 23
1718390495389 0.02184566855430603 24
1718390495620 1.895427703857422e-05 25
1718390495859 0.022743195295333862 26
1718390496106 -0.020214557647705078 27
1718390496340 0.029118597507476807 28
1718390496582 0.01232108473777771 29
1718390496819 0.04854455590248108 30
1718390497066 -0.0289076566696167 31
1718390497307 0.019777625799179077 32
1718390497544 0.020351678133010864 33
1718390497787 0.011274188756942749 34
1718390498047 -0.0023509562015533447 35
1718390498292 0.02419021725654602 36
1718390498542 0.01598915457725525 37
1718390498778 -0.05997133255004883 38
1718390499029 -0.06259354948997498 39
1718390499273 0.002110213041305542 40
1718390499514 0.05053132772445679 41
1718390499749 -0.036476343870162964 42
1718390500016 0.027525514364242554 43
1718390500273 -0.05745306611061096 44
1718390500520 0.030401557683944702 45
1718390500767 0.011017143726348877 46
1718390501017 -0.025668948888778687 47
1718390501254 -0.08165311813354492 48
1718390501499 0.00036710500717163086 49
