1718554390025 nan 0
1718554391058 nan 1
1718554392092 nan 2
1718554393193 nan 3
1718554394308 nan 4
1718554395358 nan 5
1718554396407 nan 6
1718554397491 nan 7
1718554398574 nan 8
1718554399590 nan 9
1718554400557 nan 10
1718554401390 nan 11
1718554402240 nan 12
1718554403106 nan 13
1718554404006 nan 14
1718554404859 nan 15
1718554405706 nan 16
1718554406556 nan 17
1718554407505 nan 18
1718554408372 nan 19
1718554409238 nan 20
1718554410071 nan 21
1718554410963 nan 22
1718554411871 nan 23
1718554412754 nan 24
1718554413587 nan 25
1718554414407 nan 26
1718554415221 nan 27
1718554416037 nan 28
1718554416873 nan 29
1718554417687 nan 30
1718554418553 nan 31
1718554419403 nan 32
1718554420278 nan 33
1718554421053 nan 34
1718554421886 nan 35
1718554422736 nan 36
1718554423534 nan 37
1718554424369 nan 38
1718554425172 nan 39
1718554426018 nan 40
1718554426835 nan 41
1718554427668 nan 42
1718554428501 nan 43
1718554429335 nan 44
1718554430168 nan 45
1718554430984 nan 46
1718554431854 nan 47
1718554432684 nan 48
1718554433533 nan 49
