1718575738322 0.10909090909090909 0
1718575738775 0.22121212121212122 1
1718575739222 0.10848484848484849 2
1718575739656 0.055757575757575756 3
1718575740115 0.08727272727272728 4
1718575740539 0.1696969696969697 5
1718575740958 0.08727272727272728 6
1718575741407 0.10848484848484849 7
1718575741858 0.10848484848484849 8
1718575742426 0.10848484848484849 9
1718575743192 0.10848484848484849 10
1718575743959 0.10848484848484849 11
1718575744660 0.10848484848484849 12
1718575745293 0.10848484848484849 13
1718575745952 0.10848484848484849 14
1718575746561 0.10848484848484849 15
1718575747247 0.10848484848484849 16
1718575748045 0.10848484848484849 17
1718575748647 0.10848484848484849 18
1718575749263 0.10848484848484849 19
1718575749981 0.10848484848484849 20
1718575750581 0.10909090909090909 21
1718575751181 0.1103030303030303 22
1718575751799 0.10848484848484849 23
1718575752448 0.09212121212121212 24
1718575753067 0.09212121212121212 25
1718575753684 0.09212121212121212 26
1718575754283 0.12424242424242424 27
1718575754885 0.10848484848484849 28
1718575755566 0.10848484848484849 29
1718575756152 0.10848484848484849 30
1718575756770 0.10909090909090909 31
1718575757385 0.12545454545454546 32
1718575758019 0.10848484848484849 33
1718575758624 0.09212121212121212 34
1718575759204 0.09151515151515152 35
1718575759839 0.1103030303030303 36
1718575760438 0.15818181818181817 37
1718575761055 0.08727272727272728 38
1718575761655 0.15212121212121213 39
1718575762223 0.09272727272727273 40
1718575762739 0.09212121212121212 41
1718575763208 0.09212121212121212 42
1718575763691 0.17575757575757575 43
1718575764107 0.09212121212121212 44
1718575764541 0.09151515151515152 45
1718575765158 0.10848484848484849 46
1718575765609 0.10848484848484849 47
1718575766076 0.10848484848484849 48
1718575766560 0.12363636363636364 49
