1718575738271 0.029979182012153327 0
1718575738740 -0.042602575186527325 1
1718575739189 -0.0654923193382495 2
1718575739606 0.009435899329908182 3
1718575740056 -0.05006546685189894 4
1718575740490 0.014001087708906734 5
1718575740923 0.021379839290271985 6
1718575741374 0.005670536648143543 7
1718575741824 -0.0037716049136538032 8
1718575742350 -0.004299062671083487 9
1718575743109 -0.004847226720867681 10
1718575743892 -0.005038138591881847 11
1718575744610 -0.005058274124607909 12
1718575745229 -0.005058093504472172 13
1718575745895 -0.00505042437351122 14
1718575746479 -0.005027937166618646 15
1718575747191 -0.004965959173260259 16
1718575747980 -0.004793445269266616 17
1718575748596 -0.004258632659912109 18
1718575749197 -0.00231358499237988 19
1718575749930 0.005866224115544938 20
1718575750530 0.027324188839305652 21
1718575751115 0.026594371506662107 22
1718575751749 -0.14209990790396043 23
1718575752400 0.005026073166818357 24
1718575752999 0.01434790004383446 25
1718575753633 -0.00015658320802636183 26
1718575754235 -0.0002532800038657079 27
1718575754817 0.0022005998727046006 28
1718575755514 4.6231529929219306e-05 29
1718575756085 0.0059946630940292955 30
1718575756702 0.02570631648554933 31
1718575757336 0.01723746458689357 32
1718575757953 -0.20377452806992968 33
1718575758553 0.028704621575095235 34
1718575759153 0.09144628409183397 35
1718575759771 -0.017271796862284194 36
1718575760389 0.006078557534651363 37
1718575761005 -0.0028664523904975425 38
1718575761589 -0.006883996905702627 39
1718575762174 0.002070188522338867 40
1718575762691 0.004215789563728034 41
1718575763173 0.004421086022348142 42
1718575763657 0.009601094506003438 43
1718575764074 -0.03982132492643409 44
1718575764509 0.008147850181117189 45
1718575765125 0.0003641446431479345 46
1718575765575 -0.004366777159951152 47
1718575766026 0.016425360332835925 48
1718575766509 0.041152011264454114 49
