1718331242157 -0.19431519508361816 0
1718331242595 -0.1961650848388672 1
1718331242919 -0.19777464866638184 2
1718331243283 -0.19917750358581543 3
1718331243608 -0.20040273666381836 4
1718331243935 -0.20147442817687988 5
1718331244275 -0.20241284370422363 6
1718331244602 -0.20323777198791504 7
1718331244880 -0.2039623260498047 8
1718331245170 -0.20460081100463867 9
1718331245463 -0.20516347885131836 10
1718331245745 -0.20566058158874512 11
1718331246027 -0.206099271774292 12
1718331246322 -0.20648860931396484 13
1718331246614 -0.2068331241607666 14
1718331246900 -0.2071394920349121 15
1718331247188 -0.20728635787963867 16
1718331247486 -0.20741820335388184 17
1718331247774 -0.2075357437133789 18
1718331248060 -0.2076416015625 19
1718331248359 -0.20773601531982422 20
1718331248652 -0.20782256126403809 21
1718331248944 -0.2079010009765625 22
1718331249245 -0.20797252655029297 23
1718331249545 -0.2080385684967041 24
1718331249831 -0.2080996036529541 25
1718331250117 -0.20815634727478027 26
1718331250421 -0.20820879936218262 27
1718331250709 -0.20825839042663574 28
1718331251005 -0.20830464363098145 29
1718331251326 -0.20834898948669434 30
1718331251623 -0.2083909511566162 31
1718331251916 -0.20843005180358887 32
1718331252218 -0.20846796035766602 33
1718331252521 -0.20850467681884766 34
1718331252821 -0.20853948593139648 35
1718331253134 -0.2085738182067871 36
1718331253484 -0.20860671997070312 37
1718331253782 -0.20863842964172363 38
1718331254074 -0.20866918563842773 39
1718331254375 -0.20869970321655273 40
1718331254661 -0.20872902870178223 41
1718331254950 -0.20875763893127441 42
1718331255249 -0.2087857723236084 43
1718331255554 -0.20881342887878418 44
1718331255958 -0.20883989334106445 45
1718331256250 -0.20886778831481934 46
1718331256549 -0.2088940143585205 47
1718331256844 -0.20891928672790527 48
1718331257135 -0.20894479751586914 49
