1718372141147 -0.3418116569519043 0
1718372141804 -0.28627967834472656 1
1718372142450 -0.671146035194397 2
1718372143104 -0.28444409370422363 3
1718372143763 -0.2569916248321533 4
1718372144391 -0.24967408180236816 5
1718372145018 -0.6703734397888184 6
1718372145645 -0.5226016044616699 7
1718372146293 -0.21543002128601074 8
1718372146920 -0.40874409675598145 9
1718372147628 -0.28446149826049805 10
1718372148354 -0.26577091217041016 11
1718372149054 -0.4442460536956787 12
1718372149729 -0.538702130317688 13
1718372150400 -0.28834962844848633 14
1718372151061 -0.276508092880249 15
1718372151799 -0.2792537212371826 16
1718372152474 -0.15741610527038574 17
1718372153126 -0.1775071620941162 18
1718372153780 -0.27187037467956543 19
1718372154435 -0.18154096603393555 20
1718372155091 -0.2584953308105469 21
1718372155747 -0.31298017501831055 22
1718372156410 -0.15983223915100098 23
1718372157051 -0.2762329578399658 24
1718372157698 -0.12608981132507324 25
1718372158355 -0.6076258420944214 26
1718372158987 -0.26230883598327637 27
1718372159622 -0.2545905113220215 28
1718372160279 -0.4716067314147949 29
1718372160904 -0.29994964599609375 30
1718372161547 -0.3521885871887207 31
1718372162204 -0.3414039611816406 32
1718372162926 -0.283644437789917 33
1718372163647 -0.557389497756958 34
1718372164493 -0.23163485527038574 35
1718372165309 -0.2882516384124756 36
1718372166109 -0.7148551940917969 37
1718372166820 -0.2898116111755371 38
1718372167526 -0.12406802177429199 39
1718372168294 -0.5254344940185547 40
1718372169041 -0.3395543098449707 41
1718372169695 -0.6673445701599121 42
1718372170322 -0.269212007522583 43
1718372170965 -0.2664623260498047 44
1718372171607 -0.7027416229248047 45
1718372172235 -0.2645995616912842 46
1718372172895 -0.16742920875549316 47
1718372173551 -0.2421712875366211 48
1718372174183 -0.27710938453674316 49
