1718390011087 0.300719290971756 0
1718390011317 0.3578549027442932 1
1718390011557 0.33074280619621277 2
1718390011797 0.3020206391811371 3
1718390012072 0.2883477807044983 4
1718390012326 0.27410459518432617 5
1718390012594 0.2761491537094116 6
1718390012847 0.3214721381664276 7
1718390013100 0.3222205936908722 8
1718390013338 0.29401540756225586 9
1718390013576 0.27637916803359985 10
1718390013814 0.25439485907554626 11
1718390014070 0.260686457157135 12
1718390014304 0.2448202669620514 13
1718390014724 0.2807031273841858 14
1718390014949 0.25478997826576233 15
1718390015172 0.2639974057674408 16
1718390015418 0.26146599650382996 17
1718390015662 0.3465082347393036 18
1718390015890 0.27372074127197266 19
1718390016129 0.2605077624320984 20
1718390016362 0.28161314129829407 21
1718390016595 0.2404073029756546 22
1718390016824 0.26527926325798035 23
1718390017082 0.27548879384994507 24
1718390017323 0.2777327001094818 25
1718390017557 0.2651106119155884 26
1718390017793 0.30531424283981323 27
1718390018036 0.2907365560531616 28
1718390018276 0.2808029353618622 29
1718390018522 0.24915356934070587 30
1718390018772 0.24655790627002716 31
1718390019027 0.2876397669315338 32
1718390019262 0.2466355562210083 33
1718390019496 0.28244876861572266 34
1718390019733 0.26106134057044983 35
1718390019981 0.2672281563282013 36
1718390020238 0.24208557605743408 37
1718390020486 0.26456549763679504 38
1718390020721 0.2577272057533264 39
1718390020979 0.22447580099105835 40
1718390021217 0.2574012577533722 41
1718390021467 0.23261763155460358 42
1718390021699 0.28755250573158264 43
1718390021952 0.2616453170776367 44
1718390022195 0.2520180940628052 45
1718390022425 0.22865010797977448 46
1718390022662 0.26591312885284424 47
1718390022895 0.2508460283279419 48
1718390023132 0.23770840466022491 49
