1718585917418 0.5016501650165016 0
1718585917820 0.9121212121212121 1
1718585918207 1.0 2
1718585918596 0.5454545454545454 3
1718585918996 0.3775933609958506 4
1718585919402 0.42738589211618255 5
1718585919797 1.0 6
1718585920183 0.5619335347432024 7
1718585920570 1.0 8
1718585920959 1.0 9
1718585921320 1.0 10
1718585921739 1.0 11
1718585922110 1.0 12
1718585922501 1.0 13
1718585922901 1.0 14
1718585923282 1.0 15
1718585923668 0.6424242424242425 16
1718585924074 1.0 17
1718585924450 1.0 18
1718585924852 1.0 19
1718585925216 1.0 20
1718585925602 1.0 21
1718585925968 1.0 22
1718585926350 1.0 23
1718585926739 1.0 24
1718585927300 0.513595166163142 25
1718585927702 1.0 26
1718585928098 0.8545454545454545 27
1718585928468 1.0 28
1718585928851 0.6151515151515151 29
1718585929233 0.5454545454545454 30
1718585929618 0.9090909090909091 31
1718585930002 1.0 32
1718585930399 1.0 33
1718585930800 1.0 34
1718585931186 1.0 35
1718585931564 1.0 36
1718585931968 1.0 37
1718585932383 1.0 38
1718585932782 1.0 39
1718585933151 1.0 40
1718585933550 1.0 41
1718585933954 1.0 42
1718585934348 0.5317220543806647 43
1718585934733 0.43202416918429004 44
1718585935121 0.9628482972136223 45
1718585935496 0.7533783783783784 46
1718585935883 0.7157894736842105 47
1718585936280 0.560702875399361 48
1718585936663 0.5094736842105263 49
