1718533125910 0.09151515151515152 0
1718533126377 0.09151515151515152 1
1718533126893 0.09151515151515152 2
1718533127380 0.09151515151515152 3
1718533127909 0.09151515151515152 4
1718533128393 0.09151515151515152 5
1718533129076 0.09151515151515152 6
1718533129560 0.09151515151515152 7
1718533130060 0.09151515151515152 8
1718533130543 0.09151515151515152 9
1718533131060 0.09151515151515152 10
1718533131559 0.09151515151515152 11
1718533132042 0.09151515151515152 12
1718533132544 0.09151515151515152 13
1718533133018 0.09151515151515152 14
1718533133514 0.09151515151515152 15
1718533133992 0.09151515151515152 16
1718533134475 0.09151515151515152 17
1718533134942 0.09151515151515152 18
1718533135419 0.09151515151515152 19
1718533135892 0.09151515151515152 20
1718533136395 0.09151515151515152 21
1718533136875 0.09151515151515152 22
1718533137391 0.09151515151515152 23
1718533137895 0.09151515151515152 24
1718533138391 0.09151515151515152 25
1718533138908 0.09151515151515152 26
1718533139379 0.09151515151515152 27
1718533139892 0.09151515151515152 28
1718533140380 0.09151515151515152 29
1718533140898 0.09151515151515152 30
1718533141357 0.09151515151515152 31
1718533141880 0.09151515151515152 32
1718533142509 0.09151515151515152 33
1718533143224 0.09151515151515152 34
1718533143940 0.09151515151515152 35
1718533144607 0.09151515151515152 36
1718533145223 0.09151515151515152 37
1718533145823 0.09151515151515152 38
1718533146443 0.09151515151515152 39
1718533147040 0.09151515151515152 40
1718533147623 0.09151515151515152 41
1718533148292 0.09151515151515152 42
1718533148889 0.09151515151515152 43
1718533149504 0.09151515151515152 44
1718533150106 0.09151515151515152 45
1718533150702 0.09151515151515152 46
1718533151305 0.09151515151515152 47
1718533151905 0.09151515151515152 48
1718533152522 0.09151515151515152 49
