1718502661420 0.5278787878787878 0
1718502661821 0.5236363636363637 1
1718502662221 0.5351515151515152 2
1718502662688 0.6539393939393939 3
1718502663088 0.5218181818181818 4
1718502663473 0.5133287764866712 5
1718502664006 0.47575757575757577 6
1718502664439 0.6133333333333333 7
1718502664874 0.66 8
1718502665240 0.5195945945945946 9
1718502665641 0.5394021739130435 10
1718502666041 0.39712918660287083 11
1718502666441 0.54 12
1718502666858 0.6606060606060606 13
1718502667258 0.713939393939394 14
1718502667625 0.6696969696969697 15
1718502668009 0.7254545454545455 16
1718502668392 0.403030303030303 17
1718502668776 0.4401220442410374 18
1718502669192 0.35789473684210527 19
1718502669577 0.4785553047404063 20
1718502669977 0.4509090909090909 21
1718502670361 0.5332880434782609 22
1718502670744 0.5375757575757576 23
1718502671128 0.6666666666666666 24
1718502671511 0.62 25
1718502671895 0.5272727272727272 26
1718502672280 0.5911517925247902 27
1718502672663 0.4783188792528352 28
1718502672980 0.5145454545454545 29
1718502673313 0.583030303030303 30
1718502673663 0.6121212121212121 31
1718502674013 0.5945454545454546 32
1718502674330 0.5290909090909091 33
1718502674664 0.45161290322580644 34
1718502675165 0.49613601236476046 35
1718502675531 0.6415963161933999 36
1718502675915 0.5121621621621621 37
1718502676298 0.5763636363636364 38
1718502676665 0.5727272727272728 39
1718502677083 0.6393939393939394 40
1718502677484 0.42303030303030303 41
1718502677816 0.5343562374916611 42
1718502678167 0.5078787878787879 43
1718502678484 0.5527027027027027 44
1718502678817 0.42866847826086957 45
1718502679150 0.6028963414634146 46
1718502679467 0.6466666666666666 47
1718502679801 0.6087837837837838 48
1718502680151 0.6472727272727272 49
