1718383446869 -0.2209479808807373 0
1718383447262 -0.2928910255432129 1
1718383447644 -0.2584226131439209 2
1718383448008 -0.4453318119049072 3
1718383448362 -0.4922981262207031 4
1718383448730 -0.5523253679275513 5
1718383449101 -0.712613582611084 6
1718383449468 -0.37082958221435547 7
1718383449868 -0.6229566335678101 8
1718383450254 -0.2834920883178711 9
1718383450608 -0.1967759132385254 10
1718383450973 -0.39531397819519043 11
1718383451345 -0.4959520101547241 12
1718383451722 -0.48518848419189453 13
1718383452135 -0.5498039722442627 14
1718383452475 -0.5130077600479126 15
1718383452870 -0.992651104927063 16
1718383453278 -0.7777342796325684 17
1718383453655 -0.75657057762146 18
1718383453983 -0.6898021697998047 19
1718383454314 -0.6836276054382324 20
1718383454638 -0.6836302280426025 21
1718383454973 -0.4593386650085449 22
1718383455307 -0.4401298761367798 23
1718383455640 -0.3468937873840332 24
1718383455970 -0.2545393705368042 25
1718383456311 -0.3333810567855835 26
1718383456671 -0.18341588973999023 27
1718383457037 -0.39506304264068604 28
1718383457405 -0.2987022399902344 29
1718383457737 -0.23635447025299072 30
1718383458061 -0.2057795524597168 31
1718383458433 -0.3679928779602051 32
1718383458768 -0.4305002689361572 33
1718383459095 -0.3633580207824707 34
1718383459406 -0.5051226615905762 35
1718383459733 -0.61185622215271 36
1718383460062 -1.0019896030426025 37
1718383460375 -0.2765614986419678 38
1718383460701 -0.4326300621032715 39
1718383461013 -1.6211928129196167 40
1718383461329 -0.3483874797821045 41
1718383461639 -0.4453718662261963 42
1718383461958 -0.4811598062515259 43
1718383462266 -0.6565878391265869 44
1718383462584 -0.5870988368988037 45
1718383462909 -0.14359736442565918 46
1718383463224 -0.3378126621246338 47
1718383463531 -0.48634767532348633 48
1718383463847 -0.297105073928833 49
