1718573187500 0.1676846196557468 0
1718573188429 0.09835055096418734 1
1718573189322 0.06358327922077922 2
1718573190214 0.2930134569842379 3
1718573191116 0.1676846196557468 4
1718573192040 0.1676846196557468 5
1718573192966 0.1676846196557468 6
1718573193945 0.1676846196557468 7
1718573195051 0.1676846196557468 8
1718573196375 0.1676846196557468 9
1718573197974 0.1676846196557468 10
1718573199194 0.1676846196557468 11
1718573200381 0.18115608111703138 12
1718573201428 0.1676846196557468 13
1718573202447 0.1676846196557468 14
1718573203466 0.1676846196557468 15
1718573204395 0.10730823115583643 16
1718573205344 0.05872587055803711 17
1718573206265 0.1676846196557468 18
1718573207225 0.1676846196557468 19
1718573208157 0.1676846196557468 20
1718573209054 0.1676846196557468 21
1718573209959 0.1676846196557468 22
1718573210859 0.1676846196557468 23
1718573211973 0.1676846196557468 24
1718573213146 0.1676846196557468 25
1718573214490 0.1676846196557468 26
1718573215440 0.1676846196557468 27
1718573216530 0.1676846196557468 28
1718573217693 0.08124643671607754 29
1718573218639 0.1676846196557468 30
1718573219588 0.1676846196557468 31
1718573220504 0.1676846196557468 32
1718573221617 0.3028992268422218 33
1718573222929 0.1676846196557468 34
1718573224273 0.1676846196557468 35
1718573225535 0.1858163826278175 36
1718573226779 0.1676846196557468 37
1718573228204 0.22749676732138288 38
1718573229817 0.1676846196557468 39
1718573230918 0.1676846196557468 40
1718573231964 0.09961286272321428 41
1718573233100 0.1676846196557468 42
1718573234127 0.10056778438545924 43
1718573235235 0.1676846196557468 44
1718573236327 0.1676846196557468 45
1718573237388 0.06307049360428847 46
1718573238503 0.1676846196557468 47
1718573239718 0.1676846196557468 48
1718573240885 0.1676846196557468 49
