1718427904521 0.1 0
1718427904852 0.11641791044776119 1
1718427905199 0.09253731343283582 2
1718427905543 0.1 3
1718427905867 0.11641791044776119 4
1718427906203 0.09850746268656717 5
1718427906500 0.07761194029850746 6
1718427907021 0.11641791044776119 7
1718427907299 0.11343283582089553 8
1718427907573 0.11641791044776119 9
1718427907849 0.11343283582089553 10
1718427908150 0.11641791044776119 11
1718427908433 0.09402985074626866 12
1718427908726 0.11641791044776119 13
1718427909021 0.11343283582089553 14
1718427909326 0.11641791044776119 15
1718427909623 0.11343283582089553 16
1718427909917 0.11343283582089553 17
1718427910203 0.11343283582089553 18
1718427910499 0.11194029850746269 19
1718427910849 0.11641791044776119 20
1718427911133 0.1582089552238806 21
1718427911419 0.11641791044776119 22
1718427911699 0.1865671641791045 23
1718427911982 0.1208955223880597 24
1718427912325 0.11044776119402985 25
1718427912582 0.11641791044776119 26
1718427912850 0.11044776119402985 27
1718427913119 0.11343283582089553 28
1718427913384 0.11641791044776119 29
1718427913669 0.11044776119402985 30
1718427913929 0.11641791044776119 31
1718427914204 0.12835820895522387 32
1718427914487 0.11641791044776119 33
1718427914765 0.11641791044776119 34
1718427915033 0.09402985074626866 35
1718427915282 0.11641791044776119 36
1718427915552 0.11641791044776119 37
1718427915834 0.11343283582089553 38
1718427916098 0.10746268656716418 39
1718427916398 0.11641791044776119 40
1718427916652 0.11044776119402985 41
1718427916924 0.1 42
1718427917183 0.10746268656716418 43
1718427917449 0.11641791044776119 44
1718427917719 0.10149253731343283 45
1718427917982 0.11641791044776119 46
1718427918249 0.11641791044776119 47
1718427918499 0.11641791044776119 48
1718427918764 0.11641791044776119 49
