1718533197446 0.09212121212121212 0
1718533197817 0.11333333333333333 1
1718533198179 0.10848484848484849 2
1718533198513 0.13636363636363635 3
1718533198890 0.0993939393939394 4
1718533199262 0.10848484848484849 5
1718533199613 0.1103030303030303 6
1718533199990 0.09575757575757576 7
1718533200362 0.040606060606060604 8
1718533200740 0.09575757575757576 9
1718533201112 0.09151515151515152 10
1718533201462 0.09575757575757576 11
1718533201796 0.09151515151515152 12
1718533202162 0.09575757575757576 13
1718533202690 0.14727272727272728 14
1718533203195 0.08727272727272728 15
1718533203678 0.08969696969696969 16
1718533204162 0.10848484848484849 17
1718533204645 0.09212121212121212 18
1718533205091 0.09151515151515152 19
1718533205695 0.10848484848484849 20
1718533206135 0.09575757575757576 21
1718533206579 0.09212121212121212 22
1718533207061 0.09575757575757576 23
1718533207511 0.09151515151515152 24
1718533207961 0.08727272727272728 25
1718533208427 0.09212121212121212 26
1718533208877 0.09151515151515152 27
1718533209344 0.09212121212121212 28
1718533209797 0.10848484848484849 29
1718533210244 0.09212121212121212 30
1718533210694 0.10848484848484849 31
1718533211160 0.09212121212121212 32
1718533211610 0.09818181818181818 33
1718533212078 0.10848484848484849 34
1718533212527 0.09212121212121212 35
1718533212977 0.09575757575757576 36
1718533213533 0.10848484848484849 37
1718533213993 0.08727272727272728 38
1718533214460 0.09212121212121212 39
1718533214910 0.13757575757575757 40
1718533215343 0.19636363636363635 41
1718533215743 0.09818181818181818 42
1718533216143 0.01090909090909091 43
1718533216576 0.10424242424242425 44
1718533216959 0.09212121212121212 45
1718533217559 0.10848484848484849 46
1718533217926 0.09212121212121212 47
1718533218262 0.10909090909090909 48
1718533218596 0.09212121212121212 49
