1718417634456 23.93721580505371 0
1718417636722 25.53336524963379 1
1718417638922 14.545625686645508 2
1718417641154 2.4681291580200195 3
1718417643903 17.356544494628906 4
1718417647086 2.4563660621643066 5
1718417650136 25.9999942779541 6
1718417653769 2.4178833961486816 7
1718417656514 2.455188751220703 8
1718417658673 2.455270290374756 9
1718417660812 2.453329563140869 10
1718417662960 2.4079525470733643 11
1718417665166 2.4551093578338623 12
1718417667331 3.5536210536956787 13
1718417669517 25.9999942779541 14
1718417671697 2.4533352851867676 15
1718417673922 2.7687063217163086 16
1718417676164 2.455204725265503 17
1718417678379 2.455082893371582 18
1718417680530 2.458827495574951 19
1718417682813 2.4533588886260986 20
1718417684996 2.442918539047241 21
1718417687232 2.4550821781158447 22
1718417689433 7.044821262359619 23
1718417691577 2.4552054405212402 24
1718417693711 2.456613540649414 25
1718417695844 25.115219116210938 26
1718417698109 2.407949447631836 27
1718417700292 2.4550013542175293 28
1718417702608 2.454620599746704 29
1718417705647 26.0 30
1718417708508 2.453362464904785 31
1718417711350 2.455015182495117 32
1718417714107 2.4574241638183594 33
1718417716273 2.453369617462158 34
1718417718455 2.408198833465576 35
1718417720622 15.019503593444824 36
1718417722820 2.407991409301758 37
1718417725121 2.74513840675354 38
1718417727304 2.457165241241455 39
1718417729719 2.4019124507904053 40
1718417732020 2.4079785346984863 41
1718417734186 13.797554969787598 42
1718417736319 2.4616477489471436 43
1718417738552 2.453357458114624 44
1718417740734 2.459223985671997 45
1718417742917 2.454353094100952 46
1718417745100 25.428991317749023 47
1718417747532 2.4491991996765137 48
1718417749732 2.489551544189453 49
