1718501418841 0.1858163826278175 0
1718501419887 0.1858163826278175 1
1718501420913 0.1858163826278175 2
1718501421810 0.1858163826278175 3
1718501422761 0.1858163826278175 4
1718501424032 0.1858163826278175 5
1718501424949 0.1858163826278175 6
1718501425766 0.1858163826278175 7
1718501426632 0.1858163826278175 8
1718501427491 0.1858163826278175 9
1718501428434 0.1858163826278175 10
1718501429385 0.1858163826278175 11
1718501430208 0.1858163826278175 12
1718501431190 0.1858163826278175 13
1718501432103 0.1858163826278175 14
1718501432996 0.1858163826278175 15
1718501434056 0.1858163826278175 16
1718501434996 0.18681318681318682 17
1718501436245 0.1858163826278175 18
1718501437264 0.1858163826278175 19
1718501438258 0.1858163826278175 20
1718501439076 0.1858163826278175 21
1718501439935 0.1858163826278175 22
1718501440784 0.1858163826278175 23
1718501441644 0.1858163826278175 24
1718501442529 0.1858163826278175 25
1718501443486 0.1858163826278175 26
1718501444472 0.11526288063230039 27
1718501445313 0.09619218903662989 28
1718501446199 0.1858163826278175 29
1718501447096 0.1858163826278175 30
1718501448044 0.1858163826278175 31
1718501448952 0.1858163826278175 32
1718501449961 0.1858163826278175 33
1718501450801 0.1858163826278175 34
1718501451688 0.1858163826278175 35
1718501452558 0.1858163826278175 36
1718501453458 0.1858163826278175 37
1718501454361 0.1858163826278175 38
1718501455289 0.1858163826278175 39
1718501456348 0.1858163826278175 40
1718501457373 0.1858163826278175 41
1718501458472 0.1858163826278175 42
1718501459342 0.1858163826278175 43
1718501460141 0.1858163826278175 44
1718501460975 0.1858163826278175 45
1718501461842 0.1858163826278175 46
1718501462793 0.1858163826278175 47
1718501463794 0.1858163826278175 48
1718501464778 0.1858163826278175 49
