1718555370499 0.1605351170568562 0
1718555370966 0.1605351170568562 1
1718555371352 0.1605351170568562 2
1718555371732 0.1605351170568562 3
1718555372101 0.1605351170568562 4
1718555372445 0.1605351170568562 5
1718555372815 0.1605351170568562 6
1718555373182 0.1605351170568562 7
1718555373553 0.1605351170568562 8
1718555373898 0.1605351170568562 9
1718555374265 0.1605351170568562 10
1718555374631 0.1605351170568562 11
1718555375015 0.1605351170568562 12
1718555375398 0.1605351170568562 13
1718555375781 0.1605351170568562 14
1718555376154 0.1605351170568562 15
1718555376498 0.1605351170568562 16
1718555376848 0.1605351170568562 17
1718555377198 0.1605351170568562 18
1718555377564 0.1605351170568562 19
1718555377964 0.1605351170568562 20
1718555378314 0.1605351170568562 21
1718555378647 0.1605351170568562 22
1718555378997 0.1605351170568562 23
1718555379347 0.1605351170568562 24
1718555379714 0.1605351170568562 25
1718555380064 0.1605351170568562 26
1718555380414 0.1605351170568562 27
1718555380797 0.1605351170568562 28
1718555381147 0.1605351170568562 29
1718555381497 0.1605351170568562 30
1718555381847 0.1605351170568562 31
1718555382200 0.1605351170568562 32
1718555382547 0.1605351170568562 33
1718555382897 0.1605351170568562 34
1718555383280 0.1605351170568562 35
1718555383630 0.1605351170568562 36
1718555383996 0.1605351170568562 37
1718555384380 0.1605351170568562 38
1718555384764 0.1605351170568562 39
1718555385243 0.1605351170568562 40
1718555385579 0.1605351170568562 41
1718555385945 0.1605351170568562 42
1718555386296 0.1605351170568562 43
1718555386662 0.1605351170568562 44
1718555387046 0.1605351170568562 45
1718555387396 0.1605351170568562 46
1718555387743 0.1605351170568562 47
1718555388095 0.1605351170568562 48
1718555388462 0.1605351170568562 49
