1718527598165 0.10242424242424242 0
1718527603064 0.10242424242424242 1
1718527607966 0.10242424242424242 2
1718527612941 0.10242424242424242 3
1718527617978 0.10242424242424242 4
1718527623096 0.06606060606060606 5
1718527628810 0.10242424242424242 6
1718527634525 0.10242424242424242 7
1718527639760 0.10242424242424242 8
1718527644698 0.10242424242424242 9
1718527649672 0.10242424242424242 10
1718527654820 0.10242424242424242 11
1718527659789 0.10242424242424242 12
1718527664769 0.10242424242424242 13
1718527669684 0.10242424242424242 14
1718527674617 0.10242424242424242 15
1718527679666 0.10242424242424242 16
1718527685031 0.10242424242424242 17
1718527690843 0.10242424242424242 18
1718527696312 0.0890909090909091 19
1718527701365 0.10242424242424242 20
1718527706344 0.10242424242424242 21
1718527711370 0.10242424242424242 22
1718527716317 0.10242424242424242 23
1718527721324 0.10242424242424242 24
1718527726173 0.10242424242424242 25
1718527731172 0.10242424242424242 26
1718527736087 0.10242424242424242 27
1718527740970 0.10242424242424242 28
1718527746603 0.10242424242424242 29
1718527752321 0.10242424242424242 30
1718527757683 0.09878787878787879 31
1718527762933 0.10242424242424242 32
1718527768332 0.10242424242424242 33
1718527773948 0.10242424242424242 34
1718527779079 0.10242424242424242 35
1718527784165 0.03333333333333333 36
1718527789314 0.10242424242424242 37
1718527794293 0.1006060606060606 38
1718527799211 0.10242424242424242 39
1718527804894 0.10242424242424242 40
1718527810639 0.06787878787878789 41
1718527816258 0.10242424242424242 42
1718527821338 0.10242424242424242 43
1718527826357 0.10242424242424242 44
1718527831386 0.10242424242424242 45
1718527836401 0.10848484848484849 46
1718527841356 0.10242424242424242 47
1718527846302 0.10242424242424242 48
1718527851247 0.10242424242424242 49
