1718448524880 nan 0
1718448528791 nan 1
1718448532867 nan 2
1718448537123 nan 3
1718448541289 nan 4
1718448545859 nan 5
1718448550654 nan 6
1718448555502 nan 7
1718448560135 nan 8
1718448564603 nan 9
1718448568850 nan 10
1718448573233 nan 11
1718448577125 nan 12
1718448581051 nan 13
1718448584980 nan 14
1718448588933 nan 15
1718448592895 nan 16
1718448596795 nan 17
1718448600764 nan 18
1718448605293 nan 19
1718448609992 nan 20
1718448614706 nan 21
1718448619461 nan 22
1718448624239 nan 23
1718448628488 nan 24
1718448632508 nan 25
1718448636390 nan 26
1718448640290 nan 27
1718448644185 nan 28
1718448648184 nan 29
1718448652150 nan 30
1718448656015 nan 31
1718448659886 nan 32
1718448664131 nan 33
1718448668818 nan 34
1718448673512 nan 35
1718448678195 nan 36
1718448682661 nan 37
1718448686784 nan 38
1718448690626 nan 39
1718448694608 nan 40
1718448698491 nan 41
1718448702491 nan 42
1718448706473 nan 43
1718448710442 nan 44
1718448714338 nan 45
1718448718220 nan 46
1718448722220 nan 47
1718448726852 nan 48
1718448731285 nan 49
