1718376778236 2.395758628845215 0
1718376779092 2.12125825881958 1
1718376779898 2.1938846111297607 2
1718376780690 2.066300868988037 3
1718376781477 2.2910802364349365 4
1718376782464 2.363635301589966 5
1718376783237 2.5974490642547607 6
1718376783968 2.59744930267334 7
1718376784887 2.685549736022949 8
1718376785667 2.452881336212158 9
1718376786508 2.395759344100952 10
1718376787460 2.8381686210632324 11
1718376788400 2.6849639415740967 12
1718376789361 2.2716288566589355 13
1718376790492 2.410574436187744 14
1718376791382 2.4777655601501465 15
1718376792743 2.2233264446258545 16
1718376793782 2.1997580528259277 17
1718376795069 2.2853026390075684 18
1718376796473 2.2852909564971924 19
1718376797761 2.312177896499634 20
1718376798657 2.312664031982422 21
1718376799492 2.3928751945495605 22
1718376800207 2.2611937522888184 23
1718376800955 2.2562947273254395 24
1718376801670 2.1442019939422607 25
1718376802381 2.2026121616363525 26
1718376803111 2.440307140350342 27
1718376803854 2.445709705352783 28
1718376804581 2.484894275665283 29
1718376805322 2.434696912765503 30
1718376806042 1.9544696807861328 31
1718376806741 2.2020745277404785 32
1718376807502 2.0369954109191895 33
1718376808253 2.2832040786743164 34
1718376808957 2.1367557048797607 35
1718376809658 2.309934377670288 36
1718376810415 2.312462329864502 37
1718376811141 2.2853333950042725 38
1718376811867 2.3121776580810547 39
1718376812575 2.29580020904541 40
1718376813316 2.1759133338928223 41
1718376814137 2.5976626873016357 42
1718376814834 2.5201563835144043 43
1718376815542 2.3998703956604004 44
1718376816220 2.452881336212158 45
1718376816882 2.3488335609436035 46
1718376817622 2.2472434043884277 47
1718376818592 2.361201047897339 48
1718376819290 2.4639549255371094 49
