1718400216492 0.3333333333333333 0
1718400217143 0.3333333333333333 1
1718400217777 0.3333333333333333 2
1718400218429 0.3333333333333333 3
1718400219061 0.4444444444444444 4
1718400219695 0.3333333333333333 5
1718400220345 0.4 6
1718400220962 0.3333333333333333 7
1718400221631 0.3333333333333333 8
1718400222280 0.3333333333333333 9
1718400222932 0.3333333333333333 10
1718400223581 0.3333333333333333 11
1718400224265 0.3333333333333333 12
1718400224965 0.3333333333333333 13
1718400225666 0.3333333333333333 14
1718400226334 0.3333333333333333 15
1718400227004 0.3333333333333333 16
1718400227684 0.3333333333333333 17
1718400228351 0.3333333333333333 18
1718400229019 0.4 19
1718400229669 0.48888888888888893 20
1718400230338 0.36363636363636365 21
1718400230987 0.36363636363636365 22
1718400231654 0.3333333333333333 23
1718400232304 0.4 24
1718400232939 0.3333333333333333 25
1718400233555 0.3333333333333333 26
1718400234205 0.3333333333333333 27
1718400234839 0.3333333333333333 28
1718400235456 0.6666666666666666 29
1718400236214 0.3333333333333333 30
1718400236842 0.3333333333333333 31
1718400237475 0.3333333333333333 32
1718400238108 0.3333333333333333 33
1718400238744 0.3333333333333333 34
1718400239376 0.3333333333333333 35
1718400240010 0.3333333333333333 36
1718400240730 0.3333333333333333 37
1718400241393 0.3333333333333333 38
1718400242031 0.3333333333333333 39
1718400242855 0.3333333333333333 40
1718400243646 0.3333333333333333 41
1718400244410 0.4 42
1718400245164 0.3333333333333333 43
1718400245928 0.3333333333333333 44
1718400246718 0.3333333333333333 45
1718400247440 0.3333333333333333 46
1718400248209 0.3333333333333333 47
1718400249005 0.3333333333333333 48
1718400249775 0.3333333333333333 49
