1718400216366 2.2268760204315186 0
1718400217009 2.242835521697998 1
1718400217643 2.2786002159118652 2
1718400218294 2.1494574546813965 3
1718400218929 2.2808454036712646 4
1718400219561 2.3105955123901367 5
1718400220212 2.090284824371338 6
1718400220830 2.1244659423828125 7
1718400221496 2.1651995182037354 8
1718400222147 2.3398823738098145 9
1718400222797 2.167088270187378 10
1718400223448 2.1883578300476074 11
1718400224115 2.258657455444336 12
1718400224831 2.134507417678833 13
1718400225517 2.238025665283203 14
1718400226200 2.1598143577575684 15
1718400226869 2.1766114234924316 16
1718400227535 2.1977126598358154 17
1718400228218 2.166191339492798 18
1718400228885 2.2022879123687744 19
1718400229537 2.2179362773895264 20
1718400230203 2.179701328277588 21
1718400230853 3.243565797805786 22
1718400231520 2.3092851638793945 23
1718400232171 2.6573739051818848 24
1718400232804 2.1422598361968994 25
1718400233438 2.1583428382873535 26
1718400234072 2.144310235977173 27
1718400234689 2.1646430492401123 28
1718400235341 2.144373655319214 29
1718400236074 2.2112772464752197 30
1718400236707 2.3076634407043457 31
1718400237343 2.2046844959259033 32
1718400237958 2.272714138031006 33
1718400238609 2.2003722190856934 34
1718400239244 2.167208433151245 35
1718400239876 2.1936991214752197 36
1718400240560 2.259918212890625 37
1718400241256 2.221615791320801 38
1718400241891 2.1834278106689453 39
1718400242664 2.2047247886657715 40
1718400243477 2.2346577644348145 41
1718400244240 2.228527069091797 42
1718400244997 2.14534330368042 43
1718400245772 2.214491367340088 44
1718400246555 2.1774659156799316 45
1718400247284 2.225588083267212 46
1718400248041 2.2817554473876953 47
1718400248839 2.2371985912323 48
1718400249619 2.149355173110962 49
