1718433415853 -4.386824607849121 0
1718433416566 -2.025510311126709 1
1718433417265 1.3086161613464355 2
1718433417965 2.9942665100097656 3
1718433418666 4.290316104888916 4
1718433419332 0.47696876525878906 5
1718433419998 4.227627277374268 6
1718433420669 -0.11944770812988281 7
1718433421331 4.879673004150391 8
1718433421998 4.072669982910156 9
1718433422848 3.7723236083984375 10
1718433423722 3.261260986328125 11
1718433424562 1.3196134567260742 12
1718433425402 1.1376621723175049 13
1718433426247 -5.325129508972168 14
1718433427080 -6.843348979949951 15
1718433427929 9.575732231140137 16
1718433428747 -13.471098899841309 17
1718433429580 -0.5260035991668701 18
1718433430429 -5.897943496704102 19
1718433431261 3.781464099884033 20
1718433432098 -0.23961925506591797 21
1718433432962 0.7745206356048584 22
1718433433779 7.107656478881836 23
1718433434565 3.612367630004883 24
1718433435328 1.0173425674438477 25
1718433436112 1.6105930805206299 26
1718433436911 15.417668342590332 27
1718433437682 -1.9953618049621582 28
1718433438444 11.408089637756348 29
1718433439244 5.227417469024658 30
1718433440011 -0.13138198852539062 31
1718433440811 -12.433244705200195 32
1718433441577 5.537745475769043 33
1718433442310 6.22418212890625 34
1718433443111 -3.228754997253418 35
1718433443910 16.542293548583984 36
1718433444611 13.929679870605469 37
1718433445360 -3.3936984539031982 38
1718433446088 3.1392173767089844 39
1718433446780 1.1722369194030762 40
1718433447494 -1.3258790969848633 41
1718433448209 -0.055238962173461914 42
1718433448905 -0.6511304378509521 43
1718433449593 1.401782512664795 44
1718433450305 -0.5527076721191406 45
1718433451009 0.6296710968017578 46
1718433451692 -17.393335342407227 47
1718433452393 1.4092538356781006 48
1718433453087 9.19449234008789 49
