1718404489480 -0.49669647216796875 0
1718404493819 0.20166921615600586 1
1718404498135 11.007633209228516 2
1718404502539 1.7565500736236572 3
1718404507593 4.5921244621276855 4
1718404513147 0.595494270324707 5
1718404518218 0.2966594696044922 6
1718404522971 4.167920112609863 7
1718404527391 1.1598267555236816 8
1718404531811 2.952108383178711 9
1718404536381 4.5533952713012695 10
1718404540868 5.653499603271484 11
1718404545288 4.745034217834473 12
1718404549624 1.9002323150634766 13
1718404553960 3.856579303741455 14
1718404558281 -9.139774322509766 15
1718404562801 -0.1533818244934082 16
1718404568348 -0.10207748413085938 17
1718404573747 2.5828909873962402 18
1718404578913 3.791208267211914 19
1718404583635 7.728863716125488 20
1718404587903 6.216433525085449 21
1718404592206 1.1466948986053467 22
1718404596559 -19.469451904296875 23
1718404600879 0.09197616577148438 24
1718404605266 0.7946414947509766 25
1718404609586 1.4973015785217285 26
1718404614273 0.06945991516113281 27
1718404618776 2.853510856628418 28
1718404623380 -5.909231185913086 29
1718404628683 0.0637047290802002 30
1718404633786 10.053377151489258 31
1718404638908 -0.07195687294006348 32
1718404643394 0.23895597457885742 33
1718404647681 17.744218826293945 34
1718404652134 4.769632339477539 35
1718404656955 -0.05532956123352051 36
1718404661341 -9.03915786743164 37
1718404665828 -16.262348175048828 38
1718404670131 1.1706345081329346 39
1718404674451 -0.04208540916442871 40
1718404678721 -7.162030220031738 41
1718404683358 -0.1322340965270996 42
1718404688578 0.09784698486328125 43
1718404693832 2.2013158798217773 44
1718404699069 1.6881186962127686 45
1718404703606 0.9796268939971924 46
1718404707959 -5.203232288360596 47
1718404712311 -2.019057273864746 48
1718404716616 7.505163192749023 49
