1718571163528 0.1858163826278175 0
1718571167164 0.1858163826278175 1
1718571170984 0.1858163826278175 2
1718571174670 0.1858163826278175 3
1718571178414 0.1858163826278175 4
1718571182094 0.1858163826278175 5
1718571187193 0.1858163826278175 6
1718571192127 0.1858163826278175 7
1718571197082 0.1858163826278175 8
1718571200874 0.1858163826278175 9
1718571204814 0.18379421462829737 10
1718571208472 0.1858163826278175 11
1718571212146 0.1858163826278175 12
1718571215769 0.1858163826278175 13
1718571219386 0.1858163826278175 14
1718571223132 0.1858163826278175 15
1718571226809 0.08616494672371842 16
1718571230409 0.1858163826278175 17
1718571234016 0.1858163826278175 18
1718571237794 0.1858163826278175 19
1718571241713 0.1858163826278175 20
1718571246517 0.1858163826278175 21
1718571251502 0.1858163826278175 22
1718571256538 0.1858163826278175 23
1718571260367 0.1858163826278175 24
1718571264092 0.1858163826278175 25
1718571267753 0.1858163826278175 26
1718571271542 0.1858163826278175 27
1718571275162 0.10142400568181817 28
1718571278750 0.1858163826278175 29
1718571282391 0.1858163826278175 30
1718571286053 0.1858163826278175 31
1718571289816 0.1858163826278175 32
1718571293454 0.1858163826278175 33
1718571297086 0.37019819487657357 34
1718571300782 0.1858163826278175 35
1718571305598 0.2999426709875176 36
1718571310648 0.1858163826278175 37
1718571315564 0.1858163826278175 38
1718571319759 0.1858163826278175 39
1718571323578 0.1858163826278175 40
1718571327272 0.1858163826278175 41
1718571330913 0.1858163826278175 42
1718571334720 0.23773941919707312 43
1718571338439 0.19573537452159653 44
1718571342221 0.1858163826278175 45
1718571345868 0.1858163826278175 46
1718571349568 0.1858163826278175 47
1718571353323 0.1858163826278175 48
1718571357146 0.1858163826278175 49
