1718488198418 0.6214057507987221 0
1718488198794 0.4460431654676259 1
1718488199149 0.2987220447284345 2
1718488199534 0.5575079872204473 3
1718488199927 0.5399361022364217 4
1718488200344 0.43407960199004975 5
1718488200750 0.22256410256410256 6
1718488201101 0.6929460580912863 7
1718488201472 0.5186335403726708 8
1718488201801 0.4371205550737207 9
1718488202165 0.22141119221411193 10
1718488202680 0.24508320726172467 11
1718488203152 0.6493108728943339 12
1718488203651 0.48258706467661694 13
1718488204099 0.7651757188498403 14
1718488204722 0.6549520766773163 15
1718488205265 0.7348242811501597 16
1718488205772 0.755591054313099 17
1718488206238 0.376865671641791 18
1718488206738 0.5606060606060606 19
1718488207280 0.33109619686800895 20
1718488207806 0.6208251473477406 21
1718488208290 0.5199004975124378 22
1718488208752 0.6156716417910447 23
1718488209441 0.3694029850746269 24
