1718533595285 0.10848484848484849 0
1718533595660 0.09151515151515152 1
1718533596018 0.09212121212121212 2
1718533596385 0.10787878787878788 3
1718533596754 0.08727272727272728 4
1718533597118 0.11333333333333333 5
1718533597484 0.15757575757575756 6
1718533597868 0.10787878787878788 7
1718533598234 0.09818181818181818 8
1718533598584 0.09212121212121212 9
1718533598958 0.10303030303030303 10
1718533599317 0.08727272727272728 11
1718533599667 0.09878787878787879 12
1718533600067 0.08727272727272728 13
1718533600419 0.09212121212121212 14
1718533600800 0.10848484848484849 15
1718533601287 0.09151515151515152 16
1718533601667 0.20727272727272728 17
1718533602060 0.09151515151515152 18
1718533602400 0.11333333333333333 19
1718533602749 0.10848484848484849 20
1718533603083 0.09818181818181818 21
1718533603455 0.08727272727272728 22
1718533603816 0.10848484848484849 23
1718533604216 0.09212121212121212 24
1718533604567 0.09575757575757576 25
1718533604933 0.10848484848484849 26
1718533605299 0.09818181818181818 27
1718533605663 0.09272727272727273 28
1718533606032 0.17757575757575758 29
1718533606416 0.18 30
1718533606785 0.14484848484848484 31
1718533607162 0.09212121212121212 32
1718533607516 0.08727272727272728 33
1718533607882 0.08787878787878788 34
1718533608264 0.09818181818181818 35
1718533608616 0.10848484848484849 36
1718533608982 0.09151515151515152 37
1718533609365 0.09575757575757576 38
1718533609715 0.10848484848484849 39
1718533610098 0.09212121212121212 40
1718533610453 0.1478787878787879 41
1718533610798 0.08969696969696969 42
1718533611280 0.16121212121212122 43
1718533611615 0.10848484848484849 44
1718533611981 0.09151515151515152 45
1718533612365 0.09212121212121212 46
1718533612715 0.09151515151515152 47
1718533613067 0.08727272727272728 48
1718533613443 0.09212121212121212 49
