1718546480932 nan 0
1718546481402 nan 1
1718546481814 nan 2
1718546482282 nan 3
1718546482715 nan 4
1718546483182 nan 5
1718546483651 nan 6
1718546484131 nan 7
1718546484565 nan 8
1718546485037 nan 9
1718546485481 nan 10
1718546485948 nan 11
1718546486432 nan 12
1718546486914 nan 13
1718546487364 nan 14
1718546487847 nan 15
1718546488310 nan 16
1718546488784 nan 17
1718546489264 nan 18
1718546489714 nan 19
1718546490180 nan 20
1718546490629 nan 21
1718546491063 nan 22
1718546491547 nan 23
1718546492042 nan 24
1718546492496 nan 25
1718546492946 nan 26
1718546493410 nan 27
1718546493863 nan 28
1718546494296 nan 29
1718546494779 nan 30
1718546495231 nan 31
1718546495666 nan 32
1718546496136 nan 33
1718546496579 nan 34
1718546497046 nan 35
1718546497482 nan 36
1718546497962 nan 37
1718546498429 nan 38
1718546498912 nan 39
1718546499362 nan 40
1718546499840 nan 41
1718546500282 nan 42
1718546500745 nan 43
1718546501211 nan 44
1718546501661 nan 45
1718546502161 nan 46
1718546502644 nan 47
1718546503164 nan 48
1718546503794 nan 49
