1718516658471 -0.5674140625931199 0
1718516658917 -0.24311263874323696 1
1718516659321 0.27845095022760225 2
1718516659768 0.07669719903156036 3
1718516660201 0.27306530170569143 4
1718516660668 0.07417626292617241 5
1718516661084 0.08587790298140785 6
1718516661501 0.1569129485473888 7
1718516661956 -0.19593542754048077 8
1718516662367 0.016645016894998754 9
1718516662801 0.1323456358829329 10
1718516663220 -1.7593962813065906 11
1718516663649 -1.9829008310330836 12
1718516664084 0.19893896258639954 13
1718516664517 0.14084760307864297 14
1718516664984 -0.03198030019047282 15
1718516665401 0.07096735194877324 16
1718516665860 0.17510293629835738 17
1718516666267 0.21840550040556517 18
1718516666733 0.22857677414762456 19
1718516667166 -0.004957398982963213 20
1718516667600 0.04295716020796014 21
1718516668017 0.16024977952141573 22
1718516668416 0.00644153938550307 23
1718516668899 0.057261233779316356 24
1718516669361 -0.5443462787653863 25
1718516669799 -0.06243004542007169 26
1718516670232 0.08719684459545007 27
1718516670682 0.06683701377123707 28
1718516671316 0.004509636850068333 29
1718516671735 0.03890926348239887 30
1718516672160 -0.2154793089086362 31
1718516672580 0.11299002732492047 32
1718516673018 -0.2144602183942439 33
1718516673432 0.110233429706458 34
1718516673932 0.041652365967079774 35
1718516674399 0.022070264174079313 36
1718516674862 -0.5651365089095401 37
1718516675265 0.09007441676425598 38
1718516675698 -0.04829125372247667 39
1718516676152 0.055062014245826685 40
1718516676581 -0.05100524626195613 41
1718516677048 0.11076570640910743 42
1718516677501 -0.8104955403491707 43
1718516677948 -0.4033594741564408 44
1718516678381 0.21412549917946766 45
1718516678814 -0.27736517435773855 46
1718516679267 -0.6673216590977677 47
1718516679714 -0.15090941018127024 48
1718516680114 0.28141681995456036 49
