1718573846311 0.8818181818181818 0
1718573847309 0.316 1
1718573848414 1.0 2
1718573849442 0.5265486725663717 3
1718573850575 0.4159159159159159 4
1718573851728 0.49221183800623053 5
1718573852867 0.38154613466334164 6
1718573854010 1.0 7
1718573855060 0.470404984423676 8
1718573856146 1.0 9
1718573857192 1.0 10
1718573858255 1.0 11
1718573859308 1.0 12
1718573860380 1.0 13
1718573861434 1.0 14
1718573862480 1.0 15
1718573863561 1.0 16
1718573864602 0.5907172995780591 17
1718573865677 1.0 18
1718573866744 0.655511811023622 19
1718573867836 1.0 20
1718573868925 0.55 21
1718573869973 1.0 22
1718573871033 0.5450901803607214 23
1718573872087 1.0 24
1718573873156 1.0 25
1718573874458 1.0 26
1718573875511 1.0 27
1718573876542 1.0 28
1718573877610 1.0 29
1718573878666 1.0 30
1718573879690 1.0 31
1718573880781 1.0 32
1718573881796 1.0 33
1718573883255 1.0 34
1718573884823 1.0 35
1718573886226 1.0 36
1718573888066 0.4057788944723618 37
1718573889428 1.0 38
1718573890923 0.47575757575757577 39
1718573892338 0.8242424242424242 40
1718573893740 1.0 41
1718573895140 1.0 42
1718573896541 0.8787878787878788 43
1718573898030 1.0 44
1718573899393 0.7061310782241015 45
1718573900817 1.0 46
1718573902307 1.0 47
1718573903832 1.0 48
1718573905466 1.0 49
