1718555188885 0.09151515151515152 0
1718555189288 0.10242424242424242 1
1718555189700 0.09151515151515152 2
1718555190084 0.10242424242424242 3
1718555190484 0.09151515151515152 4
1718555190888 0.10242424242424242 5
1718555191268 0.09151515151515152 6
1718555191668 0.10242424242424242 7
1718555192064 0.09151515151515152 8
1718555192462 0.10242424242424242 9
1718555192834 0.09151515151515152 10
1718555193237 0.10242424242424242 11
1718555193757 0.09151515151515152 12
1718555194134 0.10242424242424242 13
1718555194515 0.09151515151515152 14
1718555194917 0.10242424242424242 15
1718555195367 0.09151515151515152 16
1718555195767 0.10242424242424242 17
1718555196152 0.09151515151515152 18
1718555196533 0.10242424242424242 19
1718555196916 0.09151515151515152 20
1718555197333 0.1321212121212121 21
1718555197700 0.08727272727272728 22
1718555198063 0.08727272727272728 23
1718555198403 0.08727272727272728 24
1718555198766 0.08727272727272728 25
1718555199132 0.08727272727272728 26
1718555199516 0.08727272727272728 27
1718555199866 0.08727272727272728 28
1718555200266 0.08727272727272728 29
1718555200657 0.08727272727272728 30
1718555201050 0.08727272727272728 31
1718555201399 0.08727272727272728 32
1718555201766 0.08727272727272728 33
1718555202132 0.08727272727272728 34
1718555202501 0.08727272727272728 35
1718555202865 0.08727272727272728 36
1718555203215 0.08727272727272728 37
1718555203599 0.08727272727272728 38
1718555204082 0.08727272727272728 39
1718555204465 0.08727272727272728 40
1718555204815 0.08727272727272728 41
1718555205182 0.08727272727272728 42
1718555205531 0.08727272727272728 43
1718555205915 0.08727272727272728 44
1718555206281 0.08727272727272728 45
1718555206631 0.08727272727272728 46
1718555206981 0.08727272727272728 47
1718555207318 0.08727272727272728 48
1718555207681 0.08727272727272728 49
