1718494383863 0.04165314544330956 0
1718494384235 -0.24197695472023684 1
1718494384625 0.0843826604611948 2
1718494384997 0.02775230190970701 3
1718494385381 -0.0009866085919467693 4
1718494385743 -0.001401323260683096 5
1718494386236 -0.0009050586006860151 6
1718494386598 -0.000773639389962888 7
1718494386949 -1.781637018360982e-05 8
1718494387349 0.0013971473231459974 9
1718494387717 0.0020749930179482234 10
1718494388066 0.020409808014378417 11
1718494388416 -0.0014748826171411267 12
1718494388783 -0.0513088775403574 13
1718494389150 0.00042604677604884955 14
1718494389517 0.005847305962533689 15
1718494389884 -0.05152617078838917 16
1718494390251 0.01713636788454931 17
1718494390623 0.006690881469033183 18
1718494391035 0.0008546294588032133 19
1718494391452 0.004118839899698745 20
1718494391820 0.021690166357791973 21
1718494392169 0.038835662783998526 22
1718494392556 -0.1851683566064546 23
1718494392903 0.06681802778533008 24
1718494393220 0.0020216595042836794 25
1718494393537 -0.00024939667094825424 26
1718494393904 -0.0009479161464804875 27
1718494394254 -0.0009998444354897273 28
1718494394554 -0.0009565064401337864 29
1718494394874 -0.0003013394095678912 30
1718494395181 0.0014650207577329155 31
1718494395492 -9.552276495750078e-05 32
1718494395805 0.0107751578995674 33
1718494396122 -0.014342831842827142 34
1718494396455 -0.014567841183055652 35
1718494396756 -0.06402621847210499 36
1718494397073 0.03345994877092773 37
1718494397390 0.004740292375737809 38
1718494397690 -0.00165081385410204 39
1718494397993 -0.0011508284193095797 40
1718494398305 -0.0007008278008662217 41
1718494398624 -0.0006814761595292929 42
1718494398924 -0.0013350501204980603 43
1718494399240 0.00011054313544089922 44
1718494399675 0.010468808087435555 45
1718494399995 0.029576265450679706 46
1718494400296 -0.06504089543313674 47
1718494400592 0.02906387141256639 48
1718494400909 -0.015239372397914064 49
