1718387475849 0.056346744298934937 0
1718387476075 0.02726888656616211 1
1718387476311 0.06067374348640442 2
1718387476577 0.0196780264377594 3
1718387476816 0.020164668560028076 4
1718387477071 0.06415477395057678 5
1718387477310 0.04192736744880676 6
1718387477552 0.03855505585670471 7
1718387477776 0.017275631427764893 8
1718387478002 0.031406909227371216 9
1718387478233 0.020875900983810425 10
1718387478469 0.0399969220161438 11
1718387478694 0.000604093074798584 12
1718387478925 0.016743838787078857 13
1718387479159 -0.01707446575164795 14
1718387479391 0.01746755838394165 15
1718387479631 0.008725017309188843 16
1718387479859 0.021467506885528564 17
1718387480092 0.007967501878738403 18
1718387480327 0.024536937475204468 19
1718387480552 0.009488552808761597 20
1718387480780 0.029481172561645508 21
1718387481002 -0.05135750770568848 22
1718387481262 0.018403172492980957 23
1718387481501 -0.033466726541519165 24
1718387481742 0.016440868377685547 25
1718387481973 -0.05420964956283569 26
1718387482203 0.010387778282165527 27
1718387482449 -0.08495113253593445 28
1718387482680 -0.0026908516883850098 29
1718387482929 -0.0036864280700683594 30
1718387483161 0.03730979561805725 31
1718387483409 0.007897257804870605 32
1718387483649 0.0008406639099121094 33
1718387483885 -0.04339784383773804 34
1718387484119 -0.02957439422607422 35
1718387484361 -0.0651814341545105 36
1718387484598 -0.008613646030426025 37
1718387485025 0.05188024044036865 38
1718387485256 -0.003282099962234497 39
1718387485495 -0.0423147976398468 40
1718387485734 0.034413665533065796 41
1718387485970 -0.013289123773574829 42
1718387486194 -0.005882203578948975 43
1718387486437 -0.025333017110824585 44
1718387486668 0.002702057361602783 45
1718387486902 -0.02261534333229065 46
1718387487133 -0.03405141830444336 47
1718387487368 -0.05116376280784607 48
1718387487597 -0.0014458298683166504 49
