1718331088702 0.15789473684210525 0
1718331089042 0.15789473684210525 1
1718331089350 0.15789473684210525 2
1718331089643 0.15789473684210525 3
1718331089958 0.15789473684210525 4
1718331090263 0.15789473684210525 5
1718331090565 0.15789473684210525 6
1718331090870 0.15789473684210525 7
1718331091162 0.15789473684210525 8
1718331091458 0.15789473684210525 9
1718331091746 0.15789473684210525 10
1718331092042 0.15789473684210525 11
1718331092334 0.15789473684210525 12
1718331092635 0.15789473684210525 13
1718331092934 0.15789473684210525 14
1718331093227 0.15789473684210525 15
1718331093531 0.15789473684210525 16
1718331093837 0.15789473684210525 17
1718331094126 0.15789473684210525 18
1718331094418 0.15789473684210525 19
1718331094708 0.15789473684210525 20
1718331095017 0.15789473684210525 21
1718331095312 0.15789473684210525 22
1718331095609 0.15789473684210525 23
1718331095918 0.15789473684210525 24
1718331096205 0.15789473684210525 25
1718331096510 0.15789473684210525 26
1718331096808 0.15789473684210525 27
1718331097131 0.15789473684210525 28
1718331097445 0.15789473684210525 29
1718331097737 0.15789473684210525 30
1718331098043 0.15789473684210525 31
1718331098343 0.15789473684210525 32
1718331098642 0.15789473684210525 33
1718331098953 0.15789473684210525 34
1718331099250 0.15789473684210525 35
1718331099567 0.15789473684210525 36
1718331099886 0.15789473684210525 37
1718331100196 0.15789473684210525 38
1718331100497 0.15789473684210525 39
1718331100793 0.15789473684210525 40
1718331101102 0.15789473684210525 41
1718331101401 0.15789473684210525 42
1718331101703 0.15789473684210525 43
1718331102020 0.15789473684210525 44
1718331102319 0.15789473684210525 45
1718331102617 0.15789473684210525 46
1718331102924 0.15789473684210525 47
1718331103228 0.15789473684210525 48
1718331103530 0.15789473684210525 49
