1718445555753 nan 0
1718445556626 nan 1
1718445557381 nan 2
1718445558096 nan 3
1718445558813 nan 4
1718445559542 nan 5
1718445560292 nan 6
1718445561025 nan 7
1718445561793 nan 8
1718445562557 nan 9
1718445563342 nan 10
1718445564108 nan 11
1718445564876 nan 12
1718445565628 nan 13
1718445566284 nan 14
1718445566924 nan 15
1718445567577 nan 16
1718445568224 nan 17
1718445568889 nan 18
1718445569542 nan 19
1718445570240 nan 20
1718445570860 nan 21
1718445571473 nan 22
1718445572090 nan 23
1718445572706 nan 24
1718445573323 nan 25
1718445573940 nan 26
1718445574573 nan 27
1718445575189 nan 28
1718445575793 nan 29
1718445576410 nan 30
1718445577016 nan 31
1718445577639 nan 32
1718445578255 nan 33
1718445578862 nan 34
1718445579472 nan 35
1718445580071 nan 36
1718445580688 nan 37
1718445581317 nan 38
1718445581922 nan 39
1718445582521 nan 40
1718445583138 nan 41
1718445583763 nan 42
1718445584404 nan 43
1718445585071 nan 44
1718445585704 nan 45
1718445586320 nan 46
1718445586937 nan 47
1718445587573 nan 48
1718445588253 nan 49
