1718378088475 2.41422700881958 0
1718378089308 2.307227373123169 1
1718378090076 2.3132808208465576 2
1718378090744 2.3203272819519043 3
1718378091414 2.3240857124328613 4
1718378092157 2.3262343406677246 5
1718378092817 2.3268747329711914 6
1718378093467 2.3263373374938965 7
1718378094145 2.3250174522399902 8
1718378094816 2.3232510089874268 9
1718378095487 2.3212831020355225 10
1718378096154 2.319277048110962 11
1718378096814 2.3173322677612305 12
1718378097451 2.3155055046081543 13
1718378098119 2.31382417678833 14
1718378098779 2.31229829788208 15
1718378099448 2.324392795562744 16
1718378100107 2.3148326873779297 17
1718378100776 2.3072664737701416 18
1718378101416 2.2908689975738525 19
1718378102058 2.706941604614258 20
1718378102726 1.8246963024139404 21
1718378103468 1.790795922279358 22
1718378104113 1.781951904296875 23
1718378104778 1.7788960933685303 24
1718378105431 1.777590036392212 25
1718378106074 1.7769218683242798 26
1718378106761 1.7452205419540405 27
1718378107502 2.262535810470581 28
1718378108152 2.228780508041382 29
1718378108815 2.179997205734253 30
1718378109471 2.1701669692993164 31
1718378110165 2.1697468757629395 32
1718378110807 2.1700265407562256 33
1718378111447 2.170335054397583 34
1718378112111 2.170603036880493 35
1718378112764 2.1708292961120605 36
1718378113501 2.171020984649658 37
1718378114228 2.1711838245391846 38
1718378114875 2.1713244915008545 39
1718378115562 2.171447277069092 40
1718378116394 2.171555280685425 41
1718378117244 2.1716506481170654 42
1718378118169 2.171736240386963 43
1718378119010 2.1718125343322754 44
1718378119694 2.171882152557373 45
1718378120345 2.1719448566436768 46
1718378121008 2.172002077102661 47
1718378121650 2.1720540523529053 48
1718378122294 2.1721014976501465 49
