1718492545428 0.10242424242424242 0
1718492546242 0.10242424242424242 1
1718492547012 0.10242424242424242 2
1718492547810 0.10242424242424242 3
1718492548617 0.10242424242424242 4
1718492549395 0.10242424242424242 5
1718492550179 0.10242424242424242 6
1718492550998 0.10242424242424242 7
1718492551763 0.10242424242424242 8
1718492552564 0.10242424242424242 9
1718492553343 0.10242424242424242 10
1718492554098 0.10242424242424242 11
1718492554899 0.10242424242424242 12
1718492555718 0.10242424242424242 13
1718492556535 0.10242424242424242 14
1718492557300 0.10242424242424242 15
1718492558084 0.10242424242424242 16
1718492558920 0.10242424242424242 17
1718492559686 0.10242424242424242 18
1718492560490 0.10242424242424242 19
1718492561287 0.10242424242424242 20
1718492562072 0.09212121212121212 21
1718492562855 0.09151515151515152 22
1718492563639 0.10242424242424242 23
1718492564439 0.10242424242424242 24
1718492565240 0.10242424242424242 25
1718492566040 0.10303030303030303 26
1718492566857 0.10242424242424242 27
1718492567629 0.10242424242424242 28
1718492568426 0.10242424242424242 29
1718492569230 0.10242424242424242 30
1718492570010 0.09151515151515152 31
1718492570843 0.10242424242424242 32
1718492571629 0.10242424242424242 33
1718492572378 0.10242424242424242 34
1718492573265 0.10242424242424242 35
1718492574046 0.11636363636363636 36
1718492574847 0.10242424242424242 37
1718492575634 0.10242424242424242 38
1718492576398 0.10242424242424242 39
1718492577145 0.10242424242424242 40
1718492577935 0.10242424242424242 41
1718492578715 0.10242424242424242 42
1718492579487 0.10242424242424242 43
1718492580336 0.10242424242424242 44
1718492581118 0.10242424242424242 45
1718492581937 0.10242424242424242 46
1718492582918 0.10242424242424242 47
1718492583839 0.10242424242424242 48
1718492584740 0.10242424242424242 49
