1718452941573 nan 0
1718452941974 nan 1
1718452942409 nan 2
1718452942796 nan 3
1718452943206 nan 4
1718452943589 nan 5
1718452943972 nan 6
1718452944372 nan 7
1718452944769 nan 8
1718452945159 nan 9
1718452945538 nan 10
1718452945922 nan 11
1718452946304 nan 12
1718452946676 nan 13
1718452947073 nan 14
1718452947488 nan 15
1718452947842 nan 16
1718452948209 nan 17
1718452948538 nan 18
1718452948877 nan 19
1718452949209 nan 20
1718452949559 nan 21
1718452949892 nan 22
1718452950290 nan 23
1718452950655 nan 24
1718452950989 nan 25
1718452951339 nan 26
1718452951688 nan 27
1718452952057 nan 28
1718452952411 nan 29
1718452952737 nan 30
1718452953074 nan 31
1718452953411 nan 32
1718452953737 nan 33
1718452954054 nan 34
1718452954404 nan 35
1718452954735 nan 36
1718452955071 nan 37
1718452955403 nan 38
1718452955737 nan 39
1718452956087 nan 40
1718452956420 nan 41
1718452956753 nan 42
1718452957086 nan 43
1718452957418 nan 44
1718452957736 nan 45
1718452958056 nan 46
1718452958386 nan 47
1718452958719 nan 48
1718452959036 nan 49
