1718574677529 2.425452638555456 0
1718574678477 2.34947489367591 1
1718574679344 2.3381181822882757 2
1718574680060 2.3401247218803123 3
1718574680871 2.3479105984723128 4
1718574681584 2.3640416065851846 5
1718574682269 2.3437619430047496 6
1718574683142 2.299039946662055 7
1718574683900 2.3102919967086226 8
1718574684515 2.3377355425446122 9
1718574685250 2.350641930544818 10
1718574685874 2.345159508563854 11
1718574686451 2.312902644828514 12
1718574687019 2.3328566948572793 13
1718574687607 2.356281461539092 14
1718574688200 2.3090395353458546 15
1718574688782 2.3277149818561695 16
1718574689424 2.299744650169655 17
1718574690027 2.338126023610433 18
1718574690623 2.297069893942939 19
1718574691345 2.3848743350417525 20
1718574691938 2.310836151794151 21
1718574692498 2.3336524345256664 22
1718574693029 2.3048711485332913 23
1718574693575 2.305977295946192 24
1718574694090 2.299978181167885 25
1718574694683 2.3649322236025774 26
1718574695195 2.327307829150447 27
1718574695781 2.3259037644774825 28
1718574696482 2.321091572443644 29
1718574697034 2.3152031192073115 30
1718574697545 2.334651373050831 31
1718574698076 2.335144360860189 32
1718574698607 2.3219208584891424 33
1718574699131 2.325811324296174 34
1718574699650 2.3055977291531033 35
1718574700167 2.3534076787807323 36
1718574700695 2.3142196381533586 37
1718574701210 2.3126819133758545 38
1718574701733 2.318543522446244 39
1718574702250 2.319774958822462 40
1718574702764 2.290207580283836 41
1718574703283 2.3071173120428017 42
1718574703813 2.3884257210625544 43
1718574704323 2.3378796224240905 44
1718574704836 2.296808331101029 45
1718574705359 2.3044038348727756 46
1718574705870 2.313854036507783 47
1718574706380 2.2980037088747376 48
1718574706896 2.33194390491203 49
