1718413253900 -6.369503974914551 0
1718413258459 -4.203496932983398 1
1718413263222 -1.0770673751831055 2
1718413268514 0.8403234481811523 3
1718413273946 -2.6373119354248047 4
1718413279529 -0.8509516716003418 5
1718413284611 -5.567069053649902 6
1718413289313 -0.18389511108398438 7
1718413293992 -4.059179306030273 8
1718413298541 -2.132349967956543 9
1718413303174 0.14336490631103516 10
1718413307723 -4.826878547668457 11
1718413312272 8.41109561920166 12
1718413316804 -5.948239326477051 13
1718413321370 0.1723785400390625 14
1718413326619 0.8043193817138672 15
1718413332118 -1.3544044494628906 16
1718413337567 -0.37137794494628906 17
1718413342549 6.257781028747559 18
1718413347132 0.4047880172729492 19
1718413351664 -0.9411935806274414 20
1718413356279 0.754277229309082 21
1718413360862 0.7921314239501953 22
1718413365378 6.442785263061523 23
1718413370027 -0.6990089416503906 24
1718413374526 -0.9025731086730957 25
1718413379125 0.7097673416137695 26
1718413384208 10.34644889831543 27
1718413389790 -1.6634082794189453 28
1718413395256 -0.7753791809082031 29
1718413400721 0.11222267150878906 30
1718413405420 1.0269536972045898 31
1718413410035 19.496938705444336 32
1718413414619 -1.4144477844238281 33
1718413419211 1.7703828811645508 34
1718413423767 -4.340457916259766 35
1718413428416 5.064776420593262 36
1718413432948 -0.8684616088867188 37
1718413437514 -3.7927589416503906 38
1718413442096 -0.3238487243652344 39
1718413447262 4.993821144104004 40
1718413452644 7.333768367767334 41
1718413458193 2.127593994140625 42
1718413463242 -0.8401298522949219 43
1718413467758 -4.651891708374023 44
1718413472291 1.0506715774536133 45
1718413476890 -8.674564361572266 46
1718413481422 -0.28083324432373047 47
1718413486504 1.5741701126098633 48
1718413491753 2.416855812072754 49
