1718390730147 0.8507462686567164 0
1718390730438 0.8626865671641791 1
1718390730710 0.835820895522388 2
1718390730978 0.8805970149253731 3
1718390731261 0.8238805970149253 4
1718390731532 0.8388059701492537 5
1718390731807 0.8567164179104477 6
1718390732083 0.8865671641791045 7
1718390732364 0.8626865671641791 8
1718390732654 0.8507462686567164 9
1718390732907 0.844776119402985 10
1718390733160 0.8417910447761194 11
1718390733396 0.8746268656716418 12
1718390733639 0.835820895522388 13
1718390733881 0.8 14
1718390734123 0.7731343283582089 15
1718390734361 0.8656716417910447 16
1718390734776 0.8865671641791045 17
1718390735002 0.8716417910447761 18
1718390735249 0.8776119402985074 19
1718390735489 0.8746268656716418 20
1718390735721 0.8686567164179104 21
1718390735964 0.8537313432835821 22
1718390736197 0.817910447761194 23
1718390736439 0.7731343283582089 24
1718390736702 0.7910447761194029 25
1718390736952 0.8597014925373134 26
1718390737190 0.8746268656716418 27
1718390737430 0.8208955223880597 28
1718390737671 0.7970149253731343 29
1718390737910 0.8029850746268656 30
1718390738172 0.8238805970149253 31
1718390738425 0.826865671641791 32
1718390738669 0.8567164179104477 33
1718390738936 0.8656716417910447 34
1718390739184 0.8805970149253731 35
1718390739436 0.8597014925373134 36
1718390739689 0.8716417910447761 37
1718390739937 0.8656716417910447 38
1718390740187 0.844776119402985 39
1718390740432 0.8626865671641791 40
1718390740680 0.8716417910447761 41
1718390740917 0.8716417910447761 42
1718390741157 0.8686567164179104 43
1718390741397 0.8656716417910447 44
1718390741638 0.835820895522388 45
1718390741874 0.8119402985074626 46
1718390742107 0.8388059701492537 47
1718390742355 0.8208955223880597 48
1718390742602 0.8626865671641791 49
