1718377036039 0.3333333333333333 0
1718377036772 0.5714285714285714 1
1718377037452 0.0 2
1718377038141 0.0 3
1718377038820 0.0 4
1718377039496 0.0 5
1718377040157 0.0 6
1718377040920 0.0 7
1718377041619 0.0 8
1718377042316 0.0 9
1718377043007 0.0 10
1718377043713 0.0 11
1718377044452 0.0 12
1718377045147 0.3333333333333333 13
1718377045835 0.3333333333333333 14
1718377046542 0.3333333333333333 15
1718377047260 0.3333333333333333 16
1718377047988 0.3333333333333333 17
1718377048685 0.0 18
1718377049383 0.0 19
1718377050068 0.0 20
1718377050849 0.6666666666666666 21
1718377051532 0.0 22
1718377052199 0.6666666666666666 23
1718377052886 0.5 24
1718377053557 0.0 25
1718377054394 0.0 26
1718377055303 0.0 27
1718377056520 0.0 28
1718377057249 0.0 29
1718377058091 0.0 30
1718377059016 0.0 31
1718377059803 0.0 32
1718377060673 0.6666666666666666 33
1718377061391 0.0 34
1718377062116 0.0 35
1718377062807 0.5 36
1718377063469 0.0 37
1718377064233 0.0 38
1718377064911 0.0 39
1718377065593 0.0 40
1718377066260 0.0 41
1718377066934 0.0 42
1718377067608 0.8333333333333334 43
1718377068275 0.6666666666666666 44
1718377068945 0.4444444444444444 45
1718377069630 0.8333333333333334 46
1718377070297 0.0 47
1718377070981 0.0 48
1718377071736 0.0 49
