1718434364395 2.9385032653808594 0
1718434364745 1.090362787246704 1
1718434365095 -0.8291816711425781 2
1718434365429 14.884581565856934 3
1718434365777 2.8400745391845703 4
1718434366099 -14.195698738098145 5
1718434366412 -1.8986611366271973 6
1718434366749 -24.74559783935547 7
1718434367078 -0.09564065933227539 8
1718434367399 -19.89520263671875 9
1718434367732 -18.230670928955078 10
1718434368049 19.835641860961914 11
1718434368364 -16.70265769958496 12
1718434368695 -25.15754508972168 13
1718434369015 -1.8834877014160156 14
1718434369345 -9.130144119262695 15
1718434369678 -6.9332990646362305 16
1718434370011 -1.3954334259033203 17
1718434370328 -21.676315307617188 18
1718434370661 0.0005221366882324219 19
1718434370994 -22.538009643554688 20
1718434371345 -17.049924850463867 21
1718434371682 -24.200464248657227 22
1718434372015 -2.229494094848633 23
1718434372377 -26.59233856201172 24
1718434372711 -6.463344573974609 25
1718434373067 0.21020126342773438 26
1718434373412 -0.002017974853515625 27
1718434373777 0.10341906547546387 28
1718434374110 -24.10265350341797 29
1718434374465 -14.416939735412598 30
1718434374827 2.410872459411621 31
1718434375178 -0.021529436111450195 32
1718434375514 2.8365235328674316 33
1718434375860 -20.53227424621582 34
1718434376194 -1.40134596824646 35
1718434376527 -1.7516648769378662 36
1718434376878 4.29347038269043 37
1718434377194 0.04616355895996094 38
1718434377526 1.8998851776123047 39
1718434377880 -13.288552284240723 40
1718434378214 -21.923099517822266 41
1718434378543 2.461732864379883 42
1718434378895 -0.8018701076507568 43
1718434379236 -21.909683227539062 44
1718434379595 -18.631610870361328 45
1718434379959 20.918535232543945 46
1718434380293 0.03865790367126465 47
1718434380626 -18.404626846313477 48
1718434380959 -24.15635108947754 49
