1718511262375 0.2109090909090909 0
1718511262720 0.1484848484848485 1
1718511263057 0.19333333333333333 2
1718511263437 0.24242424242424243 3
1718511263807 0.24181818181818182 4
1718511264188 0.21454545454545454 5
1718511264527 0.14545454545454545 6
1718511264855 0.10848484848484849 7
1718511265205 0.09212121212121212 8
1718511265547 0.10848484848484849 9
1718511265875 0.09212121212121212 10
1718511266344 0.09151515151515152 11
1718511266691 0.10606060606060606 12
1718511267040 0.13757575757575757 13
1718511267376 0.10848484848484849 14
1718511267726 0.09212121212121212 15
1718511268061 0.10848484848484849 16
1718511268399 0.17333333333333334 17
1718511268741 0.10848484848484849 18
1718511269077 0.10303030303030303 19
1718511269410 0.10848484848484849 20
1718511269745 0.10909090909090909 21
1718511270062 0.09212121212121212 22
1718511270409 0.09151515151515152 23
1718511270758 0.10848484848484849 24
1718511271093 0.10848484848484849 25
1718511271410 0.1096969696969697 26
1718511271760 0.08727272727272728 27
1718511272093 0.17636363636363636 28
1718511272411 0.10848484848484849 29
1718511272761 0.09212121212121212 30
1718511273094 0.0903030303030303 31
1718511273428 0.11515151515151516 32
1718511273778 0.10848484848484849 33
1718511274129 0.14424242424242426 34
1718511274462 0.10848484848484849 35
1718511274796 0.09151515151515152 36
1718511275132 0.08727272727272728 37
1718511275463 0.10848484848484849 38
1718511275813 0.10242424242424242 39
1718511276163 0.09212121212121212 40
1718511276497 0.10848484848484849 41
1718511276847 0.09757575757575758 42
1718511277339 0.09151515151515152 43
1718511277648 0.1406060606060606 44
1718511277998 0.08727272727272728 45
1718511278332 0.10848484848484849 46
1718511278665 0.10848484848484849 47
1718511278983 0.12727272727272726 48
1718511279322 0.15272727272727274 49
