1718511262286 2.3941307067871094 0
1718511262653 2.1969330310821533 1
1718511262987 2.269002914428711 2
1718511263374 2.2259535789489746 3
1718511263737 2.1564788818359375 4
1718511264107 2.1086361408233643 5
1718511264441 2.1221923828125 6
1718511264796 2.4009499549865723 7
1718511265124 2.377492666244507 8
1718511265475 2.3184022903442383 9
1718511265806 2.550802230834961 10
1718511266275 3.5153634548187256 11
1718511266621 2.532841920852661 12
1718511266973 2.3351075649261475 13
1718511267310 2.2663486003875732 14
1718511267657 2.216215133666992 15
1718511267992 2.3408076763153076 16
1718511268307 2.303402900695801 17
1718511268677 2.281679153442383 18
1718511269008 2.2794275283813477 19
1718511269325 2.306124210357666 20
1718511269658 2.271106719970703 21
1718511269992 2.2071597576141357 22
1718511270342 2.321018934249878 23
1718511270678 2.2970948219299316 24
1718511271009 2.291563034057617 25
1718511271343 2.2708311080932617 26
1718511271693 2.199331045150757 27
1718511272027 2.310603141784668 28
1718511272344 2.2837090492248535 29
1718511272694 2.316624879837036 30
1718511273027 2.370323657989502 31
1718511273361 2.3070998191833496 32
1718511273711 2.298044443130493 33
1718511274062 2.2790732383728027 34
1718511274395 2.227257490158081 35
1718511274734 2.5530269145965576 36
1718511275062 3.9838922023773193 37
1718511275397 4.5867109298706055 38
1718511275746 5.4150166511535645 39
1718511276096 2.954782009124756 40
1718511276439 2.318107843399048 41
1718511276764 2.2999696731567383 42
1718511277264 2.300980806350708 43
1718511277582 2.297227621078491 44
1718511277933 2.27983021736145 45
1718511278266 2.351914167404175 46
1718511278599 2.3055849075317383 47
1718511278915 2.2999560832977295 48
1718511279249 2.304628849029541 49
