1718511262403 0.7058823529411765 0
1718511262771 0.38161993769470404 1
1718511263104 0.9637462235649547 2
1718511263491 0.6134969325153374 3
1718511263854 0.8093306288032455 4
1718511264225 0.4097222222222222 5
1718511264558 0.8108108108108109 6
1718511264905 1.0 7
1718511265238 1.0 8
1718511265575 1.0 9
1718511265906 1.0 10
1718511266394 1.0 11
1718511266723 0.5287009063444109 12
1718511267076 0.6858006042296072 13
1718511267423 1.0 14
1718511267757 1.0 15
1718511268104 1.0 16
1718511268424 0.8666666666666667 17
1718511268794 1.0 18
1718511269127 0.38031319910514544 19
1718511269442 1.0 20
1718511269778 0.5438066465256798 21
1718511270109 1.0 22
1718511270460 1.0 23
1718511270796 1.0 24
1718511271129 0.540785498489426 25
1718511271444 0.3755186721991701 26
1718511271793 0.3221476510067114 27
1718511272130 0.8818181818181818 28
1718511272461 1.0 29
1718511272794 1.0 30
1718511273144 0.4501510574018127 31
1718511273478 0.5757575757575758 32
1718511273831 1.0 33
1718511274162 0.49377593360995853 34
1718511274512 0.5424242424242425 35
1718511274842 1.0 36
1718511275181 1.0 37
1718511275496 1.0 38
1718511275846 1.0 39
1718511276212 0.5016501650165016 40
1718511276548 0.540785498489426 41
1718511276883 0.48787878787878786 42
1718511277364 1.0 43
1718511277698 0.47346938775510206 44
1718511278031 0.3221476510067114 45
1718511278368 1.0 46
1718511278699 0.5014005602240896 47
1718511279033 0.5882352941176471 48
1718511279366 0.7058823529411765 49
