1718516192943 0.16870144284128746 0
1718516193360 0.16870144284128746 1
1718516193776 0.16870144284128746 2
1718516194193 0.16870144284128746 3
1718516194615 0.16870144284128746 4
1718516195053 0.16870144284128746 5
1718516195476 0.16870144284128746 6
1718516195926 0.16870144284128746 7
1718516196342 0.16870144284128746 8
1718516196775 0.16870144284128746 9
1718516197218 0.16870144284128746 10
1718516197642 0.16870144284128746 11
1718516198059 0.16870144284128746 12
1718516198529 0.1676846196557468 13
1718516198971 0.16870144284128746 14
1718516199520 0.16870144284128746 15
1718516199958 0.16870144284128746 16
1718516200425 0.16870144284128746 17
1718516200875 0.16870144284128746 18
1718516201275 0.16870144284128746 19
1718516201725 0.1676846196557468 20
1718516202158 0.1676846196557468 21
1718516202594 0.16870144284128746 22
1718516202994 0.16870144284128746 23
1718516203441 0.16870144284128746 24
1718516203874 0.16870144284128746 25
1718516204308 0.16870144284128746 26
1718516204741 0.16870144284128746 27
1718516205141 0.16870144284128746 28
1718516205644 0.16870144284128746 29
1718516206100 0.16870144284128746 30
1718516206557 0.16870144284128746 31
1718516206974 0.16870144284128746 32
1718516207408 0.16870144284128746 33
1718516207823 0.16870144284128746 34
1718516208240 0.16870144284128746 35
1718516208689 0.16870144284128746 36
1718516209140 0.16870144284128746 37
1718516209573 0.16870144284128746 38
1718516210040 0.16870144284128746 39
1718516210440 0.16870144284128746 40
1718516210873 0.16870144284128746 41
1718516211302 0.16870144284128746 42
1718516211706 0.16870144284128746 43
1718516212156 0.16870144284128746 44
1718516212572 0.16870144284128746 45
1718516213021 0.16870144284128746 46
1718516213422 0.16870144284128746 47
1718516213822 0.16870144284128746 48
1718516214258 0.16870144284128746 49
