1718525089942 0.04643777410627786 0
1718525090312 0.09151515151515152 1
1718525090658 0.10848484848484848 2
1718525090992 0.1198108871063019 3
1718525091358 0.16654681123798995 4
1718525091692 0.22598544408692892 5
1718525092025 0.09818181818181818 6
1718525092511 0.08727272727272728 7
1718525092825 0.10848484848484848 8
1718525093175 0.07384378812950243 9
1718525093525 0.046324924108449725 10
1718525093858 0.09212121212121212 11
1718525094213 0.10848484848484848 12
1718525094577 0.2128777547663816 13
1718525094894 0.28537826688666257 14
1718525095227 0.09151515151515152 15
1718525095596 0.10848484848484848 16
1718525095941 0.09212121212121212 17
1718525096303 0.10848484848484848 18
1718525096641 0.09151515151515152 19
1718525096960 0.08727272727272728 20
1718525097297 0.09151515151515152 21
1718525097624 0.04886711619555815 22
1718525097940 0.07369553103711339 23
1718525098293 0.06599705203479429 24
1718525098607 0.10848484848484848 25
1718525098940 0.09212121212121212 26
1718525099274 0.06362643472735216 27
1718525099623 0.08727272727272728 28
1718525099957 0.10848484848484848 29
1718525100307 0.08727272727272728 30
1718525100656 0.09151515151515152 31
1718525100973 0.5849351532836115 32
1718525101460 0.16806872440232204 33
1718525101806 0.09151515151515152 34
1718525102140 0.09212121212121212 35
1718525102694 0.35642659786470016 36
1718525103289 0.43520606942664897 37
1718525103793 0.5704060606060606 38
1718525104225 0.2787146236575142 39
1718525104643 0.2538808398371687 40
1718525105076 0.09212121212121212 41
1718525105509 0.10848484848484848 42
1718525105939 0.09212121212121212 43
1718525106372 0.10848484848484848 44
1718525106839 0.09212121212121212 45
1718525107258 0.10848484848484848 46
1718525107698 0.10787878787878788 47
1718525108122 0.09151515151515152 48
1718525108538 0.09212121212121212 49
