1718586061722 0.007299701372782463 0
1718586062156 0.15244256185762817 1
1718586063025 -0.05209175384405884 2
1718586063939 0.08794707511410571 3
1718586064828 -0.07302918127088831 4
1718586065558 -0.2729050688671344 5
1718586066242 -0.16995643485676148 6
1718586066908 0.035918893236102534 7
1718586067677 0.0778420811349696 8
1718586068304 -0.11885576446851087 9
1718586068944 -0.09907977599086193 10
1718586069576 0.1294481293721632 11
1718586070226 -0.07282413226185414 12
1718586070860 -0.03745824640447437 13
1718586071505 -0.07542353597554285 14
1718586072157 -0.14791743592782458 15
1718586072821 -0.03235877824552125 16
1718586073471 0.04000484311219421 17
1718586074121 -0.15935355695811193 18
1718586074767 -0.06083703221696801 19
1718586075410 -0.21001658024209924 20
1718586076054 0.028707836613510507 21
1718586076690 0.04858526768106408 22
1718586077339 0.2068279213977583 23
1718586078007 -0.09792235403349903 24
1718586078621 -0.0179335628495072 25
1718586079393 0.0006787795009035591 26
1718586080043 -0.007943341226288814 27
1718586080652 -0.22895862116958154 28
1718586081327 -0.018444283442063725 29
1718586082024 0.04026858824672119 30
1718586082653 -0.10434838993982831 31
1718586083303 -0.22272400241909596 32
1718586083938 0.06994605425632372 33
1718586084564 0.04732078675067786 34
1718586085239 -0.1981495492386096 35
1718586085852 -0.2380020735841808 36
1718586086502 0.2040467424826189 37
1718586087150 -0.2091340675498501 38
1718586087788 -0.08467539151509595 39
1718586088252 0.08887983632810181 40
1718586088723 0.09048795609763172 41
1718586089189 -0.16351159865205944 42
1718586089654 -0.27757284406459704 43
1718586090135 0.06764431342934119 44
1718586090684 -0.09156793446251843 45
1718586091151 0.13293413592107362 46
1718586091621 0.0498371783531073 47
1718586092115 -0.034717655543125 48
1718586092608 -0.17940632953788294 49
