1718520395116 10.159493889953204 0
1718520399863 -3.822619532874354 1
1718520404447 -4.027084807383655 2
1718520409113 4.1128761236042966 3
1718520413688 -0.11495978210386149 4
1718520418331 8.65846115086752 5
1718520423264 0.5042846950475077 6
1718520428376 3.418305986874074 7
1718520433375 -20.107498556218054 8
1718520438260 -6.844982546027673 9
1718520442840 3.020053086650311 10
1718520447391 6.6451150913794805 11
1718520451938 -2.6621161446566166 12
1718520456520 -8.076314915718791 13
1718520461073 8.934640085980746 14
1718520465755 -4.949453831585961 15
1718520470301 -20.451939453142465 16
1718520474956 -4.326856735867695 17
1718520479683 -27.11358263806398 18
1718520484668 -2.4289866926738846 19
1718520489981 -6.432692104161294 20
1718520495213 2.7395467223297008 21
1718520499962 7.1653219680905735 22
1718520504528 9.921732479652905 23
1718520509277 -15.097630498780603 24
1718520513859 -7.45056913421068 25
1718520518413 -11.583865451254312 26
1718520522974 2.112703375015105 27
1718520527607 -18.192653626038492 28
1718520532225 10.376717333145535 29
1718520536758 -7.515347771650017 30
1718520541554 10.608496808293662 31
1718520547236 6.9377592523229605 32
1718520552572 -15.61741854967771 33
1718520557653 8.963268786623967 34
1718520562283 11.299811508517967 35
1718520566936 2.968998092187803 36
1718520572442 10.116307995167507 37
1718520577263 -16.212435704938773 38
1718520581783 3.7170606259513477 39
1718520586445 10.627142809249381 40
1718520591077 -2.8473967957368576 41
1718520595710 2.1455348743990914 42
1718520600259 3.392748024845286 43
1718520605291 10.116574095232899 44
1718520610572 -1.7589209277332962 45
1718520615806 10.252652209140628 46
1718520620538 -8.830355501956378 47
1718520625054 -2.002117226577017 48
1718520629870 -10.469263414614353 49
