1718355994571 -0.14490222930908203 0
1718355996919 -0.14377737045288086 1
1718355999433 -0.14377546310424805 2
1718356001858 -1.2226109504699707 3
1718356004275 2.4438881874084473 4
1718356006703 0.9813003540039062 5
1718356009072 -0.2962336540222168 6
1718356011584 -0.30922651290893555 7
1718356013734 -0.4665203094482422 8
1718356016177 -0.5226345062255859 9
1718356018485 -0.5432620048522949 10
1718356020711 -0.5513596534729004 11
1718356023374 -0.5550689697265625 12
1718356025947 -0.5571026802062988 13
1718356028444 -0.5584096908569336 14
1718356030797 -0.5593090057373047 15
1718356033356 -0.5599737167358398 16
1718356035752 -0.5604901313781738 17
1718356038167 -0.5608735084533691 18
1718356040603 -0.5611653327941895 19
1718356042928 -0.5613975524902344 20
1718356045408 -0.5615792274475098 21
1718356047596 -0.5617189407348633 22
1718356050119 -0.5618257522583008 23
1718356052429 -0.5618953704833984 24
1718356054764 -0.5619454383850098 25
1718356057318 -0.5619850158691406 26
1718356059697 -0.5620031356811523 27
1718356062221 -0.5620021820068359 28
1718356064579 -0.5619907379150391 29
1718356067163 -0.5619668960571289 30
1718356069530 -0.5619220733642578 31
1718356072034 -0.5618748664855957 32
1718356074379 -0.5618166923522949 33
1718356076723 -1.1150870323181152 34
1718356079255 0.07658767700195312 35
1718356081461 0.2472367286682129 36
1718356084341 0.28971004486083984 37
1718356086835 0.30933094024658203 38
1718356089359 0.3203749656677246 39
1718356091672 0.32665109634399414 40
1718356094060 0.33020830154418945 41
1718356096493 0.33222198486328125 42
1718356098835 0.3333396911621094 43
1718356101299 0.33395957946777344 44
1718356103661 0.33430004119873047 45
1718356106145 0.33447885513305664 46
1718356108475 0.3345799446105957 47
1718356110981 0.3346428871154785 48
1718356113361 0.33468198776245117 49
