1718522015014 0.25334815689467655 0
1718522019633 0.09808944606827828 1
1718522024232 0.1858163826278175 2
1718522028748 0.1858163826278175 3
1718522033310 0.1858163826278175 4
1718522037976 0.246710847261008 5
1718522042807 0.1858163826278175 6
1718522048124 0.1858163826278175 7
1718522053308 0.1858163826278175 8
1718522058272 0.1858163826278175 9
1718522062756 0.1858163826278175 10
1718522067348 0.1858163826278175 11
1718522072072 0.1858163826278175 12
1718522076652 0.1858163826278175 13
1718522081467 0.1858163826278175 14
1718522086067 0.1858163826278175 15
1718522090715 0.09179465162721412 16
1718522095381 0.1858163826278175 17
1718522100214 0.1858163826278175 18
1718522105313 0.1858163826278175 19
1718522110595 0.1858163826278175 20
1718522115744 0.1858163826278175 21
1718522120493 0.1858163826278175 22
1718522125125 0.07997230875735549 23
1718522129709 0.1858163826278175 24
1718522134274 0.1858163826278175 25
1718522138906 0.1858163826278175 26
1718522143555 0.1858163826278175 27
1718522148087 0.1858163826278175 28
1718522152704 0.1858163826278175 29
1718522157422 0.1858163826278175 30
1718522162135 0.1858163826278175 31
1718522167554 0.1858163826278175 32
1718522172699 0.1858163826278175 33
1718522177698 0.1858163826278175 34
1718522182461 0.1858163826278175 35
1718522187080 0.1858163826278175 36
1718522191796 0.1858163826278175 37
1718522196395 0.1858163826278175 38
1718522201011 0.1858163826278175 39
1718522205560 0.1858163826278175 40
1718522210213 0.1858163826278175 41
1718522214841 0.1858163826278175 42
1718522219410 0.16870144284128746 43
1718522224398 0.1858163826278175 44
1718522229925 0.1858163826278175 45
1718522235004 0.05395453341794922 46
1718522239790 0.1858163826278175 47
1718522244452 0.1858163826278175 48
1718522249118 0.08916005407185888 49
