1718393148250 0.14035087719298245 0
1718393148605 0.22333333333333333 1
1718393148984 0.17948717948717946 2
1718393149357 0.23956043956043957 3
1718393149714 0.2493894993894994 4
1718393150097 0.27099182868413635 5
1718393150453 0.22077922077922077 6
1718393150816 0.14285714285714285 7
1718393151203 0.0708502024291498 8
1718393151662 0.11904761904761904 9
1718393152154 0.1747835497835498 10
1718393152629 0.1747835497835498 11
1718393153059 0.2704686617730096 12
1718393153474 0.33186813186813185 13
1718393153847 0.33186813186813185 14
1718393154237 0.33186813186813185 15
1718393154618 0.33186813186813185 16
1718393155027 0.33186813186813185 17
1718393155418 0.33186813186813185 18
1718393155828 0.33186813186813185 19
1718393156271 0.33186813186813185 20
1718393156765 0.33186813186813185 21
1718393157211 0.33186813186813185 22
1718393157602 0.33186813186813185 23
1718393158043 0.33186813186813185 24
1718393158472 0.33186813186813185 25
1718393158859 0.33186813186813185 26
1718393159264 0.33186813186813185 27
1718393159660 0.33186813186813185 28
1718393160090 0.33186813186813185 29
1718393160483 0.33186813186813185 30
1718393160965 0.33186813186813185 31
1718393161426 0.292063492063492 32
1718393162035 0.33163265306122447 33
1718393162734 0.2815126050420168 34
1718393163294 0.19999999999999998 35
1718393163804 0.19999999999999998 36
1718393164326 0.3261904761904762 37
1718393164849 0.31349206349206354 38
1718393165398 0.13333333333333333 39
1718393165917 0.16176470588235295 40
1718393166404 0.16666666666666666 41
1718393166846 0.15156695156695157 42
1718393167302 0.13333333333333333 43
1718393167734 0.1111111111111111 44
1718393168220 0.12121212121212122 45
1718393168635 0.12121212121212122 46
1718393169192 0.12121212121212122 47
1718393169673 0.12121212121212122 48
1718393170117 0.12121212121212122 49
