1718371712012 0.2 0
1718371712634 0.2 1
1718371713230 0.4 2
1718371713831 0.0 3
1718371714427 0.0 4
1718371715023 0.0 5
1718371715619 0.2 6
1718371716199 0.2 7
1718371716804 0.0 8
1718371717449 0.0 9
1718371718092 0.0 10
1718371718720 0.2 11
1718371719341 0.2 12
1718371719968 0.0 13
1718371720610 0.2 14
1718371721225 0.2 15
1718371721876 0.2 16
1718371722600 0.0 17
1718371723229 0.2 18
1718371723847 0.0 19
1718371724461 0.0 20
1718371725064 0.4 21
1718371725684 0.0 22
1718371726288 0.2 23
1718371726910 0.2 24
1718371727522 0.4 25
1718371728151 0.2 26
1718371728747 0.0 27
1718371729343 0.2 28
1718371729970 0.2 29
1718371730601 0.0 30
1718371731245 0.2 31
1718371731883 0.2 32
1718371732510 0.2 33
1718371733153 0.2 34
1718371733780 0.2 35
1718371734414 0.2 36
1718371735042 0.2 37
1718371735669 0.0 38
1718371736312 0.0 39
1718371736939 0.4 40
1718371737558 0.2 41
1718371738201 0.0 42
1718371738828 0.2 43
1718371739456 0.2 44
1718371740115 0.2 45
1718371740744 0.2 46
1718371741369 0.0 47
1718371742012 0.0 48
1718371742817 0.0 49
