1717604326192 0.10242424242424242 0
1717604327148 0.10242424242424242 1
1717604328036 0.10242424242424242 2
1717604328914 0.10242424242424242 3
1717604329802 0.10242424242424242 4
1717604330696 0.10303030303030303 5
1717604331598 0.10242424242424242 6
1717604332506 0.09212121212121212 7
1717604333498 0.10303030303030303 8
1717604334498 0.10242424242424242 9
1717604335407 0.10242424242424242 10
1717604336340 0.10242424242424242 11
1717604337257 0.10242424242424242 12
1717604338224 0.10303030303030303 13
1717604339140 0.10242424242424242 14
1717604340073 0.10242424242424242 15
1717604340978 0.10242424242424242 16
1717604341888 0.10242424242424242 17
1717604342801 0.10242424242424242 18
1717604343691 0.10242424242424242 19
1717604344554 0.10242424242424242 20
1717604345463 0.10242424242424242 21
1717604346357 0.10242424242424242 22
1717604347250 0.10303030303030303 23
1717604348144 0.10242424242424242 24
1717604349038 0.10303030303030303 25
1717604349920 0.10242424242424242 26
1717604350915 0.10242424242424242 27
1717604351786 0.10303030303030303 28
1717604352664 0.10242424242424242 29
1717604353589 0.10242424242424242 30
1717604354483 0.09212121212121212 31
1717604355376 0.10242424242424242 32
1717604356270 0.09212121212121212 33
1717604357206 0.09212121212121212 34
1717604358147 0.10303030303030303 35
1717604359041 0.10242424242424242 36
1717604359935 0.10242424242424242 37
1717604360813 0.10242424242424242 38
1717604361691 0.10303030303030303 39
1717604362569 0.10242424242424242 40
1717604363546 0.10242424242424242 41
1717604364550 0.09212121212121212 42
1717604365444 0.10242424242424242 43
1717604366337 0.09212121212121212 44
1717604367215 0.10242424242424242 45
1717604368109 0.10242424242424242 46
1717604368987 0.10242424242424242 47
1717604369885 0.10303030303030303 48
1717604370790 0.09212121212121212 49
1717604371684 0.09212121212121212 50
1717604372562 0.10242424242424242 51
1717604373456 0.10242424242424242 52
1717604374430 0.09212121212121212 53
1717604375338 0.10242424242424242 54
1717604376231 0.10242424242424242 55
1717604377141 0.09212121212121212 56
1717604378050 0.10242424242424242 57
1717604378944 0.10242424242424242 58
1717604379837 0.10242424242424242 59
1717604380732 0.10242424242424242 60
1717604381641 0.10242424242424242 61
1717604382535 0.10303030303030303 62
1717604383444 0.09212121212121212 63
1717604384338 0.09212121212121212 64
1717604385231 0.10242424242424242 65
1717604386125 0.09212121212121212 66
1717604387019 0.10242424242424242 67
1717604387913 0.10303030303030303 68
1717604388791 0.10242424242424242 69
1717604389669 0.10242424242424242 70
1717604390555 0.10242424242424242 71
1717604391464 0.10303030303030303 72
1717604392358 0.10242424242424242 73
1717604393268 0.10242424242424242 74
1717604394161 0.09212121212121212 75
1717604395055 0.10242424242424242 76
1717604395933 0.10242424242424242 77
1717604396811 0.10303030303030303 78
1717604397689 0.10242424242424242 79
1717604398567 0.10303030303030303 80
1717604399461 0.10242424242424242 81
1717604400370 0.10303030303030303 82
1717604401248 0.10242424242424242 83
1717604402127 0.10242424242424242 84
1717604403020 0.10303030303030303 85
1717604403914 0.10242424242424242 86
1717604404808 0.10303030303030303 87
1717604405686 0.10242424242424242 88
1717604406580 0.09212121212121212 89
1717604407457 0.10242424242424242 90
1717604408367 0.10242424242424242 91
1717604409245 0.10242424242424242 92
1717604410125 0.09212121212121212 93
1717604411019 0.10242424242424242 94
1717604411897 0.10242424242424242 95
1717604412791 0.10242424242424242 96
1717604413795 0.10242424242424242 97
1717604414672 0.10242424242424242 98
1717604415567 0.10242424242424242 99
1717604416460 0.10303030303030303 100
1717604417354 0.10242424242424242 101
1717604418248 0.10242424242424242 102
1717604419142 0.10242424242424242 103
1717604420035 0.10242424242424242 104
1717604420913 0.10242424242424242 105
1717604421791 0.10242424242424242 106
1717604422701 0.10303030303030303 107
1717604423594 0.10242424242424242 108
1717604424504 0.10303030303030303 109
1717604425397 0.09212121212121212 110
1717604426276 0.10242424242424242 111
1717604427154 0.10242424242424242 112
1717604428048 0.10242424242424242 113
1717604428925 0.10242424242424242 114
1717604429788 0.10242424242424242 115
1717604430686 0.10242424242424242 116
1717604431580 0.10242424242424242 117
1717604432489 0.10242424242424242 118
1717604433367 0.10242424242424242 119
1717604434308 0.10242424242424242 120
1717604435201 0.10242424242424242 121
1717604436079 0.10242424242424242 122
1717604436963 0.10242424242424242 123
1717604437850 0.09212121212121212 124
1717604438728 0.10242424242424242 125
1717604439622 0.10242424242424242 126
1717604440516 0.10242424242424242 127
1717604441394 0.10242424242424242 128
1717604442288 0.10242424242424242 129
1717604443174 0.10242424242424242 130
1717604444044 0.10242424242424242 131
1717604444906 0.09212121212121212 132
1717604445800 0.10242424242424242 133
1717604446680 0.10303030303030303 134
1717604447581 0.10242424242424242 135
1717604448465 0.10242424242424242 136
1717604449359 0.10242424242424242 137
1717604450222 0.10242424242424242 138
1717604451116 0.10242424242424242 139
1717604452009 0.09212121212121212 140
1717604452872 0.09212121212121212 141
1717604453765 0.10242424242424242 142
1717604454643 0.10242424242424242 143
1717604455553 0.10242424242424242 144
1717604456447 0.09212121212121212 145
1717604457340 0.09212121212121212 146
1717604458234 0.10242424242424242 147
1717604459112 0.10242424242424242 148
1717604460006 0.10242424242424242 149
1717604460905 0.10242424242424242 150
1717604461793 0.10242424242424242 151
1717604462687 0.10242424242424242 152
1717604463581 0.10242424242424242 153
1717604464490 0.10242424242424242 154
1717604465384 0.09212121212121212 155
1717604466308 0.10242424242424242 156
1717604467202 0.09212121212121212 157
1717604468096 0.10242424242424242 158
1717604468974 0.09212121212121212 159
1717604469852 0.10242424242424242 160
1717604470847 0.10242424242424242 161
1717604471741 0.10242424242424242 162
1717604472634 0.10242424242424242 163
1717604473512 0.10303030303030303 164
1717604474412 0.10242424242424242 165
1717604475306 0.10242424242424242 166
1717604476184 0.10242424242424242 167
1717604477078 0.10242424242424242 168
1717604477956 0.10242424242424242 169
1717604478850 0.10242424242424242 170
1717604479759 0.10242424242424242 171
1717604480669 0.10242424242424242 172
1717604481563 0.09212121212121212 173
1717604482456 0.10242424242424242 174
1717604483350 0.10242424242424242 175
1717604484245 0.09212121212121212 176
1717604485137 0.09212121212121212 177
1717604486015 0.09212121212121212 178
1717604486909 0.10303030303030303 179
1717604487817 0.10242424242424242 180
1717604488711 0.10242424242424242 181
1717604489589 0.10242424242424242 182
1717604490467 0.10242424242424242 183
1717604491369 0.10242424242424242 184
1717604492235 0.10242424242424242 185
1717604493129 0.10303030303030303 186
1717604494070 0.10242424242424242 187
1717604494970 0.09212121212121212 188
1717604495864 0.10242424242424242 189
1717604496766 0.10242424242424242 190
1717604497636 0.10242424242424242 191
1717604498530 0.10303030303030303 192
1717604499408 0.10242424242424242 193
1717604500302 0.10242424242424242 194
1717604501180 0.10242424242424242 195
1717604502058 0.10242424242424242 196
1717604502952 0.10242424242424242 197
1717604503829 0.10242424242424242 198
1717604504723 0.09212121212121212 199
