1718493605115 0.10848484848484849 0
1718493605598 0.10848484848484849 1
1718493606066 0.12787878787878787 2
1718493606550 0.10848484848484849 3
1718493607050 0.23939393939393938 4
1718493607550 0.09151515151515152 5
1718493608038 0.10848484848484849 6
1718493608535 0.09151515151515152 7
1718493609002 0.13515151515151516 8
1718493609490 0.09151515151515152 9
1718493609969 0.10848484848484849 10
1718493610453 0.10242424242424242 11
1718493610908 0.09212121212121212 12
1718493611388 0.09696969696969697 13
1718493611887 0.10848484848484849 14
1718493612338 0.09333333333333334 15
1718493612838 0.09151515151515152 16
1718493613322 0.1709090909090909 17
1718493613755 0.15757575757575756 18
1718493614205 0.09151515151515152 19
1718493614627 0.09696969696969697 20
1718493615023 0.09212121212121212 21
1718493615457 0.09212121212121212 22
1718493615895 0.09151515151515152 23
1718493616312 0.09151515151515152 24
1718493616745 0.10848484848484849 25
1718493617158 0.10848484848484849 26
1718493617558 0.10848484848484849 27
1718493617975 0.10848484848484849 28
1718493618409 0.09212121212121212 29
1718493618826 0.16363636363636364 30
1718493619243 0.10242424242424242 31
1718493619676 0.10848484848484849 32
1718493620083 0.09151515151515152 33
1718493620514 0.09151515151515152 34
1718493620961 0.09212121212121212 35
1718493621383 0.10848484848484849 36
1718493621828 0.09151515151515152 37
1718493622228 0.10848484848484849 38
1718493622667 0.10848484848484849 39
1718493623095 0.09151515151515152 40
1718493623518 0.09151515151515152 41
1718493623962 0.09212121212121212 42
1718493624369 0.10848484848484849 43
1718493624781 0.09151515151515152 44
1718493625199 0.17212121212121212 45
1718493625614 0.11818181818181818 46
1718493626015 0.18727272727272729 47
1718493626448 0.09272727272727273 48
1718493626902 0.10181818181818182 49
