1718493605141 0.10848484848484848 0
1718493605616 0.10848484848484848 1
1718493606085 0.21304585041978277 2
1718493606586 0.10848484848484848 3
1718493607067 0.35130925839275523 4
1718493607567 0.09151515151515152 5
1718493608051 0.10848484848484848 6
1718493608551 0.09151515151515152 7
1718493609033 0.17375256895950966 8
1718493609523 0.09151515151515152 9
1718493609990 0.10848484848484848 10
1718493610475 0.10242424242424242 11
1718493610936 0.09212121212121212 12
1718493611420 0.033249962495419526 13
1718493611904 0.10848484848484848 14
1718493612354 0.5701539485225176 15
1718493612871 0.09151515151515152 16
1718493613358 0.5677652390460592 17
1718493613789 0.21846854544960476 18
1718493614222 0.09151515151515152 19
1718493614639 0.20172957533550603 20
1718493615056 0.09212121212121212 21
1718493615477 0.09212121212121212 22
1718493615924 0.09151515151515152 23
1718493616324 0.09151515151515152 24
1718493616757 0.10848484848484848 25
1718493617179 0.10848484848484848 26
1718493617575 0.10848484848484848 27
1718493617996 0.10848484848484848 28
1718493618428 0.09212121212121212 29
1718493618842 0.24799158249158249 30
1718493619260 0.10242424242424242 31
1718493619695 0.06910600668607786 32
1718493620095 0.09151515151515152 33
1718493620527 0.04563421775773696 34
1718493620977 0.09212121212121212 35
1718493621396 0.05913150998412874 36
1718493621845 0.09151515151515152 37
1718493622250 0.10848484848484848 38
1718493622678 0.10848484848484848 39
1718493623113 0.09151515151515152 40
1718493623529 0.09151515151515152 41
1718493623983 0.09212121212121212 42
1718493624380 0.06015733543614585 43
1718493624802 0.09151515151515152 44
1718493625228 0.33585710658062357 45
1718493625640 0.11062038390976235 46
1718493626048 0.42498014398936623 47
1718493626483 0.5843501765225066 48
1718493626919 0.06814530903095883 49
