1718586015065 -0.3511967379035372 0
1718586015735 0.24432650660023536 1
1718586016400 0.059767035823879766 2
1718586017084 -0.10451188502889686 3
1718586017734 -0.1686516936981317 4
1718586018449 0.13747364372918103 5
1718586019097 -0.17820058808182226 6
1718586019775 0.2473597571705327 7
1718586020450 0.013891432321432862 8
1718586021115 -0.037629889719413945 9
1718586021800 -0.10901682846473926 10
1718586022516 -0.10448661807811621 11
1718586023173 -0.3633794965166035 12
1718586023833 -0.25331590211752686 13
1718586024632 -0.4059476220246516 14
1718586025316 0.033873769369992424 15
1718586025931 0.48982893336902955 16
1718586026617 0.33353111418810766 17
1718586027291 -0.04130058306636242 18
1718586027832 -0.28368720863804664 19
1718586028310 0.24680177912567602 20
1718586028795 0.08225930820811878 21
1718586029282 -0.1592443576364806 22
1718586029747 -0.17895771066347765 23
1718586030212 0.14043187553232372 24
1718586030697 -0.25293483336766553 25
1718586031148 0.19090481147621619 26
1718586031636 -0.04193849003676209 27
1718586032096 -0.03521585735407751 28
1718586032564 0.05698476144761755 29
1718586033041 -0.21818504369620118 30
1718586033533 -0.11833879170995765 31
1718586033981 0.07689978227470862 32
1718586034417 0.20869795120123658 33
1718586034814 0.057510984666419795 34
1718586035202 -0.02122567910136597 35
1718586035594 -0.029286477601889405 36
1718586035983 -0.2136471759189258 37
1718586036380 0.06153888323090295 38
1718586036787 0.06449800820061657 39
1718586037183 0.0368264579411709 40
1718586037595 -0.0276374401468219 41
1718586037982 -0.153581238154209 42
1718586038378 -0.20881309202223108 43
1718586038866 -0.1673876236785541 44
1718586039250 -0.15645401224945532 45
1718586039664 0.0867440059329525 46
1718586040046 -0.16520506053259876 47
1718586040447 -0.31723591053124633 48
1718586040832 0.0857935818758877 49
