1718586015303 0.5621980789898136 0
1718586015984 0.5591995447392173 1
1718586016650 0.7612935258069216 2
1718586017343 0.6837446106971348 3
1718586017971 0.608758865112378 4
1718586018682 0.7147219131539246 5
1718586019355 0.6052829521428041 6
1718586020017 0.7850017476412824 7
1718586020699 0.7712130193841743 8
1718586021388 0.8005399791764732 9
1718586022033 0.7140852378451128 10
1718586022750 0.6730027607874101 11
1718586023412 0.5178685052485597 12
1718586024085 0.6121778269059046 13
1718586024880 0.20869897415376384 14
1718586025553 0.2994618356848809 15
1718586026179 0.5606638253105865 16
1718586026869 0.7421210453624335 17
1718586027501 0.6093374441383698 18
1718586027997 0.49726806338041424 19
1718586028465 0.5745225059442788 20
1718586028946 0.7742763866936715 21
1718586029433 0.6179401425248021 22
1718586029881 0.5988597257926125 23
1718586030365 0.6403559569945424 24
1718586030846 0.5753276367189796 25
1718586031321 0.6475222023736288 26
1718586031789 0.6259024930823495 27
1718586032249 0.5751662243048581 28
1718586032717 0.6426016124871319 29
1718586033197 0.5360452064084702 30
1718586033683 0.5509149846245706 31
1718586034131 0.5208285353794276 32
1718586034551 0.6734660112898583 33
1718586034927 0.7534583777163997 34
1718586035329 0.7271307510460521 35
1718586035717 0.7777149548749696 36
1718586036113 0.5951725548809771 37
1718586036498 0.6952210992686032 38
1718586036893 0.736584376919606 39
1718586037318 0.7982281374189706 40
1718586037715 0.8072790882364588 41
1718586038112 0.7100093439989403 42
1718586038494 0.5765965747316589 43
1718586038995 0.5352799745827441 44
1718586039386 0.529561139577636 45
1718586039786 0.6931684889454339 46
1718586040183 0.5156824125789576 47
1718586040569 0.46098829743089714 48
1718586040957 0.47085906510257347 49
