1718586014918 0.9931493997573853 0
1718586015568 1.3426809310913086 1
1718586016236 1.0383714437484741 2
1718586016920 0.9519586563110352 3
1718586017586 1.0189939737319946 4
1718586018289 1.1632544994354248 5
1718586018932 0.994140088558197 6
1718586019617 1.1451308727264404 7
1718586020285 0.8617905378341675 8
1718586020970 0.7962148189544678 9
1718586021633 0.8021514415740967 10
1718586022320 0.8510690927505493 11
1718586022997 0.9262500405311584 12
1718586023677 1.269612431526184 13
1718586024483 1.536682367324829 14
1718586025161 1.9137026071548462 15
1718586025809 1.880044937133789 16
1718586026448 1.408400535583496 17
1718586027113 1.0619933605194092 18
1718586027751 1.0602624416351318 19
1718586028196 1.3622963428497314 20
1718586028696 1.0392814874649048 21
1718586029182 0.9381453394889832 22
1718586029647 1.032419204711914 23
1718586030101 1.2268180847167969 24
1718586030600 1.039088249206543 25
1718586031061 1.2841157913208008 26
1718586031541 1.067789077758789 27
1718586031997 1.0735150575637817 28
1718586032461 1.106583595275879 29
1718586032941 1.03480064868927 30
1718586033427 1.2147979736328125 31
1718586033900 1.3563895225524902 32
1718586034348 1.22313392162323 33
1718586034744 0.9659295678138733 34
1718586035117 0.8879461288452148 35
1718586035519 0.8624731302261353 36
1718586035914 0.8822214603424072 37
1718586036298 1.0273500680923462 38
1718586036713 0.9638725519180298 39
1718586037113 0.8371866941452026 40
1718586037512 0.7540621161460876 41
1718586037895 0.7500683069229126 42
1718586038298 0.8502737283706665 43
1718586038798 1.073972463607788 44
1718586039185 1.2295588254928589 45
1718586039586 1.325527310371399 46
1718586039976 1.2062498331069946 47
1718586040363 1.391755223274231 48
1718586040749 1.6692246198654175 49
