1718532655837 0.09151515151515152 0
1718532656338 0.09151515151515152 1
1718532656839 0.10303030303030303 2
1718532657321 0.09151515151515152 3
1718532657805 0.10303030303030303 4
1718532658287 0.09151515151515152 5
1718532658771 0.09151515151515152 6
1718532659285 0.09151515151515152 7
1718532659754 0.09151515151515152 8
1718532660268 0.09151515151515152 9
1718532660753 0.09151515151515152 10
1718532661237 0.09151515151515152 11
1718532661722 0.10303030303030303 12
1718532662185 0.10242424242424242 13
1718532662888 0.09151515151515152 14
1718532663537 0.09151515151515152 15
1718532664127 0.09151515151515152 16
1718532664718 0.09151515151515152 17
1718532665268 0.09151515151515152 18
1718532665863 0.09151515151515152 19
1718532666427 0.09151515151515152 20
1718532666984 0.09151515151515152 21
1718532667534 0.09151515151515152 22
1718532668116 0.09151515151515152 23
1718532668686 0.09151515151515152 24
1718532669252 0.09151515151515152 25
1718532669856 0.09151515151515152 26
1718532670400 0.09212121212121212 27
1718532670967 0.09151515151515152 28
1718532671533 0.09151515151515152 29
1718532672066 0.09151515151515152 30
1718532672666 0.09151515151515152 31
1718532673216 0.09151515151515152 32
1718532673766 0.09151515151515152 33
1718532674355 0.09151515151515152 34
1718532674866 0.09151515151515152 35
1718532675456 0.09151515151515152 36
1718532676016 0.09151515151515152 37
1718532676582 0.09151515151515152 38
1718532677102 0.09151515151515152 39
1718532677636 0.09151515151515152 40
1718532678183 0.09212121212121212 41
1718532678661 0.09151515151515152 42
1718532679165 0.09151515151515152 43
1718532679658 0.09151515151515152 44
1718532680115 0.09151515151515152 45
1718532680581 0.09151515151515152 46
1718532681098 0.09151515151515152 47
1718532681548 0.09151515151515152 48
1718532682045 0.10242424242424242 49
