1718413990389 0.0 0
1718413996054 0.0 1
1718414001553 0.0 2
1718414006202 0.0 3
1718414010835 0.0 4
1718414015534 0.0 5
1718414020333 0.0 6
1718414025115 0.0 7
1718414029814 0.0 8
1718414034430 0.0 9
1718414039096 0.0 10
1718414044228 0.0 11
1718414049827 0.0 12
1718414055309 0.0 13
1718414060840 0.0 14
1718414065740 0.0 15
1718414070473 0.0 16
1718414075255 0.0 17
1718414080138 0.0 18
1718414084937 0.0 19
1718414089687 0.0 20
1718414094435 0.0 21
1718414099201 0.0 22
1718414104518 0.0 23
1718414110065 0.0 24
1718414115597 0.0 25
1718414121196 0.0 26
1718414125995 0.0 27
1718414130744 0.0 28
1718414135377 0.0 29
1718414139992 0.0 30
1718414144575 0.0 31
1718414149191 0.0 32
1718414153990 0.0 33
1718414158689 0.0 34
1718414163554 0.0 35
1718414168937 0.0 36
1718414174470 0.0 37
1718414180018 0.0 38
1718414184750 0.0 39
1718414189316 0.0 40
1718414193898 0.0 41
1718414198614 0.0 42
1718414203230 0.0 43
1718414207846 0.0 44
1718414212462 0.0 45
1718414217077 0.0 46
1718414221687 0.0 47
1718414227059 0.0 48
1718414232591 0.0 49
