1718413989972 4.394242763519287 0
1718413995654 39.59608459472656 1
1718414001170 8.687294006347656 2
1718414005852 6.614009857177734 3
1718414010501 4.009561061859131 4
1718414015167 20.824283599853516 5
1718414019983 8.641328811645508 6
1718414024750 8.743746757507324 7
1718414029464 6.917975902557373 8
1718414034081 6.1339430809021 9
1718414038746 8.522384643554688 10
1718414043795 17.486675262451172 11
1718414049410 22.06443214416504 12
1718414054893 6.864049434661865 13
1718414060458 9.213271141052246 14
1718414065374 12.224675178527832 15
1718414070123 39.28102111816406 16
1718414074889 9.925020217895508 17
1718414079771 5.223487377166748 18
1718414084587 12.37186336517334 19
1718414089336 17.70330047607422 20
1718414094087 3.4163131713867188 21
1718414098834 14.97008228302002 22
1718414104050 21.42375373840332 23
1718414109649 9.534608840942383 24
1718414115198 18.470752716064453 25
1718414120791 34.56610107421875 26
1718414125645 7.31132173538208 27
1718414130378 7.272719383239746 28
1718414135027 10.780068397521973 29
1718414139659 37.108028411865234 30
1718414144242 12.524970054626465 31
1718414148841 22.594234466552734 32
1718414153656 17.071653366088867 33
1718414158354 2.821708917617798 34
1718414163105 28.810640335083008 35
1718414168537 25.738033294677734 36
1718414174053 26.291336059570312 37
1718414179618 3.1552648544311523 38
1718414184400 22.83162498474121 39
1718414188987 32.954715728759766 40
1718414193565 37.42503356933594 41
1718414198281 13.524625778198242 42
1718414202897 31.01459312438965 43
1718414207512 6.047645092010498 44
1718414212128 25.017948150634766 45
1718414216744 31.49674415588379 46
1718414221343 34.10401153564453 47
1718414226642 28.184223175048828 48
1718414232191 9.090417861938477 49
