1718388301899 0.7104477611940299 0
1718388302126 0.591044776119403 1
1718388302433 0.582089552238806 2
1718388302781 0.6597014925373135 3
1718388303103 0.5671641791044776 4
1718388303436 0.6985074626865672 5
1718388303765 0.5492537313432836 6
1718388304039 0.6179104477611941 7
1718388304312 0.5402985074626866 8
1718388304590 0.5761194029850746 9
1718388304873 0.5880597014925373 10
1718388305150 0.6268656716417911 11
1718388305438 0.6626865671641791 12
1718388305720 0.6298507462686567 13
1718388306000 0.6805970149253732 14
1718388306281 0.6298507462686567 15
1718388306570 0.5522388059701493 16
1718388306857 0.6776119402985075 17
1718388307133 0.591044776119403 18
1718388307419 0.5940298507462687 19
1718388307699 0.5552238805970149 20
1718388307973 0.6179104477611941 21
1718388308241 0.6328358208955224 22
1718388308515 0.5492537313432836 23
1718388308796 0.6149253731343284 24
1718388309079 0.5313432835820896 25
1718388309368 0.5761194029850746 26
1718388309683 0.7194029850746269 27
1718388309957 0.6477611940298508 28
1718388310468 0.5761194029850746 29
1718388310807 0.6149253731343284 30
1718388311067 0.5373134328358209 31
1718388311332 0.5194029850746269 32
1718388311628 0.48059701492537316 33
1718388311903 0.5014925373134328 34
1718388312192 0.5970149253731343 35
1718388312467 0.6268656716417911 36
1718388312751 0.6119402985074627 37
1718388313040 0.7313432835820896 38
1718388313325 0.7402985074626866 39
1718388313599 0.755223880597015 40
1718388313879 0.6865671641791045 41
1718388314149 0.48059701492537316 42
1718388314431 0.5194029850746269 43
1718388314713 0.5671641791044776 44
1718388314986 0.21791044776119403 45
1718388315248 0.5044776119402985 46
1718388315522 0.5671641791044776 47
1718388315809 0.5940298507462687 48
1718388316071 0.6955223880597015 49
