1718348386686 -0.19503116607666016 0
1718348389096 -0.0834050178527832 1
1718348391538 -0.01924610137939453 2
1718348393994 -0.5119063854217529 3
1718348396466 -0.2830343246459961 4
1718348399010 -3.3216047286987305 5
1718348401360 -3.4466123580932617 6
1718348405160 0.13923287391662598 7
1718348407990 0.13093304634094238 8
1718348410419 -0.1334819793701172 9
1718348412699 -0.1334829330444336 10
1718348415347 -0.13704586029052734 11
1718348417727 -0.0834054946899414 12
1718348420270 -0.07647514343261719 13
1718348422475 -0.8751974105834961 14
1718348424935 4.064765930175781 15
1718348427370 0.5973114967346191 16
1718348429710 1.5197815895080566 17
1718348432330 -0.019246578216552734 18
1718348434699 -0.019246578216552734 19
1718348437294 0.0725250244140625 20
1718348439616 0.13923287391662598 21
1718348442180 0.13042545318603516 22
1718348444429 -0.08922958374023438 23
1718348446800 -0.0764760971069336 24
1718348449264 0.1307384967803955 25
1718348451614 -0.13348150253295898 26
1718348454122 -0.10120439529418945 27
1718348456467 -0.0834054946899414 28
1718348458977 1.024785041809082 29
1718348461389 3.991683006286621 30
1718348464111 4.877254486083984 31
1718348466589 5.030372142791748 32
1718348469035 -0.06099414825439453 33
1718348471516 -0.13705062866210938 34
1718348473730 -0.08922910690307617 35
1718348476237 0.1307392120361328 36
1718348478570 -0.08922958374023438 37
1718348481081 -0.1251215934753418 38
1718348483411 -0.08340597152709961 39
1718348485957 0.11284899711608887 40
1718348488337 0.1307384967803955 41
1718348490663 0.13923287391662598 42
1718348493210 0.1307382583618164 43
1718348495565 0.11284875869750977 44
1718348498062 0.11284899711608887 45
1718348500306 0.1307382583618164 46
1718348502690 0.007620811462402344 47
1718348505056 -0.07478666305541992 48
1718348507373 -0.1231393814086914 49
