1718393479867 2.5897858142852783 0
1718393480395 2.5398335456848145 1
1718393480910 1.8608251810073853 2
1718393481430 1.90151846408844 3
1718393481965 1.9302785396575928 4
1718393482554 1.8780150413513184 5
1718393483050 1.6339539289474487 6
1718393483576 1.839906096458435 7
1718393484065 1.5209842920303345 8
1718393484550 1.5422898530960083 9
1718393484947 1.4921462535858154 10
1718393485425 1.7668946981430054 11
1718393485834 1.8355717658996582 12
1718393486258 1.7123435735702515 13
1718393486707 2.1406733989715576 14
1718393487129 2.0995874404907227 15
1718393487574 2.1787326335906982 16
1718393487976 2.3353021144866943 17
1718393488413 2.264897108078003 18
1718393488813 2.497119426727295 19
1718393489221 1.9089268445968628 20
1718393489593 1.9506688117980957 21
1718393489977 1.3388110399246216 22
1718393490419 1.4652315378189087 23
1718393490825 1.2421724796295166 24
1718393491228 1.3669085502624512 25
1718393491629 1.7457743883132935 26
1718393492017 1.728633165359497 27
1718393492467 2.050365924835205 28
1718393492844 2.1855382919311523 29
1718393493237 1.923105001449585 30
1718393493600 1.4989620447158813 31
1718393493961 2.1918556690216064 32
1718393494341 1.6096621751785278 33
1718393494721 1.4930288791656494 34
1718393495127 1.3587640523910522 35
1718393495715 1.6488856077194214 36
1718393496145 1.2629488706588745 37
1718393496540 1.6452877521514893 38
1718393496902 1.5382049083709717 39
1718393497273 2.155231475830078 40
1718393497665 1.7411214113235474 41
1718393498016 2.142115354537964 42
1718393498390 2.2545058727264404 43
1718393498813 1.5350297689437866 44
1718393499237 2.372525215148926 45
1718393499664 2.181462287902832 46
1718393500084 2.003340005874634 47
1718393500515 1.513266921043396 48
1718393500935 1.8600879907608032 49
