1718502752355 2.173184633255005 0
1718502752722 2.2031941413879395 1
1718502753055 2.4443418979644775 2
1718502753522 2.3246212005615234 3
1718502753839 2.2385990619659424 4
1718502754173 2.208787679672241 5
1718502754490 2.245086669921875 6
1718502754823 2.434593677520752 7
1718502755140 2.381007432937622 8
1718502755457 2.1295130252838135 9
1718502755800 2.2256195545196533 10
1718502756124 2.454437732696533 11
1718502756441 2.3337652683258057 12
1718502756775 2.1452841758728027 13
1718502757109 2.1075379848480225 14
1718502757524 2.265820264816284 15
1718502757842 2.46663498878479 16
1718502758209 2.3228602409362793 17
1718502758626 2.1842849254608154 18
1718502759026 2.2024593353271484 19
1718502759343 2.173354148864746 20
1718502759660 2.3484325408935547 21
1718502759978 2.2169930934906006 22
1718502760311 2.180000066757202 23
1718502760628 2.203348159790039 24
1718502760945 2.335190534591675 25
1718502761278 2.1952757835388184 26
1718502761595 2.1688926219940186 27
1718502761912 2.193326950073242 28
1718502762262 2.322624444961548 29
1718502762696 2.158031702041626 30
1718502763030 2.0686373710632324 31
1718502763347 2.0511958599090576 32
1718502763664 2.2252583503723145 33
1718502763997 2.4383926391601562 34
1718502764364 2.319052219390869 35
1718502764681 2.2814600467681885 36
1718502764998 2.2476189136505127 37
1718502765398 2.280585765838623 38
1718502765748 2.2413477897644043 39
1718502766149 2.203613042831421 40
1718502766515 2.2344045639038086 41
1718502766916 2.3375437259674072 42
1718502767300 2.332014799118042 43
1718502767667 2.219599962234497 44
1718502768000 2.1649177074432373 45
1718502768334 2.094447374343872 46
1718502768651 2.2282609939575195 47
1718502768967 2.463944911956787 48
1718502769284 2.3115901947021484 49
