1718388640584 0.9014925373134328 0
1718388640833 0.9313432835820895 1
1718388641088 0.8985074626865671 2
1718388641331 0.9074626865671642 3
1718388641575 0.8985074626865671 4
1718388641825 0.8955223880597015 5
1718388642098 0.9104477611940298 6
1718388642510 0.8776119402985074 7
1718388642734 0.9164179104477612 8
1718388642954 0.8925373134328358 9
1718388643180 0.9164179104477612 10
1718388643405 0.9074626865671642 11
1718388643639 0.8805970149253731 12
1718388643884 0.9014925373134328 13
1718388644111 0.9044776119402985 14
1718388644346 0.8925373134328358 15
1718388644574 0.8955223880597015 16
1718388644816 0.8925373134328358 17
1718388645055 0.8776119402985074 18
1718388645286 0.9044776119402985 19
1718388645525 0.8985074626865671 20
1718388645763 0.8955223880597015 21
1718388645992 0.8925373134328358 22
1718388646220 0.8865671641791045 23
1718388646444 0.8925373134328358 24
1718388646676 0.9074626865671642 25
1718388646929 0.9044776119402985 26
1718388647172 0.9014925373134328 27
1718388647412 0.9253731343283582 28
1718388647763 0.9134328358208955 29
1718388648013 0.8955223880597015 30
1718388648246 0.8746268656716418 31
1718388648480 0.9014925373134328 32
1718388648736 0.8985074626865671 33
1718388648979 0.8507462686567164 34
1718388649214 0.9044776119402985 35
1718388649448 0.9014925373134328 36
1718388649699 0.8955223880597015 37
1718388649938 0.8895522388059701 38
1718388650183 0.9014925373134328 39
1718388650416 0.9014925373134328 40
1718388650655 0.9014925373134328 41
1718388650898 0.8955223880597015 42
1718388651137 0.8925373134328358 43
1718388651394 0.8865671641791045 44
1718388651635 0.8776119402985074 45
1718388651881 0.8865671641791045 46
1718388652128 0.8626865671641791 47
1718388652369 0.8597014925373134 48
1718388652603 0.8835820895522388 49
