1718534491775 0.10242424242424242 0
1718534495806 0.10242424242424242 1
1718534498640 0.10242424242424242 2
1718534501442 0.10242424242424242 3
1718534504239 0.10242424242424242 4
1718534506955 0.10242424242424242 5
1718534509674 0.10242424242424242 6
1718534512421 0.10242424242424242 7
1718534515187 0.10242424242424242 8
1718534517940 0.10242424242424242 9
1718534520719 0.10242424242424242 10
1718534523935 0.10242424242424242 11
1718534528168 0.10242424242424242 12
1718534532383 0.10242424242424242 13
1718534535833 0.10242424242424242 14
1718534538766 0.10242424242424242 15
1718534541615 0.10242424242424242 16
1718534544418 0.10242424242424242 17
1718534547250 0.10242424242424242 18
1718534550197 0.10242424242424242 19
1718534552983 0.10242424242424242 20
1718534555746 0.10242424242424242 21
1718534558512 0.10242424242424242 22
1718534561248 0.10242424242424242 23
1718534564010 0.10242424242424242 24
1718534566760 0.10242424242424242 25
1718534569493 0.10242424242424242 26
1718534572211 0.10242424242424242 27
1718534574925 0.10242424242424242 28
1718534577658 0.10242424242424242 29
1718534580457 0.10242424242424242 30
1718534583827 0.10242424242424242 31
1718534587709 0.10242424242424242 32
1718534591396 0.10242424242424242 33
1718534594757 0.10242424242424242 34
1718534597554 0.10242424242424242 35
1718534600324 0.10242424242424242 36
1718534603036 0.10242424242424242 37
1718534605952 0.10242424242424242 38
1718534608685 0.10242424242424242 39
1718534611670 0.10242424242424242 40
1718534614417 0.10242424242424242 41
1718534617134 0.10242424242424242 42
1718534619883 0.10242424242424242 43
1718534622582 0.10242424242424242 44
1718534625299 0.10242424242424242 45
1718534627998 0.10242424242424242 46
1718534630984 0.10242424242424242 47
1718534633714 0.10242424242424242 48
1718534636464 0.10242424242424242 49
