1718534491809 0.10242424242424242 0
1718534495824 0.10242424242424242 1
1718534498657 0.10242424242424242 2
1718534501456 0.10242424242424242 3
1718534504258 0.10242424242424242 4
1718534506975 0.10242424242424242 5
1718534509697 0.10242424242424242 6
1718534512437 0.10242424242424242 7
1718534515206 0.10242424242424242 8
1718534517968 0.10242424242424242 9
1718534520739 0.10242424242424242 10
1718534523969 0.10242424242424242 11
1718534528201 0.10242424242424242 12
1718534532400 0.10242424242424242 13
1718534535866 0.10242424242424242 14
1718534538799 0.10242424242424242 15
1718534541652 0.10242424242424242 16
1718534544448 0.10242424242424242 17
1718534547281 0.10242424242424242 18
1718534550213 0.10242424242424242 19
1718534552996 0.10242424242424242 20
1718534555779 0.10242424242424242 21
1718534558536 0.10242424242424242 22
1718534561264 0.10242424242424242 23
1718534564028 0.10242424242424242 24
1718534566777 0.10242424242424242 25
1718534569509 0.10242424242424242 26
1718534572226 0.10242424242424242 27
1718534574942 0.10242424242424242 28
1718534577691 0.10242424242424242 29
1718534580474 0.10242424242424242 30
1718534583874 0.10242424242424242 31
1718534587739 0.10242424242424242 32
1718534591422 0.10242424242424242 33
1718534594771 0.10242424242424242 34
1718534597587 0.10242424242424242 35
1718534600340 0.10242424242424242 36
1718534603053 0.10242424242424242 37
1718534605969 0.10242424242424242 38
1718534608702 0.10242424242424242 39
1718534611685 0.10242424242424242 40
1718534614437 0.10242424242424242 41
1718534617152 0.10242424242424242 42
1718534619916 0.10242424242424242 43
1718534622602 0.10242424242424242 44
1718534625332 0.10242424242424242 45
1718534628031 0.10242424242424242 46
1718534631014 0.10242424242424242 47
1718534633741 0.10242424242424242 48
1718534636480 0.10242424242424242 49
