1718408268365 0.007476091384887695 0
1718408268698 -0.8845067024230957 1
1718408269026 0.018689393997192383 2
1718408269326 -0.012116193771362305 3
1718408269614 0.04256248474121094 4
1718408269898 0.02154231071472168 5
1718408270200 0.01679205894470215 6
1718408270498 0.05674624443054199 7
1718408270798 2.802349328994751 8
1718408271081 0.02830672264099121 9
1718408271431 0.7596220970153809 10
1718408271731 0.01788043975830078 11
1718408272031 0.07755327224731445 12
1718408272326 0.21477317810058594 13
1718408272631 0.01320505142211914 14
1718408272930 -0.026345014572143555 15
1718408273227 0.023877859115600586 16
1718408273530 0.02169060707092285 17
1718408273830 0.8192117214202881 18
1718408274114 0.013370037078857422 19
1718408274426 0.12656593322753906 20
1718408274747 0.000957489013671875 21
1718408275047 0.0016140937805175781 22
1718408275347 -0.0004763603210449219 23
1718408275664 0.012326717376708984 24
1718408275963 0.06617116928100586 25
1718408276280 0.45670461654663086 26
1718408276580 0.005202054977416992 27
1718408276947 0.01866006851196289 28
1718408277280 0.018246889114379883 29
1718408277596 0.06281924247741699 30
1718408277898 0.03735494613647461 31
1718408278213 0.056813716888427734 32
1718408278532 0.048104047775268555 33
1718408278850 0.016553163528442383 34
1718408279165 0.0067729949951171875 35
1718408279462 0.0003452301025390625 36
1718408279779 -0.0014827251434326172 37
1718408280096 -0.006038188934326172 38
1718408280396 -0.004454612731933594 39
1718408280713 0.01386880874633789 40
1718408281012 0.022626876831054688 41
1718408281312 0.008166074752807617 42
1718408281612 0.013145208358764648 43
1718408281913 0.25893735885620117 44
1718408282246 0.01944708824157715 45
1718408282696 0.07554125785827637 46
1718408283095 0.03080463409423828 47
1718408283495 -0.06516671180725098 48
1718408283912 0.026150941848754883 49
