1718416060981 2.058703660964966 0
1718416061298 -0.040346622467041016 1
1718416061665 -0.059438467025756836 2
1718416062031 0.03457522392272949 3
1718416062347 -0.039002418518066406 4
1718416062681 -0.08622503280639648 5
1718416062997 -0.0248715877532959 6
1718416063314 0.005533456802368164 7
1718416063664 0.4442605972290039 8
1718416063980 -0.00764155387878418 9
1718416064297 0.016785383224487305 10
1718416064630 -0.018393278121948242 11
1718416064947 10.31666088104248 12
1718416065281 1.482206106185913 13
1718416065597 -0.945441484451294 14
1718416065913 0.07845067977905273 15
1718416066230 -1.4996440410614014 16
1718416066563 0.03608393669128418 17
1718416066897 7.931485176086426 18
1718416067213 -0.16096162796020508 19
1718416067565 -0.016837596893310547 20
1718416067897 11.335497856140137 21
1718416068230 3.9600563049316406 22
1718416068571 -0.6642200946807861 23
1718416068896 -1.0476970672607422 24
1718416069236 -0.03995537757873535 25
1718416069580 0.11738705635070801 26
1718416069896 -0.6423804759979248 27
1718416070290 -0.06664466857910156 28
1718416070631 -0.05600142478942871 29
1718416070964 -1.0912485122680664 30
1718416071329 -0.0008924007415771484 31
1718416071679 3.246689796447754 32
1718416071996 0.012378931045532227 33
1718416072312 -0.040975093841552734 34
1718416072646 -0.018826723098754883 35
1718416072979 11.625826835632324 36
1718416073295 -0.008966922760009766 37
1718416073632 1.5225913524627686 38
1718416073979 -0.06365466117858887 39
1718416074296 2.7153635025024414 40
1718416074645 -2.885852336883545 41
1718416074979 1.5117480754852295 42
1718416075312 0.015858173370361328 43
1718416075645 6.47802209854126 44
1718416075978 -1.9802560806274414 45
1718416076295 0.6072101593017578 46
1718416076645 7.9769086837768555 47
1718416076962 -1.4141626358032227 48
1718416077295 0.048270225524902344 49
