1718569555315 0.09151515151515152 0
1718569558724 0.11575757575757575 1
1718569561964 0.09151515151515152 2
1718569565991 0.09151515151515152 3
1718569570720 0.09151515151515152 4
1718569574517 0.09151515151515152 5
1718569577438 0.09151515151515152 6
1718569580783 0.09151515151515152 7
1718569584140 0.09151515151515152 8
1718569587401 0.09151515151515152 9
1718569590637 0.09151515151515152 10
1718569593873 0.09151515151515152 11
1718569597184 0.09151515151515152 12
1718569600218 0.09151515151515152 13
1718569603670 0.09151515151515152 14
1718569606674 0.09151515151515152 15
1718569609997 0.09151515151515152 16
1718569613063 0.09151515151515152 17
1718569616084 0.09151515151515152 18
1718569619077 0.09151515151515152 19
1718569622476 0.09151515151515152 20
1718569626307 0.09151515151515152 21
1718569630173 0.09151515151515152 22
1718569633500 0.09151515151515152 23
1718569636577 0.09151515151515152 24
1718569639718 0.09151515151515152 25
1718569642927 0.09151515151515152 26
1718569645887 0.09151515151515152 27
1718569649114 0.09151515151515152 28
1718569652748 0.09151515151515152 29
1718569656267 0.09151515151515152 30
1718569659828 0.09212121212121212 31
1718569663920 0.09151515151515152 32
1718569668338 0.09151515151515152 33
1718569672445 0.09151515151515152 34
1718569677163 0.09151515151515152 35
1718569681068 0.09151515151515152 36
1718569685909 0.09151515151515152 37
1718569690756 0.09151515151515152 38
1718569694756 0.09151515151515152 39
1718569699198 0.09151515151515152 40
1718569703175 0.09151515151515152 41
1718569707239 0.09151515151515152 42
1718569711099 0.09151515151515152 43
1718569714917 0.09151515151515152 44
1718569718705 0.09151515151515152 45
1718569722536 0.1703030303030303 46
1718569726139 0.09151515151515152 47
1718569729709 0.09151515151515152 48
1718569733433 0.09151515151515152 49
