1718387267377 0.9373134328358209 0
1718387267610 0.9343283582089552 1
1718387267846 0.9462686567164179 2
1718387268074 0.9492537313432836 3
1718387268323 0.9462686567164179 4
1718387268564 0.9611940298507463 5
1718387268801 0.9552238805970149 6
1718387269032 0.9194029850746268 7
1718387269270 0.9044776119402985 8
1718387269527 0.9223880597014925 9
1718387269759 0.9104477611940298 10
1718387269993 0.9223880597014925 11
1718387270229 0.9164179104477612 12
1718387270461 0.9223880597014925 13
1718387270695 0.9223880597014925 14
1718387270922 0.9074626865671642 15
1718387271159 0.9283582089552239 16
1718387271399 0.9432835820895522 17
1718387271634 0.9343283582089552 18
1718387271864 0.9432835820895522 19
1718387272093 0.9492537313432836 20
1718387272521 0.9343283582089552 21
1718387272763 0.9492537313432836 22
1718387272986 0.9253731343283582 23
1718387273223 0.9343283582089552 24
1718387273457 0.8895522388059701 25
1718387273695 0.9044776119402985 26
1718387273917 0.9223880597014925 27
1718387274146 0.9283582089552239 28
1718387274385 0.9283582089552239 29
1718387274614 0.8895522388059701 30
1718387274842 0.9223880597014925 31
1718387275068 0.9432835820895522 32
1718387275306 0.9134328358208955 33
1718387275538 0.9343283582089552 34
1718387275768 0.9044776119402985 35
1718387275994 0.8925373134328358 36
1718387276234 0.9134328358208955 37
1718387276460 0.9134328358208955 38
1718387276692 0.8865671641791045 39
1718387276914 0.8925373134328358 40
1718387277139 0.8716417910447761 41
1718387277377 0.8656716417910447 42
1718387277612 0.9223880597014925 43
1718387277839 0.9283582089552239 44
1718387278077 0.9343283582089552 45
1718387278335 0.9283582089552239 46
1718387278582 0.9283582089552239 47
1718387278810 0.9313432835820895 48
1718387279035 0.9283582089552239 49
