1718402198900 1.353787899017334 0
1718402203473 1.8808059692382812 1
1718402207844 1.2933688163757324 2
1718402212181 -3.6539688110351562 3
1718402216600 0.1093437671661377 4
1718402221371 0.4543948173522949 5
1718402226292 -0.08455538749694824 6
1718402231612 3.5942726135253906 7
1718402237048 0.060817718505859375 8
1718402241961 3.475740432739258 9
1718402246309 3.981740951538086 10
1718402250828 0.8989410400390625 11
1718402255263 -0.11373496055603027 12
1718402259683 -0.10272574424743652 13
1718402264070 2.269498109817505 14
1718402268423 0.06675028800964355 15
1718402272726 0.1364145278930664 16
1718402277278 -0.17628121376037598 17
1718402281621 1.0046157836914062 18
1718402286636 -0.22123098373413086 19
1718402291900 5.8949689865112305 20
1718402297211 -0.2551274299621582 21
1718402302165 1.106201171875 22
1718402306485 -0.10306620597839355 23
1718402310821 -0.11676836013793945 24
1718402315191 0.6091938018798828 25
1718402319561 1.1164417266845703 26
1718402323881 2.115224838256836 27
1718402328201 0.009330511093139648 28
1718402332504 -0.09367752075195312 29
1718402336824 3.984347343444824 30
1718402341144 -0.1057283878326416 31
1718402346064 -0.10480594635009766 32
1718402351201 -0.10332107543945312 33
1718402356389 -0.11109209060668945 34
1718402361392 -0.21958398818969727 35
1718402365695 0.8290920257568359 36
1718402369965 -0.1288623809814453 37
1718402374402 0.03873562812805176 38
1718402378688 -0.10588598251342773 39
1718402383007 -0.13151907920837402 40
1718402387278 -0.10984683036804199 41
1718402391565 -0.10403656959533691 42
1718402395835 0.7403640747070312 43
1718402400121 -11.010587692260742 44
1718402404791 13.888914108276367 45
1718402410094 -0.10661125183105469 46
1718402415399 -2.0150532722473145 47
1718402420568 -0.11095905303955078 48
1718402425009 -0.06185293197631836 49
