1718555108284 nan 0
1718555108784 nan 1
1718555109257 nan 2
1718555109700 nan 3
1718555110186 nan 4
1718555110787 nan 5
1718555111267 nan 6
1718555111748 nan 7
1718555112216 nan 8
1718555112667 nan 9
1718555113133 nan 10
1718555113583 nan 11
1718555114066 nan 12
1718555114584 nan 13
1718555115086 nan 14
1718555115583 nan 15
1718555116099 nan 16
1718555116566 nan 17
1718555117036 nan 18
1718555117498 nan 19
1718555117932 nan 20
1718555118535 nan 21
1718555118983 nan 22
1718555119415 nan 23
1718555119818 nan 24
1718555120183 nan 25
1718555120549 nan 26
1718555120901 nan 27
1718555121265 nan 28
1718555121615 nan 29
1718555121998 nan 30
1718555122364 nan 31
1718555122717 nan 32
1718555123064 nan 33
1718555123448 nan 34
1718555123814 nan 35
1718555124183 nan 36
1718555124564 nan 37
1718555124947 nan 38
1718555125314 nan 39
1718555125664 nan 40
1718555126032 nan 41
1718555126397 nan 42
1718555126747 nan 43
1718555127097 nan 44
1718555127480 nan 45
1718555127813 nan 46
1718555128163 nan 47
1718555128530 nan 48
1718555128884 nan 49
