1718382063080 0.362749445676275 0
1718382063510 0.362749445676275 1
1718382063884 0.362749445676275 2
1718382064274 0.362749445676275 3
1718382064654 0.362749445676275 4
1718382065144 0.362749445676275 5
1718382065520 0.362749445676275 6
1718382065900 0.362749445676275 7
1718382066273 0.362749445676275 8
1718382066634 0.362749445676275 9
1718382066981 0.362749445676275 10
1718382067350 0.362749445676275 11
1718382067707 0.362749445676275 12
1718382068105 0.362749445676275 13
1718382068508 0.362749445676275 14
1718382068865 0.362749445676275 15
1718382069250 0.362749445676275 16
1718382069662 0.362749445676275 17
1718382070023 0.362749445676275 18
1718382070423 0.362749445676275 19
1718382070827 0.362749445676275 20
1718382071200 0.362749445676275 21
1718382071592 0.362749445676275 22
1718382071951 0.362749445676275 23
1718382072338 0.362749445676275 24
1718382072695 0.362749445676275 25
1718382073015 0.362749445676275 26
1718382073341 0.362749445676275 27
1718382073672 0.362749445676275 28
1718382074000 0.362749445676275 29
1718382074317 0.362749445676275 30
1718382074628 0.362749445676275 31
1718382074931 0.362749445676275 32
1718382075248 0.362749445676275 33
1718382075555 0.362749445676275 34
1718382075860 0.362749445676275 35
1718382076204 0.362749445676275 36
1718382076536 0.362749445676275 37
1718382076854 0.362749445676275 38
1718382077174 0.362749445676275 39
1718382077506 0.362749445676275 40
1718382077813 0.362749445676275 41
1718382078125 0.362749445676275 42
1718382078453 0.362749445676275 43
1718382078756 0.362749445676275 44
1718382079070 0.362749445676275 45
1718382079390 0.362749445676275 46
1718382079715 0.362749445676275 47
1718382080045 0.362749445676275 48
1718382080375 0.362749445676275 49
