1718382062910 2.371370553970337 0
1718382063342 2.3714096546173096 1
1718382063734 2.371466875076294 2
1718382064116 2.3715364933013916 3
1718382064513 2.3716139793395996 4
1718382064992 2.371696710586548 5
1718382065371 2.3717825412750244 6
1718382065755 2.371868371963501 7
1718382066114 2.3719534873962402 8
1718382066482 2.3720366954803467 9
1718382066835 2.372117757797241 10
1718382067201 2.3721961975097656 11
1718382067556 2.3722712993621826 12
1718382067942 2.372342109680176 13
1718382068355 2.3724098205566406 14
1718382068714 2.37247371673584 15
1718382069097 2.3725340366363525 16
1718382069504 2.3725903034210205 17
1718382069875 2.3726437091827393 18
1718382070269 2.372692823410034 19
1718382070677 2.37273907661438 20
1718382071043 2.3727822303771973 21
1718382071442 2.3728227615356445 22
1718382071802 2.3728599548339844 23
1718382072176 2.372894525527954 24
1718382072572 2.3729264736175537 25
1718382072893 2.3729562759399414 26
1718382073214 2.372983455657959 27
1718382073542 2.373009204864502 28
1718382073882 2.373032808303833 29
1718382074192 2.3730547428131104 30
1718382074512 2.373074769973755 31
1718382074820 2.373093366622925 32
1718382075122 2.373110055923462 33
1718382075440 2.3731260299682617 34
1718382075746 2.373140573501587 35
1718382076058 2.3731534481048584 36
1718382076416 2.3731656074523926 37
1718382076736 2.3731770515441895 38
1718382077055 2.373187303543091 39
1718382077384 2.373196601867676 40
1718382077696 2.3732049465179443 41
1718382078011 2.3732125759124756 42
1718382078334 2.3732197284698486 43
1718382078643 2.3732261657714844 44
1718382078951 2.373232364654541 45
1718382079271 2.3732376098632812 46
1718382079597 2.3732423782348633 47
1718382079924 2.373246431350708 48
1718382080247 2.3732504844665527 49
