1718494018928 0.31857318573185733 0
1718494019258 0.38253382533825336 1
1718494019562 0.6659751037344398 2
1718494019879 0.33386581469648563 3
1718494020196 0.5424242424242425 4
1718494020513 0.5247524752475248 5
1718494020829 0.3832807570977918 6
1718494021143 0.5431578947368421 7
1718494021426 0.46166134185303515 8
1718494021741 0.8545454545454545 9
1718494022060 0.7136929460580913 10
1718494022460 0.37136929460580914 11
1718494022860 1.0 12
1718494023244 1.0 13
1718494023594 0.47717842323651455 14
1718494023978 0.5424242424242425 15
1718494024366 0.512779552715655 16
1718494024745 0.6721991701244814 17
1718494025111 1.0 18
1718494025479 1.0 19
1718494025850 0.6680497925311203 20
1718494026196 0.6493775933609959 21
1718494026563 0.37344398340248963 22
1718494026917 0.3243847874720358 23
1718494027293 0.896969696969697 24
1718494027794 0.6763485477178424 25
1718494028164 0.6804979253112033 26
1718494028548 1.0 27
1718494028895 0.08484848484848485 28
1718494029382 1.0 29
1718494029736 0.5159744408945687 30
1718494030099 0.5424242424242425 31
1718494030483 0.7722772277227723 32
1718494030800 0.6867219917012448 33
1718494031166 0.6680497925311203 34
1718494031540 1.0 35
1718494031900 1.0 36
1718494032251 1.0 37
1718494032618 1.0 38
1718494032934 0.5727272727272728 39
1718494033251 0.7863070539419087 40
1718494033568 0.553941908713693 41
1718494033885 0.2476038338658147 42
1718494034235 0.5515151515151515 43
1718494034552 0.6991701244813278 44
1718494034853 0.6286307053941909 45
1718494035186 1.0 46
1718494035518 0.8909090909090909 47
1718494035820 0.7136929460580913 48
1718494036137 0.6141078838174274 49
