1718390304085 0.21963026978969352 0
1718390304308 0.45092940144793126 1
1718390304559 0.4016334049625099 2
1718390304834 0.2890250203543167 3
1718390305088 0.34992409130389956 4
1718390305317 0.37383683948085566 5
1718390305765 0.2999792307672513 6
1718390305997 0.2667927282347844 7
1718390306223 0.4610535358179072 8
1718390306461 0.5565847262184901 9
1718390306690 0.23764181251350788 10
1718390306923 0.3615534023848562 11
1718390307155 0.5119059840705722 12
1718390307396 0.5786959717596852 13
1718390307639 0.469762234526859 14
1718390307859 0.4546516003938985 15
1718390308094 0.4535766956451912 16
1718390308376 0.5636908689669419 17
1718390308670 0.6253397685826674 18
1718390308911 0.619278110973633 19
1718390309147 0.5470448802431274 20
1718390309373 0.5744493676778883 21
1718390309620 0.47931075566907966 22
1718390309856 0.5691183456581442 23
1718390310085 0.5179310931144521 24
1718390310327 0.49819617670496674 25
1718390310580 0.6356305023882588 26
1718390310849 0.5775779850337358 27
1718390311137 0.5705276784902624 28
1718390311406 0.6753730824365097 29
1718390311660 0.6647771957891211 30
1718390311902 0.6511859263669302 31
1718390312140 0.6374500432841325 32
1718390312393 0.6711847439290929 33
1718390312661 0.6937908383476229 34
1718390312893 0.6480975086761049 35
1718390313131 0.622272582281372 36
1718390313362 0.5926646129469085 37
1718390313620 0.5684155272620107 38
1718390313865 0.6787658491236228 39
1718390314105 0.7102943656710324 40
1718390314342 0.684547669737263 41
1718390314588 0.660057056948222 42
1718390314823 0.6637389053037097 43
1718390315272 0.6373321750375195 44
1718390315513 0.7025907493670949 45
1718390315744 0.6320669461886119 46
1718390315976 0.6720034003551165 47
1718390316249 0.6890414707687988 48
1718390316480 0.6609178431939559 49
