1718575661987 0.1314672833608361 0
1718575662482 0.07369745425104195 1
1718575662983 0.07822644258382612 2
1718575663538 0.16870144284128746 3
1718575664044 0.08522473671591141 4
1718575664552 0.05800594520768056 5
1718575665064 0.19573537452159653 6
1718575665517 0.19573537452159653 7
1718575666205 0.19573537452159653 8
1718575666813 0.134934173617299 9
1718575667342 0.19573537452159653 10
1718575667749 0.1676846196557468 11
1718575668171 0.19573537452159653 12
1718575668615 0.16870144284128746 13
1718575669050 0.28687099889164175 14
1718575669473 0.19573537452159653 15
1718575669860 0.19573537452159653 16
1718575670318 0.3187206393960417 17
1718575670704 0.19573537452159653 18
1718575671121 0.1676846196557468 19
1718575671622 0.1605351170568562 20
1718575672072 0.19573537452159653 21
1718575672522 0.1676846196557468 22
1718575672956 0.1676846196557468 23
1718575673390 0.1676846196557468 24
1718575673823 0.1676846196557468 25
1718575674291 0.19573537452159653 26
1718575674791 0.19573537452159653 27
1718575675241 0.19573537452159653 28
1718575675674 0.19573537452159653 29
1718575676125 0.19573537452159653 30
1718575676558 0.19573537452159653 31
1718575676992 0.19573537452159653 32
1718575677644 0.19573537452159653 33
1718575678260 0.0748593510522971 34
1718575678795 0.46348103200397656 35
1718575679344 0.19573537452159653 36
1718575679794 0.1676846196557468 37
1718575680228 0.16870144284128746 38
1718575680747 0.19573537452159653 39
1718575681309 0.43105819766972137 40
1718575681700 0.10590875736280882 41
1718575682095 0.40617919641962064 42
1718575682780 0.19573537452159653 43
1718575683649 0.1676846196557468 44
1718575684414 0.1605351170568562 45
1718575685032 0.16870144284128746 46
1718575685652 0.0682127162867344 47
1718575686316 0.19573537452159653 48
1718575687353 0.19573537452159653 49
