1718511578792 -1.2948616887583877 0
1718511579107 -1.8446157231475366 1
1718511579459 2.0370672110355263 2
1718511579808 1.265866239865621 3
1718511580173 0.05622101191318407 4
1718511580540 -0.00066916870348388 5
1718511580924 -0.007197455926374996 6
1718511581324 -0.007452021945606457 7
1718511581775 -0.00732189597505517 8
1718511582128 -0.005998120163426268 9
1718511582476 -0.005239800973372066 10
1718511582792 -0.0052587299635917795 11
1718511583142 -0.0037545363108315577 12
1718511583474 -0.0010919101310498114 13
1718511583793 0.01467098611773876 14
1718511584129 0.0325377240325464 15
1718511584460 -0.08224591341885645 16
1718511584810 0.0033491741527211794 17
1718511585147 -0.005652355425285638 18
1718511585477 0.004218477191347159 19
1718511585811 0.020407145673578597 20
1718511586145 0.09128782965920168 21
1718511586478 -0.1562321222189702 22
1718511586814 0.06412126078750147 23
1718511587145 -0.20106925025130762 24
1718511587462 -0.932990388436751 25
1718511587796 -0.8004460190281719 26
1718511588146 -0.009352113261367201 27
1718511588482 1.3657401330543286 28
1718511588815 0.3155894423976089 29
1718511589163 -1.2605730006189058 30
1718511589497 0.36789921919504787 31
1718511589834 1.0109272978522559 32
1718511590181 0.2820016976558799 33
1718511590516 0.03051493745861622 34
1718511590848 0.04640155488794484 35
1718511591202 0.014320355473142587 36
1718511591532 -0.0024615851315585857 37
1718511591849 -0.0050397208242705105 38
1718511592216 -0.0036248799526328312 39
1718511592549 0.0028935237364335897 40
1718511592866 0.05256694374662452 41
1718511593200 -0.16221950812773267 42
1718511593534 -0.1441373391584917 43
1718511593854 0.21859545779950684 44
1718511594221 9.479667201173214e-05 45
1718511594584 -0.001041022214022469 46
1718511595034 -0.0023813392176772474 47
1718511595382 -0.00416089549209131 48
1718511595722 -0.004562403216506361 49
