1718492710616 0.04677517914976903 0
1718492711515 0.06511020668487877 1
1718492712367 -0.05292171477085317 2
1718492713284 0.06459570600942266 3
1718492714067 0.026209432727769766 4
1718492714885 -0.07260297424164586 5
1718492715752 -0.4318631198922742 6
1718492716538 -0.011526035526552736 7
1718492717304 -0.9890023128498955 8
1718492718104 -0.07950294569087513 9
1718492718875 0.053328900585774 10
1718492719655 -0.12275957744459065 11
1718492720405 -0.010034144086462415 12
1718492721190 -0.0650019225142544 13
1718492721957 0.06050960538291328 14
1718492722727 0.07711606929335657 15
1718492723495 0.01083796512805657 16
1718492724325 0.10322902915381782 17
1718492725113 0.057058468575609034 18
1718492725876 0.02573752551529518 19
1718492726627 0.03297380404146688 20
1718492727427 -0.010861565035859666 21
1718492728228 -0.28347145822295117 22
1718492729029 0.03736282862834095 23
1718492729829 -0.008453928308215453 24
1718492730830 -0.4205003908887166 25
1718492731781 -0.13776992174469482 26
1718492732702 0.0004987492382340086 27
1718492733538 -0.017029076801172494 28
1718492734304 -0.5139451136097333 29
1718492735200 0.03406468657873596 30
1718492736184 -0.9953141973224606 31
1718492737053 -0.2906686808123733 32
1718492737969 -0.2162324771898354 33
1718492738784 -0.037447339549748104 34
1718492739637 -0.04518625119971453 35
1718492740420 -0.060020937376677796 36
1718492741188 -0.17656845442044267 37
1718492741921 -0.40470433285041185 38
1718492742689 -0.4897434995730827 39
1718492743482 -0.8769519779677846 40
1718492744290 -0.09589897799092872 41
1718492745110 -0.22217378496099327 42
1718492745924 0.04501329388676689 43
1718492746760 0.14687236632658118 44
1718492747580 -0.013120222097066758 45
1718492748593 -0.10450293221445683 46
1718492749410 -0.0821939882300442 47
1718492750215 -0.28841156034327264 48
1718492751011 -0.16261629658498045 49
