1718493204387 2.381439802806769 0
1718493205186 2.3752402254004976 1
1718493206034 2.442906760457736 2
1718493206855 2.4242797142534114 3
1718493207836 2.4098542426059497 4
1718493208636 2.4157594922763197 5
1718493209423 2.4942429617269717 6
1718493210205 2.4142847919642034 7
1718493211022 2.4224140199262703 8
1718493211791 2.4203690521752654 9
1718493212573 2.3893159814734957 10
1718493213407 2.44465538636962 11
1718493214207 2.4430328749898655 12
1718493214958 2.476049235952434 13
1718493215792 2.3999921590534607 14
1718493216626 2.427655962865744 15
1718493217426 2.429213713354139 16
1718493218227 2.4523240327835083 17
1718493218998 2.413331308471623 18
1718493219798 2.3885405526232364 19
1718493220598 2.4082202519943463 20
1718493221379 2.421452875457593 21
1718493222221 2.431860691575862 22
1718493222997 2.400523017591505 23
1718493223751 2.3803204484839937 24
1718493224544 2.3831847794909975 25
1718493225330 2.430248765803095 26
1718493226116 2.3976183845036068 27
1718493226917 2.395405137716834 28
1718493227722 2.4252661235296906 29
1718493228518 2.43709850133355 30
1718493229335 2.381903350353241 31
1718493230156 2.41193561055767 32
1718493230920 2.4218025487750325 33
1718493231770 2.391122281551361 34
1718493232571 2.3826260793564926 35
1718493233407 2.3877090393607294 36
1718493234222 2.4145428894171075 37
1718493235023 2.439957701448184 38
1718493235841 2.419778501809533 39
1718493236578 2.409701529723495 40
1718493237431 2.390550830470982 41
1718493238242 2.397365662589002 42
1718493239029 2.440455891303162 43
1718493239860 2.4096915383837114 44
1718493240644 2.433623658187354 45
1718493241414 2.375183307412845 46
1718493242278 2.4599979840107817 47
1718493243262 2.4167838167788376 48
1718493244163 2.385361950788925 49
