1718377001488 -0.826585054397583 0
1718377002181 -0.8265836238861084 1
1718377002844 -0.8349463939666748 2
1718377003523 -1.0346300601959229 3
1718377004186 -1.0346293449401855 4
1718377004853 -1.0346293449401855 5
1718377005544 -0.9725003242492676 6
1718377006218 -0.8665010929107666 7
1718377006877 -0.906001091003418 8
1718377007567 -0.9260855913162231 9
1718377008262 -0.6331784725189209 10
1718377008957 -1.4987837076187134 11
1718377009644 -1.4627201557159424 12
1718377010332 -0.12402153015136719 13
1718377011032 -0.810875415802002 14
1718377011776 -1.2088396549224854 15
1718377012477 -0.9421970844268799 16
1718377013188 -0.6556985378265381 17
1718377013861 -1.2461062669754028 18
1718377014555 -0.292388916015625 19
1718377015258 -0.38028645515441895 20
1718377015941 -0.8431940078735352 21
1718377016618 -0.9718477725982666 22
1718377017292 -0.9964940547943115 23
1718377017949 -0.904407262802124 24
1718377018631 -1.0479944944381714 25
1718377019315 -0.8681645393371582 26
1718377019986 -0.8681645393371582 27
1718377020677 -0.9592983722686768 28
1718377021374 -0.9404933452606201 29
1718377022179 -0.8123581409454346 30
1718377022971 -0.8963485956192017 31
1718377023660 -0.806389570236206 32
1718377024340 -0.8949451446533203 33
1718377025003 -1.5484371185302734 34
1718377025679 -1.0033907890319824 35
1718377026342 -1.0033907890319824 36
1718377027003 -1.0346298217773438 37
1718377027691 -1.0346293449401855 38
1718377028363 -0.9729821681976318 39
1718377029083 -0.9404966831207275 40
1718377029769 -0.9725010395050049 41
1718377030444 -0.7297401428222656 42
1718377031110 -1.4337955713272095 43
1718377031771 -0.9724998474121094 44
1718377032448 -0.9724993705749512 45
1718377033100 -0.9404921531677246 46
1718377033784 -1.003377914428711 47
1718377034449 -0.9044523239135742 48
1718377035111 -0.7315309047698975 49
