1718451954220 0.1 0
1718451954851 0.1 1
1718451955550 0.1 2
1718451956233 0.1 3
1718451956950 0.1 4
1718451957602 0.1 5
1718451958283 0.1 6
1718451958929 0.1 7
1718451959569 0.1 8
1718451960266 0.1 9
1718451960932 0.1 10
1718451961599 0.1 11
1718451962434 0.1 12
1718451963382 0.1 13
1718451964331 0.1 14
1718451965232 0.1 15
1718451966132 0.1 16
1718451966981 0.1 17
1718451967831 0.1 18
1718451968699 0.1 19
1718451969567 0.1 20
1718451970397 0.1 21
1718451971214 0.1 22
1718451972030 0.1 23
1718451972857 0.1 24
1718451973700 0.1 25
1718451974580 0.1 26
1718451975415 0.1 27
1718451976229 0.1 28
1718451977079 0.1 29
1718451977879 0.1 30
1718451978695 0.1 31
1718451979482 0.1 32
1718451980262 0.1 33
1718451981028 0.1 34
1718451981812 0.1 35
1718451982565 0.1 36
1718451983328 0.1 37
1718451984145 0.1 38
1718451984911 0.1 39
1718451985711 0.1 40
1718451986488 0.1 41
1718451987143 0.1 42
1718451987793 0.1 43
1718451988460 0.1 44
1718451989110 0.1 45
1718451989744 0.1 46
1718451990395 0.1 47
1718451991026 0.1 48
1718451991675 0.1 49
