1718524389663 0.4885057471264368 0
1718524390213 1.0 1
1718524390766 1.0 2
1718524391346 1.0 3
1718524391913 1.0 4
1718524392446 0.514367816091954 5
1718524392979 1.0 6
1718524393535 1.0 7
1718524394112 1.0 8
1718524394662 1.0 9
1718524395179 1.0 10
1718524395683 1.0 11
1718524396245 1.0 12
1718524396778 1.0 13
1718524397281 1.0 14
1718524397733 1.0 15
1718524398145 1.0 16
1718524398595 1.0 17
1718524399044 1.0 18
1718524399461 1.0 19
1718524399911 1.0 20
1718524400345 1.0 21
1718524400797 1.0 22
1718524401244 1.0 23
1718524401711 1.0 24
1718524402177 1.0 25
1718524402677 1.0 26
1718524403143 1.0 27
1718524403737 1.0 28
1718524404194 1.0 29
1718524404647 1.0 30
1718524405094 1.0 31
1718524405560 1.0 32
1718524406010 1.0 33
1718524406460 1.0 34
1718524406926 1.0 35
1718524407376 1.0 36
1718524407847 1.0 37
1718524408279 1.0 38
1718524408726 1.0 39
1718524409176 1.0 40
1718524409626 1.0 41
1718524410076 1.0 42
1718524410542 1.0 43
1718524411011 1.0 44
1718524411459 1.0 45
1718524411915 1.0 46
1718524412345 1.0 47
1718524412792 1.0 48
1718524413225 1.0 49
