1718400880339 0.2608695652173913 0
1718400880638 0.4727272727272727 1
1718400880955 0.2608695652173913 2
1718400881271 0.30735930735930733 3
1718400881555 0.2608695652173913 4
1718400881855 0.33999999999999997 5
1718400882139 0.3846153846153846 6
1718400882422 0.5427807486631017 7
1718400882706 0.15 8
1718400882989 0.2375 9
1718400883258 0.625 10
1718400883556 0.625 11
1718400883940 0.18276460381723536 12
1718400884259 0.4303030303030303 13
1718400884540 0.5399449035812672 14
1718400884840 0.37977407208176434 15
1718400885109 0.5198135198135198 16
1718400885424 0.2121212121212121 17
1718400885710 0.32741617357001973 18
1718400886024 0.28750000000000003 19
1718400886309 0.24415584415584415 20
1718400886576 0.2604166666666667 21
1718400886893 0.25 22
1718400887193 0.2608695652173913 23
1718400887477 0.1894736842105263 24
1718400887798 0.16363636363636364 25
1718400888096 0.08928571428571429 26
1718400888412 0.2608695652173913 27
1718400888727 0.4583333333333333 28
1718400889028 0.4115384615384615 29
1718400889313 0.2608695652173913 30
1718400889611 0.5104166666666666 31
1718400889912 0.2608695652173913 32
1718400890212 0.49393939393939396 33
1718400890495 0.2608695652173913 34
1718400890812 0.2608695652173913 35
1718400891132 0.3891156462585034 36
1718400891446 0.4573529411764706 37
1718400891747 0.2608695652173913 38
1718400892046 0.1984126984126984 39
1718400892347 0.2608695652173913 40
1718400892630 0.17333333333333334 41
1718400892948 0.2608695652173913 42
1718400893231 0.46776859504132223 43
1718400893514 0.2608695652173913 44
1718400893864 0.38095238095238093 45
1718400894165 0.2608695652173913 46
1718400894465 0.5868983957219251 47
1718400894750 0.10714285714285714 48
1718400895065 0.5131313131313132 49
