1718328704399 0.02857142857142857 0
1718328704712 0.14285714285714285 1
1718328705055 0.02857142857142857 2
1718328705383 0.0 3
1718328705672 0.0 4
1718328705959 0.02857142857142857 5
1718328706237 0.0 6
1718328706517 0.0 7
1718328706804 0.0 8
1718328707078 0.0 9
1718328707364 0.0 10
1718328707641 0.0 11
1718328707929 0.0 12
1718328708211 0.0 13
1718328708495 0.0 14
1718328708786 0.0 15
1718328709070 0.0 16
1718328709367 0.0 17
1718328709663 0.0 18
1718328709974 0.0 19
1718328710264 0.0 20
1718328710582 0.0 21
1718328710882 0.0 22
1718328711172 0.0 23
1718328711475 0.0 24
1718328711768 0.0 25
1718328712069 0.0 26
1718328712389 0.0 27
1718328712699 0.05714285714285714 28
1718328712997 0.2571428571428571 29
1718328713283 0.2 30
1718328713601 0.14285714285714285 31
1718328713907 0.11428571428571428 32
1718328714195 0.05714285714285714 33
1718328714483 0.05714285714285714 34
1718328714790 0.05714285714285714 35
1718328715089 0.02857142857142857 36
1718328715392 0.11428571428571428 37
1718328715690 0.14285714285714285 38
1718328715997 0.11428571428571428 39
1718328716287 0.17142857142857143 40
1718328716580 0.11428571428571428 41
1718328716880 0.14285714285714285 42
1718328717166 0.05714285714285714 43
1718328717450 0.17142857142857143 44
1718328717743 0.05714285714285714 45
1718328718038 0.11428571428571428 46
1718328718332 0.17142857142857143 47
1718328718625 0.17142857142857143 48
1718328718922 0.14285714285714285 49
