1718415655977 0.3333333333333333 0
1718415656713 0.3333333333333333 1
1718415657410 0.3333333333333333 2
1718415658127 0.3333333333333333 3
1718415658844 0.3333333333333333 4
1718415659543 0.3333333333333333 5
1718415660277 0.3333333333333333 6
1718415660993 0.3333333333333333 7
1718415661693 0.3333333333333333 8
1718415662598 0.3333333333333333 9
1718415663509 0.3333333333333333 10
1718415664443 0.4 11
1718415665326 0.3333333333333333 12
1718415666246 0.3333333333333333 13
1718415667125 0.3333333333333333 14
1718415667992 0.3333333333333333 15
1718415668825 0.3333333333333333 16
1718415669725 0.3111111111111111 17
1718415670608 0.3333333333333333 18
1718415671491 0.3333333333333333 19
1718415672341 0.3333333333333333 20
1718415673174 0.3333333333333333 21
1718415674157 0.3333333333333333 22
1718415674990 0.3333333333333333 23
1718415675807 0.3333333333333333 24
1718415676690 0.3333333333333333 25
1718415677523 0.3333333333333333 26
1718415678390 0.3333333333333333 27
1718415679239 0.3333333333333333 28
1718415680089 0.0 29
1718415680939 0.0 30
1718415681839 0.3333333333333333 31
1718415682605 0.3333333333333333 32
1718415683369 0.3333333333333333 33
1718415684072 0.3333333333333333 34
1718415684788 0.3333333333333333 35
1718415685570 0.3333333333333333 36
1718415686388 0.3333333333333333 37
1718415687171 0.0 38
1718415687888 0.3333333333333333 39
1718415688588 0.3333333333333333 40
1718415689304 0.4615384615384615 41
1718415690037 0.3333333333333333 42
1718415690755 0.3333333333333333 43
1718415691481 0.3333333333333333 44
1718415692187 0.2222222222222222 45
1718415692887 0.3333333333333333 46
1718415693603 0.18181818181818182 47
1718415694336 0.3333333333333333 48
1718415695020 0.3333333333333333 49
