1717609331508 0.10848484848484849 0
1717609336956 0.18242424242424243 1
1717609342505 0.18363636363636363 2
1717609348309 0.19090909090909092 3
1717609354069 0.24181818181818182 4
1717609359635 0.20666666666666667 5
1717609365205 0.2381818181818182 6
1717609370900 0.23575757575757575 7
1717609376231 0.23212121212121212 8
1717609382214 0.20606060606060606 9
1717609388063 0.23696969696969697 10
1717609393692 0.20727272727272728 11
1717609399544 0.20303030303030303 12
1717609406692 0.21575757575757576 13
1717609412783 0.2309090909090909 14
1717609419140 0.23454545454545456 15
1717609425596 0.21575757575757576 16
1717609431974 0.24363636363636362 17
1717609438953 0.2315151515151515 18
1717609445395 0.22363636363636363 19
