1718354766339 1.0 0
1718354769200 1.0 1
1718354771907 1.0 2
1718354774750 1.0 3
1718354777428 1.0 4
1718354780275 1.0 5
1718354782939 1.0 6
1718354785608 1.0 7
1718354788331 1.0 8
1718354790907 1.0 9
1718354793636 1.0 10
1718354796323 1.0 11
1718354799142 1.0 12
1718354801725 1.0 13
1718354804600 1.0 14
1718354807261 1.0 15
1718354810057 1.0 16
1718354812652 1.0 17
1718354815463 1.0 18
1718354818118 1.0 19
1718354820987 1.0 20
1718354823968 1.0 21
1718354826942 1.0 22
1718354829452 1.0 23
1718354832148 1.0 24
1718354834740 1.0 25
1718354837433 1.0 26
1718354840035 1.0 27
1718354842793 1.0 28
1718354845367 1.0 29
1718354848157 1.0 30
1718354850807 1.0 31
1718354853532 1.0 32
1718354856064 1.0 33
1718354858947 1.0 34
1718354861521 1.0 35
1718354864279 1.0 36
1718354866942 1.0 37
1718354869717 1.0 38
1718354872274 1.0 39
1718354875049 1.0 40
1718354877675 1.0 41
1718354880460 1.0 42
1718354883306 1.0 43
1718354886314 1.0 44
1718354888965 1.0 45
1718354891754 1.0 46
1718354894409 1.0 47
1718354897248 1.0 48
1718354899900 1.0 49
