1718382182687 0.22857142857142856 0
1718382183073 0.14285714285714285 1
1718382183471 0.2857142857142857 2
1718382183854 0.2571428571428571 3
1718382184345 0.22857142857142856 4
1718382184716 0.17142857142857143 5
1718382185091 0.2571428571428571 6
1718382185482 0.2857142857142857 7
1718382185848 0.08571428571428572 8
1718382186221 0.42857142857142855 9
1718382186609 0.17142857142857143 10
1718382186985 0.3142857142857143 11
1718382187373 0.22857142857142856 12
1718382187757 0.42857142857142855 13
1718382188131 0.17142857142857143 14
1718382188530 0.2857142857142857 15
1718382188889 0.2857142857142857 16
1718382189273 0.4 17
1718382189674 0.22857142857142856 18
1718382190044 0.2857142857142857 19
1718382190429 0.3142857142857143 20
1718382190820 0.3142857142857143 21
1718382191210 0.2857142857142857 22
1718382191607 0.22857142857142856 23
1718382192009 0.42857142857142855 24
1718382192372 0.2857142857142857 25
1718382192728 0.3142857142857143 26
1718382193064 0.45714285714285713 27
1718382193410 0.42857142857142855 28
1718382193768 0.34285714285714286 29
1718382194103 0.2571428571428571 30
1718382194434 0.2857142857142857 31
1718382194786 0.17142857142857143 32
1718382195107 0.11428571428571428 33
1718382195439 0.37142857142857144 34
1718382195783 0.3142857142857143 35
1718382196112 0.4857142857142857 36
1718382196432 0.17142857142857143 37
1718382196770 0.11428571428571428 38
1718382197090 0.08571428571428572 39
1718382197424 0.2 40
1718382197765 0.2 41
1718382198096 0.3142857142857143 42
1718382198422 0.14285714285714285 43
1718382198752 0.2 44
1718382199070 0.22857142857142856 45
1718382199391 0.34285714285714286 46
1718382199712 0.34285714285714286 47
1718382200023 0.22857142857142856 48
1718382200340 0.3142857142857143 49
