1718382182722 0.38814814814814813 0
1718382183106 0.1457875457875458 1
1718382183505 0.40938935574229696 2
1718382183885 0.37198879551820724 3
1718382184377 0.33013676058658753 4
1718382184748 0.18788572221066496 5
1718382185123 0.4614121510673234 6
1718382185513 0.3697276011854017 7
1718382185879 0.15789473684210525 8
1718382186254 0.463007172565996 9
1718382186639 0.2679738562091503 10
1718382187017 0.38696969696969696 11
1718382187405 0.3132038288288288 12
1718382187788 0.4902597402597403 13
1718382188163 0.2164830119375574 14
1718382188562 0.4709851551956814 15
1718382188929 0.35521885521885527 16
1718382189304 0.49853347135955833 17
1718382189706 0.33126934984520123 18
1718382190078 0.49338624338624343 19
1718382190461 0.4845160286336756 20
1718382190852 0.492296918767507 21
1718382191243 0.3725677830940988 22
1718382191640 0.3352941176470588 23
1718382192035 0.47589653145208693 24
1718382192401 0.44862155388471187 25
1718382192754 0.4147812971342383 26
1718382193089 0.6021394064872326 27
1718382193439 0.5024761904761905 28
1718382193794 0.4859625668449198 29
1718382194128 0.38913690476190477 30
1718382194462 0.5342261904761905 31
1718382194811 0.32727272727272727 32
1718382195132 0.21455026455026452 33
1718382195466 0.5463169241825369 34
1718382195809 0.452559205500382 35
1718382196138 0.5877175124812176 36
1718382196458 0.22605042016806723 37
1718382196794 0.20584220584220583 38
1718382197116 0.15789473684210525 39
1718382197447 0.2828282828282828 40
1718382197791 0.1928888888888889 41
1718382198123 0.4438997821350763 42
1718382198444 0.2513935340022297 43
1718382198777 0.2724358974358974 44
1718382199095 0.3373737373737374 45
1718382199416 0.5008354218880534 46
1718382199736 0.4901960784313726 47
1718382200048 0.35049798686162326 48
1718382200366 0.49572649572649574 49
