1718329291137 0.37142857142857144 0
1718329291451 0.2857142857142857 1
1718329291776 0.37142857142857144 2
1718329292111 0.37142857142857144 3
1718329292408 0.2571428571428571 4
1718329292707 0.2571428571428571 5
1718329293000 0.3142857142857143 6
1718329293401 0.37142857142857144 7
1718329293722 0.2 8
1718329294033 0.2 9
1718329294324 0.17142857142857143 10
1718329294620 0.2 11
1718329294920 0.2857142857142857 12
1718329295232 0.2857142857142857 13
1718329295521 0.34285714285714286 14
1718329295825 0.37142857142857144 15
1718329296116 0.4 16
1718329296420 0.42857142857142855 17
1718329296725 0.34285714285714286 18
1718329297027 0.4 19
1718329297335 0.2571428571428571 20
1718329297632 0.2571428571428571 21
1718329297946 0.3142857142857143 22
1718329298253 0.2857142857142857 23
1718329298555 0.37142857142857144 24
1718329298868 0.34285714285714286 25
1718329299164 0.22857142857142856 26
1718329299468 0.08571428571428572 27
1718329299777 0.2 28
1718329300093 0.2857142857142857 29
1718329300389 0.3142857142857143 30
1718329300691 0.2857142857142857 31
1718329300996 0.22857142857142856 32
1718329301298 0.2857142857142857 33
1718329301596 0.2857142857142857 34
1718329301904 0.2571428571428571 35
1718329302209 0.2571428571428571 36
1718329302499 0.3142857142857143 37
1718329302798 0.3142857142857143 38
1718329303092 0.2857142857142857 39
1718329303398 0.2857142857142857 40
1718329303701 0.3142857142857143 41
1718329304014 0.34285714285714286 42
1718329304314 0.2 43
1718329304611 0.2571428571428571 44
1718329304921 0.2571428571428571 45
1718329305214 0.3142857142857143 46
1718329305513 0.2857142857142857 47
1718329305826 0.22857142857142856 48
1718329306123 0.22857142857142856 49
