1718331845439 0.11428571428571428 0
1718331845762 0.11428571428571428 1
1718331846100 0.11428571428571428 2
1718331846400 0.11428571428571428 3
1718331846698 0.11428571428571428 4
1718331846989 0.11428571428571428 5
1718331847268 0.11428571428571428 6
1718331847553 0.11428571428571428 7
1718331847848 0.11428571428571428 8
1718331848137 0.11428571428571428 9
1718331848425 0.11428571428571428 10
1718331848718 0.11428571428571428 11
1718331849014 0.11428571428571428 12
1718331849320 0.11428571428571428 13
1718331849656 0.11428571428571428 14
1718331849951 0.11428571428571428 15
1718331850238 0.11428571428571428 16
1718331850552 0.11428571428571428 17
1718331850861 0.11428571428571428 18
1718331851150 0.11428571428571428 19
1718331851452 0.11428571428571428 20
1718331851769 0.11428571428571428 21
1718331852053 0.11428571428571428 22
1718331852348 0.11428571428571428 23
1718331852644 0.11428571428571428 24
1718331852953 0.11428571428571428 25
1718331853248 0.11428571428571428 26
1718331853548 0.11428571428571428 27
1718331853989 0.11428571428571428 28
1718331854293 0.11428571428571428 29
1718331854594 0.11428571428571428 30
1718331854900 0.11428571428571428 31
1718331855184 0.11428571428571428 32
1718331855472 0.11428571428571428 33
1718331855782 0.11428571428571428 34
1718331856068 0.11428571428571428 35
1718331856364 0.11428571428571428 36
1718331856657 0.11428571428571428 37
1718331856954 0.11428571428571428 38
1718331857247 0.11428571428571428 39
1718331857535 0.11428571428571428 40
1718331857838 0.11428571428571428 41
1718331858129 0.11428571428571428 42
1718331858418 0.11428571428571428 43
1718331858724 0.11428571428571428 44
1718331859019 0.11428571428571428 45
1718331859307 0.11428571428571428 46
1718331859605 0.11428571428571428 47
1718331859903 0.11428571428571428 48
1718331860195 0.11428571428571428 49
