1718516993637 0.10484848484848484 0
1718516993984 0.13696969696969696 1
1718516994302 0.09454545454545454 2
1718516994635 0.10848484848484849 3
1718516994969 0.08969696969696969 4
1718516995300 0.1987878787878788 5
1718516995602 0.11212121212121212 6
1718516995918 0.08727272727272728 7
1718516996253 0.10848484848484849 8
1718516996583 0.08727272727272728 9
1718516996902 0.10848484848484849 10
1718516997335 0.09212121212121212 11
1718516997685 0.10848484848484849 12
1718516998038 0.17212121212121212 13
1718516998334 0.12727272727272726 14
1718516998668 0.10848484848484849 15
1718516999005 0.09212121212121212 16
1718516999334 0.09151515151515152 17
1718516999667 0.09151515151515152 18
1718516999984 0.09636363636363636 19
1718517000318 0.09151515151515152 20
1718517000634 0.10848484848484849 21
1718517000967 0.1709090909090909 22
1718517001284 0.21272727272727274 23
1718517001617 0.08727272727272728 24
1718517001934 0.10848484848484849 25
1718517002334 0.10848484848484849 26
1718517002800 0.10848484848484849 27
1718517003233 0.10848484848484849 28
1718517003683 0.10848484848484849 29
1718517004100 0.10848484848484849 30
1718517004500 0.11818181818181818 31
1718517004933 0.1896969696969697 32
1718517005333 0.10848484848484849 33
1718517005753 0.09212121212121212 34
1718517006186 0.10848484848484849 35
1718517006583 0.09212121212121212 36
1718517006999 0.09151515151515152 37
1718517007566 0.07575757575757576 38
1718517007983 0.09515151515151515 39
1718517008383 0.11454545454545455 40
1718517008799 0.18181818181818182 41
1718517009231 0.08727272727272728 42
1718517009632 0.10848484848484849 43
1718517010016 0.08727272727272728 44
1718517010399 0.10848484848484849 45
1718517010782 0.08727272727272728 46
1718517011166 0.10848484848484849 47
1718517011538 0.09151515151515152 48
1718517011932 0.08727272727272728 49
