1718491833277 0.1858163826278175 0
1718491836218 0.1858163826278175 1
1718491839048 0.1858163826278175 2
1718491841917 0.1858163826278175 3
1718491844769 0.1858163826278175 4
1718491847621 0.1858163826278175 5
1718491850423 0.2466604416485792 6
1718491853275 0.1858163826278175 7
1718491856094 0.1858163826278175 8
1718491858956 0.1858163826278175 9
1718491861801 0.1858163826278175 10
1718491865334 0.1858163826278175 11
1718491868904 0.1858163826278175 12
1718491872283 0.1858163826278175 13
1718491875292 0.1858163826278175 14
1718491878127 0.1858163826278175 15
1718491881029 0.1858163826278175 16
1718491883881 0.1858163826278175 17
1718491886736 0.1858163826278175 18
1718491889552 0.1858163826278175 19
1718491892354 0.1858163826278175 20
1718491895190 0.1858163826278175 21
1718491898024 0.1858163826278175 22
1718491900844 0.1858163826278175 23
1718491903615 0.1858163826278175 24
1718491906380 0.09000133138064172 25
1718491909288 0.1858163826278175 26
1718491912369 0.1858163826278175 27
1718491915205 0.09000133138064172 28
1718491918090 0.09033774252114449 29
1718491921009 0.1858163826278175 30
1718491924278 0.1858163826278175 31
1718491927864 0.1858163826278175 32
1718491931065 0.1858163826278175 33
1718491933936 0.1858163826278175 34
1718491936787 0.1858163826278175 35
1718491939590 0.1858163826278175 36
1718491942458 0.1858163826278175 37
1718491945313 0.1858163826278175 38
1718491948130 0.1858163826278175 39
1718491950985 0.1858163826278175 40
1718491953766 0.1858163826278175 41
1718491956569 0.1858163826278175 42
1718491959371 0.1858163826278175 43
1718491962206 0.1858163826278175 44
1718491965075 0.1858163826278175 45
1718491967945 0.1858163826278175 46
1718491970796 0.1858163826278175 47
1718491973615 0.1858163826278175 48
1718491976434 0.1858163826278175 49
