1717628658985 0.509375 0
1717628659721 1.0 1
1717628660428 1.0 2
1717628661128 1.0 3
1717628661829 1.0 4
1717628662546 1.0 5
1717628663279 1.0 6
1717628663997 1.0 7
1717628664573 1.0 8
1717628665061 1.0 9
1717628665745 1.0 10
1717628666477 1.0 11
1717628667238 1.0 12
1717628667980 1.0 13
1717628668693 1.0 14
1717628669409 1.0 15
1717628670092 1.0 16
1717628670810 1.0 17
1717628671544 1.0 18
1717628672359 1.0 19
1717628673180 1.0 20
1717628673943 1.0 21
1717628674671 1.0 22
1717628675392 1.0 23
1717628676112 1.0 24
1717628676660 1.0 25
1717628677343 1.0 26
1717628678091 1.0 27
1717628678805 1.0 28
1717628679541 1.0 29
1717628680259 1.0 30
1717628680959 1.0 31
1717628681675 1.0 32
1717628682402 1.0 33
1717628683114 1.0 34
1717628683825 1.0 35
1717628684558 1.0 36
1717628685275 1.0 37
1717628685967 1.0 38
1717628686725 1.0 39
1717628687490 1.0 40
1717628688374 1.0 41
1717628689098 1.0 42
1717628689824 1.0 43
1717628690555 1.0 44
1717628691274 1.0 45
1717628691973 1.0 46
1717628692690 1.0 47
1717628693406 1.0 48
1717628694106 1.0 49
