1718400895482 0.03972768783569336 0
1718400895782 0.09909915924072266 1
1718400896099 0.00044465065002441406 2
1718400896418 -0.046457529067993164 3
1718400896700 0.16608715057373047 4
1718400897001 0.0586543083190918 5
1718400897285 0.05314755439758301 6
1718400897550 0.022319316864013672 7
1718400897851 0.09912371635437012 8
1718400898134 0.0635077953338623 9
1718400898401 -0.05938291549682617 10
1718400898701 -0.022156953811645508 11
1718400899001 0.009675979614257812 12
1718400899285 -0.050733089447021484 13
1718400899568 0.039763689041137695 14
1718400899868 -0.0449826717376709 15
1718400900152 -0.020659446716308594 16
1718400900419 -0.044457435607910156 17
1718400900704 0.16568589210510254 18
1718400901003 0.1317765712738037 19
1718400901303 0.012042999267578125 20
1718400901571 0.09749531745910645 21
1718400901862 0.06483292579650879 22
1718400902205 0.02228856086730957 23
1718400902808 0.052912235260009766 24
1718400903305 0.08704376220703125 25
1718400903709 0.04298520088195801 26
1718400904089 0.08366060256958008 27
1718400904489 0.11056804656982422 28
1718400904889 0.05652809143066406 29
1718400905290 0.03817915916442871 30
1718400905625 -0.12273979187011719 31
1718400905990 0.18007993698120117 32
1718400906344 0.021419763565063477 33
1718400906709 0.1179039478302002 34
1718400907074 0.16132664680480957 35
1718400907425 0.13812804222106934 36
1718400907807 -0.04030632972717285 37
1718400908142 0.12785863876342773 38
1718400908475 -0.008309364318847656 39
1718400908842 0.0223696231842041 40
1718400909193 0.040399789810180664 41
1718400909543 0.06716489791870117 42
1718400909893 -0.0389866828918457 43
1718400910243 0.047846317291259766 44
1718400910611 -0.025051116943359375 45
1718400910977 0.07236790657043457 46
1718400911327 0.05357217788696289 47
1718400911662 0.1235799789428711 48
1718400912130 -0.023347139358520508 49
