1718353777835 10.681859970092773 0
1718353780336 10.77737808227539 1
1718353782645 10.73813247680664 2
1718353785158 10.681267738342285 3
1718353787606 10.634054183959961 4
1718353790036 10.598587989807129 5
1718353792453 10.572296142578125 6
1718353794804 10.552618980407715 7
1718353797267 10.537696838378906 8
1718353799668 10.526176452636719 9
1718353802423 10.517151832580566 10
1718353805141 10.509986877441406 11
1718353807594 10.504232406616211 12
1718353809928 10.499552726745605 13
1718353812205 10.495712280273438 14
1718353814519 10.492513656616211 15
1718353816744 10.489840507507324 16
1718353819236 10.487600326538086 17
1718353821519 10.485682487487793 18
1718353823986 10.484055519104004 19
1718353826226 10.482646942138672 20
1718353828548 10.48143482208252 21
1718353831063 10.480377197265625 22
1718353833315 10.479466438293457 23
1718353835785 4.894610404968262 24
1718353838111 4.947590351104736 25
1718353840630 4.973177909851074 26
1718353842998 4.972720623016357 27
1718353845467 4.96663236618042 28
1718353847912 4.957479476928711 29
1718353850162 6.317275047302246 30
1718353852633 4.848544120788574 31
1718353854916 4.912677764892578 32
1718353857333 4.958713054656982 33
1718353859642 4.985781192779541 34
1718353862088 5.026236057281494 35
1718353864963 5.028743743896484 36
1718353867325 5.025357246398926 37
1718353869876 5.022086143493652 38
1718353872158 5.019261837005615 39
1718353874650 5.017087459564209 40
1718353877023 5.015481472015381 41
1718353879502 5.0142669677734375 42
1718353881729 5.013305187225342 43
1718353884054 5.012522220611572 44
1718353886506 5.01187801361084 45
1718353888813 5.0113420486450195 46
1718353891201 5.010898113250732 47
1718353893433 5.010532855987549 48
1718353895915 5.010232925415039 49
