1717628624337 0.09151515151515152 0
1717628625120 0.09151515151515152 1
1717628625820 0.09151515151515152 2
1717628626527 0.09151515151515152 3
1717628627253 0.09151515151515152 4
1717628627979 0.09151515151515152 5
1717628628701 0.09151515151515152 6
1717628629384 0.09151515151515152 7
1717628630103 0.09151515151515152 8
1717628630773 0.09151515151515152 9
1717628631435 0.09151515151515152 10
1717628632215 0.09151515151515152 11
1717628633053 0.09151515151515152 12
1717628633827 0.09151515151515152 13
1717628634679 0.09151515151515152 14
1717628635568 0.09151515151515152 15
1717628636275 0.09151515151515152 16
1717628637043 0.09151515151515152 17
1717628637689 0.09151515151515152 18
1717628638336 0.09151515151515152 19
1717628639028 0.09151515151515152 20
1717628639686 0.09151515151515152 21
1717628640452 0.09151515151515152 22
1717628641402 0.09151515151515152 23
1717628641999 0.09151515151515152 24
1717628642602 0.09151515151515152 25
1717628643302 0.09151515151515152 26
1717628643932 0.09151515151515152 27
1717628644525 0.09151515151515152 28
1717628645315 0.09151515151515152 29
1717628645944 0.09151515151515152 30
1717628646442 0.09151515151515152 31
1717628647071 0.09151515151515152 32
1717628647715 0.09151515151515152 33
1717628648380 0.09151515151515152 34
1717628649072 0.09151515151515152 35
1717628649702 0.09151515151515152 36
1717628650333 0.09151515151515152 37
1717628650910 0.09151515151515152 38
1717628651397 0.09151515151515152 39
1717628652015 0.09151515151515152 40
1717628652647 0.09151515151515152 41
1717628653331 0.09151515151515152 42
1717628653872 0.09151515151515152 43
1717628654514 0.09151515151515152 44
1717628655197 0.09151515151515152 45
1717628655764 0.09151515151515152 46
1717628656396 0.09151515151515152 47
1717628657075 0.09151515151515152 48
1717628657803 0.09151515151515152 49
