1718375108437 2.012993335723877 0
1718375109143 2.256474018096924 1
1718375109871 2.048696517944336 2
1718375110570 2.175340414047241 3
1718375111280 2.214843273162842 4
1718375112016 2.134586811065674 5
1718375112822 2.2048721313476562 6
1718375113648 2.0102152824401855 7
1718375114560 2.24373197555542 8
1718375115283 1.9043169021606445 9
1718375115950 2.1633589267730713 10
1718375116709 2.0765185356140137 11
1718375117382 2.15401291847229 12
1718375118050 2.206134796142578 13
1718375118783 2.1280884742736816 14
1718375119468 2.186295986175537 15
1718375120141 1.690746545791626 16
1718375120842 2.012514591217041 17
1718375121664 2.2061214447021484 18
1718375122374 2.255002498626709 19
1718375123054 2.172057628631592 20
1718375123728 2.3407113552093506 21
1718375124418 2.254643678665161 22
1718375125061 2.323573112487793 23
1718375125756 2.2127654552459717 24
1718375126650 2.148803234100342 25
1718375127430 2.1565780639648438 26
1718375128085 2.509542465209961 27
1718375128766 2.288118600845337 28
1718375129456 1.8018852472305298 29
1718375130196 2.321821689605713 30
1718375130874 2.287292957305908 31
1718375131530 1.9230037927627563 32
1718375132184 2.186297655105591 33
1718375132850 2.1503329277038574 34
1718375133518 2.1479010581970215 35
1718375134162 2.1578681468963623 36
1718375134830 2.170628309249878 37
1718375135515 2.018648147583008 38
1718375136182 1.746118187904358 39
1718375136847 2.0875754356384277 40
1718375137517 2.2788102626800537 41
1718375138173 2.1837985515594482 42
1718375138841 2.017392635345459 43
1718375139501 2.179016590118408 44
1718375140159 1.7648861408233643 45
1718375140823 2.1769776344299316 46
1718375141507 1.8832861185073853 47
1718375142179 2.1871962547302246 48
1718375142833 2.029454469680786 49
