1718438344446 0.0 0
1718438345229 0.0 1
1718438345979 0.0 2
1718438346729 0.0 3
1718438347478 0.0 4
1718438348246 0.0 5
1718438349012 0.0 6
1718438349811 0.0 7
1718438350615 0.0 8
1718438351397 0.0 9
1718438352198 0.0 10
1718438353046 0.0 11
1718438353827 0.0 12
1718438354599 0.0 13
1718438355327 0.0 14
1718438356084 0.0 15
1718438356814 0.0 16
1718438357531 0.0 17
1718438358285 0.0 18
1718438359084 0.0 19
1718438359797 0.0 20
1718438360547 0.0 21
1718438361281 0.0 22
1718438361992 0.0 23
1718438362709 0.0 24
1718438363459 0.0 25
1718438364161 0.0 26
1718438364925 0.0 27
1718438365541 0.0 28
1718438366141 0.0 29
1718438366741 0.0 30
1718438367324 0.0 31
1718438367941 0.0 32
1718438368541 0.0 33
1718438369191 0.0 34
1718438369774 0.0 35
1718438370374 0.0 36
1718438370974 0.0 37
1718438371574 0.0 38
1718438372173 0.0 39
1718438372773 0.0 40
1718438373373 0.0 41
1718438373973 0.0 42
1718438374576 0.0 43
1718438375173 0.0 44
1718438375773 0.0 45
1718438376373 0.0 46
1718438376964 0.0 47
1718438377557 0.0 48
1718438378161 0.0 49
