1718538830756 -3904239817.69697 0
1718538831088 -8261588898.909092 1
1718538831440 -8085195900.121212 2
1718538831788 -17108714527.030304 3
1718538832137 -16743413511.757576 4
1718538832621 -35429997102.545456 5
1718538832970 -34673514061.57576 6
1718538833320 -73371070091.63635 7
1718538833671 -71804493079.2727 8
1718538834004 -151942310074.18182 9
1718538834370 -148698053663.03027 10
1718538834720 -314653455949.5758 11
1718538835070 -307935085536.9697 12
1718538835421 -651607660854.303 13
1718538835772 -637695170373.8184 14
1718538836103 -1349398147692.606 15
1718538836440 -1320587096188.121 16
1718538836822 -2794434298848.9697 17
1718538837169 -2734768402059.6367 18
1718538837506 -5786922631664.484 19
1718538837836 -5663363551604.363 20
1718538838201 -11983987821971.395 21
1718538838536 -11728107729020.125 22
1718538838869 -24817342730612.36 23
1718538839203 -24287455525422.547 24
1718538839552 -51393593915950.53 25
1718538839936 -50296298405888.0 26
1718538840336 -106429689451861.31 27
1718538840702 -104157265876309.31 28
1718538841056 -220402540283842.0 29
1718538841434 -215696585594693.88 30
1718538841885 -456426191831536.5 31
1718538842272 -446680600912616.75 32
1718538842769 -945200859208983.5 33
1718538843255 -925019714871544.0 34
1718538843755 -1957392755521598.0 35
1718538844235 -1915599347952299.0 36
1718538844668 -4053513784413588.0 37
1718538845135 -3966966272614648.0 38
1718538845568 -8394324243557036.0 39
1718538845985 -8215088002403236.0 40
1718538846459 -1.7383590480568568e+16 41
1718538846903 -1.7012412639020992e+16 42
1718538847334 -3.599923879373184e+16 43
1718538847801 -3.52305975203336e+16 44
1718538848234 -7.454989145640637e+16 45
1718538848668 -7.295814638158717e+16 46
1718538849117 -1.5438355215655654e+17 47
1718538849553 -1.51087113217269e+17 48
1718538849985 -3.197087745384438e+17 49
