1718531515394 -6.652161611118558 0
1718531516344 -2.6282801404359493 1
1718531517294 -1.259154408374883 2
1718531518225 -5.882151790384469 3
1718531519150 -4.598568727316657 4
1718531520060 -8.093890907725616 5
1718531520960 -7.214913215695439 6
1718531521913 -2.172174669562935 7
1718531523143 8.368919582509283 8
1718531524309 4.041876140842065 9
1718531525429 -19.808129388463275 10
1718531526575 3.835024024500992 11
1718531527692 -0.09267504910223678 12
1718531529058 -23.55315299915113 13
1718531530223 3.785128804204261 14
1718531531324 -12.450199999673396 15
1718531532441 1.8812208359244718 16
1718531533572 -0.3773395492986342 17
1718531534624 5.372019277660623 18
1718531535657 -0.585749806483264 19
1718531536702 -7.201625239654991 20
1718531537708 -4.213170638913645 21
1718531538672 -4.693539116782661 22
1718531539606 -3.7049141509238535 23
1718531540620 0.6516171540948719 24
1718531541571 -0.41093675675622876 25
1718531542441 -17.8132732131534 26
1718531543305 4.088697940582929 27
1718531544222 -16.156409671596684 28
1718531545108 6.891474302350964 29
1718531546071 4.685705278966828 30
1718531547004 3.858214137404282 31
1718531547888 -10.096838185578006 32
1718531548854 -5.094445010201525 33
1718531549837 -12.939088230378916 34
1718531550757 -1.4841705904401614 35
1718531551670 4.137081852977172 36
1718531552553 -2.1500278932376453 37
1718531553487 -10.916658958392357 38
1718531554403 3.2261968510067867 39
1718531555336 -1.23713798401098 40
1718531556256 2.6320827591478526 41
1718531557153 -4.747357899303729 42
1718531558102 -17.444227177193135 43
1718531559002 -0.8633843333620881 44
1718531559935 -2.026410522637784 45
1718531560852 -2.6730746228950473 46
1718531561785 -0.6178490224870181 47
1718531562701 -0.04333998756891866 48
1718531563601 1.6995600636514379 49
