1718434518299 5.009060859680176 0
1718434518724 6.137265682220459 1
1718434519165 2.317854642868042 2
1718434519569 8.881421089172363 3
1718434519982 2.9137091636657715 4
1718434520365 10.453526496887207 5
1718434520752 7.437566757202148 6
1718434521148 9.755221366882324 7
1718434521531 6.702934265136719 8
1718434521931 2.4444992542266846 9
1718434522331 9.935592651367188 10
1718434522733 2.482623815536499 11
1718434523148 2.966066598892212 12
1718434523564 4.172726631164551 13
1718434523998 5.07404088973999 14
1718434524431 14.400778770446777 15
1718434524831 2.7462358474731445 16
1718434525247 2.871495485305786 17
1718434525634 7.49887752532959 18
1718434526014 8.976945877075195 19
1718434526364 3.9844067096710205 20
1718434526746 19.292970657348633 21
1718434527099 3.041123151779175 22
1718434527468 5.5457763671875 23
1718434527818 3.4823079109191895 24
1718434528180 4.532302379608154 25
1718434528534 2.467447519302368 26
1718434528897 7.295006275177002 27
1718434529266 2.921891212463379 28
1718434529650 5.144464015960693 29
1718434530018 2.836073160171509 30
1718434530380 3.305372714996338 31
1718434530746 4.215428352355957 32
1718434531113 7.659241199493408 33
1718434531446 3.292942523956299 34
1718434531811 4.424859523773193 35
1718434532163 12.176607131958008 36
1718434532529 6.058799743652344 37
1718434532895 2.4075944423675537 38
1718434533247 4.018024444580078 39
1718434533596 3.180846691131592 40
1718434533946 2.448852062225342 41
1718434534279 3.654111623764038 42
1718434534629 3.008000373840332 43
1718434534962 5.288848400115967 44
1718434535329 6.233179569244385 45
1718434535666 2.514888048171997 46
1718434536028 2.9950592517852783 47
1718434536362 13.17431354522705 48
1718434536712 12.506717681884766 49
