1718331611513 0.22857142857142856 0
1718331611855 0.22857142857142856 1
1718331612155 0.22857142857142856 2
1718331612458 0.22857142857142856 3
1718331612782 0.22857142857142856 4
1718331613068 0.22857142857142856 5
1718331613360 0.22857142857142856 6
1718331613652 0.22857142857142856 7
1718331613934 0.22857142857142856 8
1718331614222 0.22857142857142856 9
1718331614507 0.22857142857142856 10
1718331614814 0.22857142857142856 11
1718331615106 0.22857142857142856 12
1718331615388 0.22857142857142856 13
1718331615689 0.22857142857142856 14
1718331615979 0.22857142857142856 15
1718331616285 0.22857142857142856 16
1718331616589 0.22857142857142856 17
1718331616878 0.22857142857142856 18
1718331617165 0.22857142857142856 19
1718331617451 0.22857142857142856 20
1718331617755 0.22857142857142856 21
1718331618048 0.22857142857142856 22
1718331618338 0.22857142857142856 23
1718331618641 0.22857142857142856 24
1718331618950 0.22857142857142856 25
1718331619263 0.22857142857142856 26
1718331619555 0.22857142857142856 27
1718331619860 0.22857142857142856 28
1718331620154 0.22857142857142856 29
1718331620449 0.22857142857142856 30
1718331620752 0.22857142857142856 31
1718331621046 0.22857142857142856 32
1718331621341 0.22857142857142856 33
1718331621644 0.22857142857142856 34
1718331621950 0.22857142857142856 35
1718331622249 0.2 36
1718331622540 0.2571428571428571 37
1718331622848 0.2571428571428571 38
1718331623129 0.2571428571428571 39
1718331623429 0.2571428571428571 40
1718331623722 0.2571428571428571 41
1718331624008 0.2571428571428571 42
1718331624292 0.2571428571428571 43
1718331624585 0.2571428571428571 44
1718331624887 0.2571428571428571 45
1718331625173 0.2571428571428571 46
1718331625459 0.2571428571428571 47
1718331625767 0.2571428571428571 48
1718331626057 0.2571428571428571 49
