1718383824389 -0.5707646608352661 0
1718383824701 0.18003511428833008 1
1718383825035 -0.14131402969360352 2
1718383825387 -0.1268002986907959 3
1718383825699 -0.12497377395629883 4
1718383826023 0.07273197174072266 5
1718383826343 -0.050499916076660156 6
1718383826652 -0.3212167024612427 7
1718383826970 -0.22793364524841309 8
1718383827275 -0.2235698699951172 9
1718383827587 -0.11727070808410645 10
1718383827907 -0.021042585372924805 11
1718383828232 -0.032744646072387695 12
1718383828546 -0.0067996978759765625 13
1718383828893 0.004150867462158203 14
1718383829254 0.00926351547241211 15
1718383829567 0.011116743087768555 16
1718383829875 0.011146068572998047 17
1718383830374 0.0102081298828125 18
1718383830677 0.00880575180053711 19
1718383831000 0.0072286128997802734 20
1718383831333 0.005637645721435547 21
1718383831651 0.004114627838134766 22
1718383831972 0.002700328826904297 23
1718383832296 0.001407623291015625 24
1718383832613 0.00023651123046875 25
1718383832954 -0.0008187294006347656 26
1718383833283 -0.001768350601196289 27
1718383833604 -0.002622842788696289 28
1718383833923 -0.003391265869140625 29
1718383834256 -0.0040853023529052734 30
1718383834569 -0.004711627960205078 31
1718383834894 -0.005079507827758789 32
1718383835234 -0.005498647689819336 33
1718383835553 -0.005839824676513672 34
1718383835878 -0.21465706825256348 35
1718383836218 -0.21453404426574707 36
1718383836544 -0.21441984176635742 37
1718383836870 -0.21431398391723633 38
1718383837215 -0.2142167091369629 39
1718383837535 -0.214127779006958 40
1718383837863 -0.21404695510864258 41
1718383838195 -0.2139730453491211 42
1718383838513 -0.21390557289123535 43
1718383838848 -0.21384572982788086 44
1718383839186 -0.2137918472290039 45
1718383839503 -0.21374297142028809 46
1718383839816 -0.2136991024017334 47
1718383840152 -0.21366000175476074 48
1718383840474 -0.21362590789794922 49
