1718390636022 0.6521715521812439 0
1718390636266 0.5977221727371216 1
1718390636523 0.6142715215682983 2
1718390636764 0.6077435612678528 3
1718390636999 0.564425528049469 4
1718390637257 0.5086148381233215 5
1718390637497 0.4991190433502197 6
1718390637728 0.48862555623054504 7
1718390637963 0.5317499041557312 8
1718390638195 0.5153969526290894 9
1718390638447 0.5106949210166931 10
1718390638684 0.5554491281509399 11
1718390638917 0.5900145173072815 12
1718390639145 0.6578229665756226 13
1718390639383 0.655031144618988 14
1718390639620 0.9800692200660706 15
1718390639842 1.1572824716567993 16
1718390640091 0.7843053340911865 17
1718390640363 0.6710243225097656 18
1718390640607 0.5543330907821655 19
1718390640843 0.5559217929840088 20
1718390641079 0.5835808515548706 21
1718390641324 0.638389527797699 22
1718390641560 0.5779939293861389 23
1718390641782 0.5810809135437012 24
1718390642018 0.5418707132339478 25
1718390642283 0.5644734501838684 26
1718390642623 0.615708589553833 27
1718390642916 0.595353901386261 28
1718390643223 0.5557659864425659 29
1718390643527 0.5294175148010254 30
1718390643833 0.6411964297294617 31
1718390644161 0.7825244069099426 32
1718390644452 0.8803401589393616 33
1718390644735 0.8054555654525757 34
1718390645030 0.5996793508529663 35
1718390645318 0.556894063949585 36
1718390645600 0.6014506220817566 37
1718390645887 0.6045069694519043 38
1718390646383 0.5932847261428833 39
1718390646667 0.557827889919281 40
1718390646950 0.529298722743988 41
1718390647234 0.5987708568572998 42
1718390647521 0.6701581478118896 43
1718390647798 0.6793091297149658 44
1718390648075 0.5381851196289062 45
1718390648372 0.5342488288879395 46
1718390648661 0.5728597640991211 47
1718390648942 0.5954342484474182 48
1718390649227 0.5374742150306702 49
