1718384525915 -0.0009260177612304688 0
1718384526316 -0.006678581237792969 1
1718384526712 -0.010698556900024414 2
1718384527100 -0.013870954513549805 3
1718384527486 -0.016619443893432617 4
1718384527861 -0.019143104553222656 5
1718384528344 -0.021532058715820312 6
1718384528810 -0.023821115493774414 7
1718384529272 -0.02602362632751465 8
1718384529648 -0.028138160705566406 9
1718384530049 -0.030161619186401367 10
1718384530432 -0.032089948654174805 11
1718384530852 -0.03391838073730469 12
1718384531219 -0.035646915435791016 13
1718384531582 -0.037273406982421875 14
1718384531943 -0.03879952430725098 15
1718384532325 -0.04022693634033203 16
1718384532724 -0.04155755043029785 17
1718384533134 -0.04279613494873047 18
1718384533526 -0.043946027755737305 19
1718384533893 -0.04501223564147949 20
1718384534288 -0.04467439651489258 21
1718384534683 -0.04663705825805664 22
1718384534992 0.06092214584350586 23
1718384535320 0.06914567947387695 24
1718384535685 0.10327887535095215 25
1718384535998 0.16203904151916504 26
1718384536335 0.21194791793823242 27
1718384536656 0.19678950309753418 28
1718384536967 0.05282998085021973 29
1718384537278 0.010622978210449219 30
1718384537657 -0.02302682399749756 31
1718384538019 -0.4372478723526001 32
1718384538352 -0.37154972553253174 33
1718384538687 0.003147125244140625 34
1718384539011 -0.053209781646728516 35
1718384539346 -0.2829892635345459 36
1718384539662 -0.2523925304412842 37
1718384539978 -0.06784868240356445 38
1718384540305 -0.04939866065979004 39
1718384540625 -0.03658699989318848 40
1718384540943 -0.027551889419555664 41
1718384541271 -0.020990371704101562 42
1718384541593 -0.01614689826965332 43
1718384541909 -0.012558937072753906 44
1718384542225 -0.009924173355102539 45
1718384542556 -0.008028268814086914 46
1718384542878 -0.006710052490234375 47
1718384543198 -0.0058460235595703125 48
1718384543539 -0.005337953567504883 49
