1718538284795 nan 0
1718538285265 nan 1
1718538285712 nan 2
1718538286162 nan 3
1718538286598 nan 4
1718538287045 nan 5
1718538287478 nan 6
1718538287911 nan 7
1718538288344 nan 8
1718538288778 nan 9
1718538289227 nan 10
1718538289644 nan 11
1718538290111 nan 12
1718538290527 nan 13
1718538290977 nan 14
1718538291394 nan 15
1718538291827 nan 16
1718538292263 nan 17
1718538292694 nan 18
1718538293127 nan 19
1718538293580 nan 20
1718538294043 nan 21
1718538294493 nan 22
1718538294963 nan 23
1718538295443 nan 24
1718538295928 nan 25
1718538296359 nan 26
1718538296793 nan 27
1718538297262 nan 28
1718538297676 nan 29
1718538298126 nan 30
1718538298575 nan 31
1718538299026 nan 32
1718538299445 nan 33
1718538299917 nan 34
1718538300392 nan 35
1718538300859 nan 36
1718538301309 nan 37
1718538301725 nan 38
1718538302175 nan 39
1718538302815 nan 40
1718538303410 nan 41
1718538303991 nan 42
1718538304545 nan 43
1718538305102 nan 44
1718538305643 nan 45
1718538306207 nan 46
1718538306762 nan 47
1718538307311 nan 48
1718538307843 nan 49
