1718547035739 1.0 0
1718547036090 1.0 1
1718547036458 1.0 2
1718547036804 1.0 3
1718547037139 1.0 4
1718547037504 1.0 5
1718547037843 1.0 6
1718547038208 1.0 7
1718547038555 1.0 8
1718547038922 1.0 9
1718547039258 1.0 10
1718547039608 1.0 11
1718547040075 1.0 12
1718547040422 1.0 13
1718547040772 1.0 14
1718547041107 1.0 15
1718547041455 1.0 16
1718547041822 1.0 17
1718547042220 1.0 18
1718547042571 1.0 19
1718547042955 1.0 20
1718547043297 1.0 21
1718547043621 1.0 22
1718547043971 1.0 23
1718547044321 1.0 24
1718547044687 1.0 25
1718547045038 1.0 26
1718547045371 1.0 27
1718547045740 1.0 28
1718547046088 1.0 29
1718547046421 1.0 30
1718547046756 1.0 31
1718547047087 1.0 32
1718547047441 1.0 33
1718547047770 1.0 34
1718547048137 1.0 35
1718547048523 1.0 36
1718547048887 1.0 37
1718547049602 1.0 38
1718547050105 1.0 39
1718547050638 1.0 40
1718547051269 1.0 41
1718547051692 1.0 42
1718547052104 1.0 43
1718547052552 1.0 44
1718547052913 1.0 45
1718547053290 1.0 46
1718547053638 1.0 47
1718547054069 1.0 48
1718547054452 1.0 49
