1718408309290 0.07164179104477612 0
1718408309573 0.05373134328358209 1
1718408309839 0.04477611940298507 2
1718408310123 0.1208955223880597 3
1718408310423 0.11791044776119403 4
1718408310641 0.12238805970149254 5
1718408310857 0.14626865671641792 6
1718408311073 0.16567164179104477 7
1718408311290 0.21940298507462686 8
1718408311490 0.18507462686567164 9
1718408311706 0.09402985074626866 10
1718408311931 0.11343283582089553 11
1718408312123 0.11343283582089553 12
1718408312555 0.11641791044776119 13
1718408312739 0.11641791044776119 14
1718408312939 0.10895522388059702 15
1718408313155 0.11343283582089553 16
1718408313373 0.11343283582089553 17
1718408313573 0.11343283582089553 18
1718408313772 0.18208955223880596 19
1718408313989 0.1208955223880597 20
1718408314197 0.13880597014925372 21
1718408314389 0.19402985074626866 22
1718408314589 0.17164179104477612 23
1718408314789 0.09402985074626866 24
1718408315006 0.11343283582089553 25
1718408315206 0.1880597014925373 26
1718408315405 0.11641791044776119 27
1718408315605 0.11343283582089553 28
1718408315806 0.16865671641791044 29
1718408316022 0.11940298507462686 30
1718408316222 0.16567164179104477 31
1718408316438 0.11641791044776119 32
1718408316639 0.11343283582089553 33
1718408316839 0.09402985074626866 34
1718408317055 0.16417910447761194 35
1718408317255 0.09402985074626866 36
1718408317455 0.208955223880597 37
1718408317672 0.19402985074626866 38
1718408317872 0.11641791044776119 39
1718408318105 0.11343283582089553 40
1718408318305 0.11343283582089553 41
1718408318522 0.11641791044776119 42
1718408318739 0.12238805970149254 43
1718408318955 0.15970149253731344 44
1718408319155 0.24776119402985075 45
1718408319372 0.22238805970149253 46
1718408319572 0.11641791044776119 47
1718408319789 0.11343283582089553 48
1718408320005 0.09850746268656717 49
