1718452863671 0.1 0
1718452864171 0.1 1
1718452864660 0.1 2
1718452865106 0.1 3
1718452865538 0.1 4
1718452865958 0.1 5
1718452866371 0.1 6
1718452866805 0.1 7
1718452867221 0.1 8
1718452867637 0.1 9
1718452868057 0.1 10
1718452868471 0.1 11
1718452868904 0.1 12
1718452869337 0.1 13
1718452869787 0.1 14
1718452870257 0.1 15
1718452870720 0.1 16
1718452871154 0.1 17
1718452871603 0.1 18
1718452872020 0.1 19
1718452872470 0.1 20
1718452872940 0.1 21
1718452873370 0.1 22
1718452873836 0.1 23
1718452874319 0.1 24
1718452874803 0.1 25
1718452875236 0.1 26
1718452875685 0.1 27
1718452876107 0.1 28
1718452876552 0.1 29
1718452876989 0.1 30
1718452877402 0.1 31
1718452877819 0.1 32
1718452878235 0.1 33
1718452878667 0.1 34
1718452879090 0.1 35
1718452879602 0.1 36
1718452880001 0.1 37
1718452880390 0.1 38
1718452880788 0.1 39
1718452881151 0.1 40
1718452881521 0.1 41
1718452881901 0.1 42
1718452882301 0.1 43
1718452882700 0.1 44
1718452883068 0.1 45
1718452883451 0.1 46
1718452883834 0.1 47
1718452884251 0.1 48
1718452884634 0.1 49
