1718518989143 1.0 0
1718518994128 1.0 1
1718518998741 1.0 2
1718519003123 1.0 3
1718519007602 1.0 4
1718519012008 1.0 5
1718519016371 1.0 6
1718519020786 1.0 7
1718519025189 1.0 8
1718519029518 1.0 9
1718519033834 1.0 10
1718519038256 1.0 11
1718519042882 1.0 12
1718519048264 1.0 13
1718519053180 1.0 14
1718519057946 1.0 15
1718519062365 1.0 16
1718519066811 1.0 17
1718519071314 1.0 18
1718519075795 1.0 19
1718519080158 1.0 20
1718519084441 1.0 21
1718519088756 1.0 22
1718519093293 1.0 23
1718519097688 1.0 24
1718519102036 1.0 25
1718519107254 1.0 26
1718519112251 1.0 27
1718519117119 1.0 28
1718519121533 1.0 29
1718519126069 1.0 30
1718519130357 1.0 31
1718519134684 1.0 32
1718519139113 1.0 33
1718519143446 1.0 34
1718519147911 1.0 35
1718519152311 1.0 36
1718519156743 1.0 37
1718519161292 1.0 38
1718519166324 1.0 39
1718519171374 1.0 40
1718519176183 1.0 41
1718519180795 1.0 42
1718519185257 1.0 43
1718519189636 1.0 44
1718519193952 0.53125 45
1718519198318 1.0 46
1718519202684 1.0 47
1718519207033 1.0 48
1718519211432 1.0 49
