1718329933312 -0.07003819942474365 0
1718329933647 -0.03682208061218262 1
1718329933939 0.16468381881713867 2
1718329934231 0.1374053955078125 3
1718329934539 0.15458333492279053 4
1718329934828 0.14662742614746094 5
1718329935118 -0.10987091064453125 6
1718329935425 -0.05562853813171387 7
1718329935716 -0.0621415376663208 8
1718329936008 0.18787717819213867 9
1718329936308 0.01094365119934082 10
1718329936604 -0.294785737991333 11
1718329936896 -0.025122642517089844 12
1718329937185 0.020798444747924805 13
1718329937494 0.21972203254699707 14
1718329937778 0.21223032474517822 15
1718329938070 0.10932397842407227 16
1718329938371 0.1270005702972412 17
1718329938677 0.23917055130004883 18
1718329938973 -1.306969404220581 19
1718329939267 0.019655942916870117 20
1718329939585 0.04828310012817383 21
1718329939870 -0.08899867534637451 22
1718329940156 -0.020885825157165527 23
1718329940477 0.095772385597229 24
1718329940831 0.13482820987701416 25
1718329941150 0.17184972763061523 26
1718329941459 0.08904218673706055 27
1718329941754 -0.07158637046813965 28
1718329942039 0.10103499889373779 29
1718329942335 0.06547307968139648 30
1718329942634 0.10512936115264893 31
1718329942922 0.1424112319946289 32
1718329943214 0.14352548122406006 33
1718329943521 0.09254884719848633 34
1718329943838 0.22706115245819092 35
1718329944128 0.018207788467407227 36
1718329944434 0.06259703636169434 37
1718329944732 0.116973876953125 38
1718329945020 -0.06030893325805664 39
1718329945311 -0.048665761947631836 40
1718329945611 -0.03498697280883789 41
1718329945898 -0.11872851848602295 42
1718329946185 -0.06513047218322754 43
1718329946489 -0.0857018232345581 44
1718329946781 -0.05371689796447754 45
1718329947071 0.08877038955688477 46
1718329947364 0.07380938529968262 47
1718329947681 -0.09077858924865723 48
1718329947974 -0.026250123977661133 49
