1718546143698 nan 0
1718546144198 nan 1
1718546144701 nan 2
1718546145198 nan 3
1718546145681 nan 4
1718546146181 nan 5
1718546146648 nan 6
1718546147131 nan 7
1718546147640 nan 8
1718546148164 nan 9
1718546148681 nan 10
1718546149181 nan 11
1718546149647 nan 12
1718546150097 nan 13
1718546150566 nan 14
1718546150998 nan 15
1718546151433 nan 16
1718546151882 nan 17
1718546152317 nan 18
1718546152765 nan 19
1718546153197 nan 20
1718546153680 nan 21
1718546154163 nan 22
1718546154663 nan 23
1718546155180 nan 24
1718546155643 nan 25
1718546156064 nan 26
1718546156513 nan 27
1718546156963 nan 28
1718546157412 nan 29
1718546157864 nan 30
1718546158312 nan 31
1718546158798 nan 32
1718546159245 nan 33
1718546159712 nan 34
1718546160195 nan 35
1718546160641 nan 36
1718546161078 nan 37
1718546161512 nan 38
1718546161962 nan 39
1718546162495 nan 40
1718546163166 nan 41
1718546163828 nan 42
1718546164428 nan 43
1718546164994 nan 44
1718546165577 nan 45
1718546166144 nan 46
1718546166710 nan 47
1718546167277 nan 48
1718546167860 nan 49
