1718546143655 nan 0
1718546144148 nan 1
1718546144631 nan 2
1718546145132 nan 3
1718546145631 nan 4
1718546146115 nan 5
1718546146598 nan 6
1718546147072 nan 7
1718546147564 nan 8
1718546148098 nan 9
1718546148631 nan 10
1718546149114 nan 11
1718546149581 nan 12
1718546150034 nan 13
1718546150497 nan 14
1718546150944 nan 15
1718546151380 nan 16
1718546151813 nan 17
1718546152266 nan 18
1718546152697 nan 19
1718546153146 nan 20
1718546153631 nan 21
1718546154113 nan 22
1718546154612 nan 23
1718546155129 nan 24
1718546155579 nan 25
1718546156011 nan 26
1718546156446 nan 27
1718546156896 nan 28
1718546157363 nan 29
1718546157812 nan 30
1718546158248 nan 31
1718546158744 nan 32
1718546159179 nan 33
1718546159664 nan 34
1718546160139 nan 35
1718546160578 nan 36
1718546161027 nan 37
1718546161445 nan 38
1718546161895 nan 39
1718546162378 nan 40
1718546163045 nan 41
1718546163712 nan 42
1718546164328 nan 43
1718546164913 nan 44
1718546165494 nan 45
1718546166068 nan 46
1718546166630 nan 47
1718546167194 nan 48
1718546167768 nan 49
