1718515367719 -0.6162271499633789 0
1718515368516 -1.4529522119712528 1
1718515369334 -1.088978700646444 2
1718515370137 -1.479706435438628 3
1718515370934 -1.093168780955725 4
1718515371737 0.4984988281221101 5
1718515372519 -2.054929339901886 6
1718515373285 0.1922802436896336 7
1718515374020 -3.455303488787026 8
1718515374821 0.24552948912416106 9
1718515375624 -3.9000729857015157 10
1718515376401 0.1445033632889423 11
1718515377173 -1.6583829782144996 12
1718515377976 0.26031454855745473 13
1718515378774 -2.5786520331383613 14
1718515379542 -3.1793341787354215 15
1718515380343 -4.713486401124111 16
1718515381128 -0.6628941299957369 17
1718515381909 0.47068263210898786 18
1718515382878 0.6008575536287082 19
1718515383845 0.2922914338456941 20
1718515384793 0.5969332811628623 21
1718515385795 -0.08053140627318811 22
1718515386832 -9.72548658903882 23
1718515387814 -0.3629894626863077 24
1718515388798 -0.31352362858930993 25
1718515389748 0.15929269167914306 26
1718515390632 -0.8850289979222565 27
1718515391533 -1.9046295931952835 28
1718515392434 -0.4170437344109401 29
1718515393321 0.2140978545368335 30
1718515394185 -2.935865080313465 31
1718515395073 -1.4904593864834075 32
1718515395955 0.08993844316589117 33
1718515396878 -1.366995329584055 34
1718515397704 0.361561351424156 35
1718515398500 -0.18013576448152424 36
1718515399358 -0.4395133279691934 37
1718515400172 -0.7661409887023125 38
1718515400939 -0.21561292397496068 39
1718515401724 0.0332430207395058 40
1718515402541 -4.446728013506415 41
1718515403391 0.10940036978294598 42
1718515404162 -4.528959110251168 43
1718515404977 0.5223806526314774 44
1718515405747 -0.10292621539869451 45
1718515406498 0.6873969380023088 46
1718515407295 0.1868144833680354 47
1718515408099 0.18680613307001792 48
1718515408879 0.2687685438703489 49
