1718420723197 0.15 0
1718420723584 0.15 1
1718420723930 0.15 2
1718420724280 0.15 3
1718420724597 0.15 4
1718420724913 0.15 5
1718420725213 0.15 6
1718420725496 0.15 7
1718420725780 0.15 8
1718420726080 0.15 9
1718420726369 0.15 10
1718420726680 0.15 11
1718420726962 0.15 12
1718420727263 0.15 13
1718420727546 0.15 14
1718420727829 0.15 15
1718420728113 0.15 16
1718420728429 0.15 17
1718420728729 0.1 18
1718420729012 0.15 19
1718420729329 0.15 20
1718420729629 0.15 21
1718420729931 0.15 22
1718420730270 0.15 23
1718420730577 0.15 24
1718420730880 0.15 25
1718420731171 0.15 26
1718420731496 0.15 27
1718420731812 0.15 28
1718420732112 0.15 29
1718420732429 0.15 30
1718420732712 0.15 31
1718420732999 0.15 32
1718420733319 0.1 33
1718420733612 0.15 34
1718420733895 0.15 35
1718420734182 0.15 36
1718420734499 0.15 37
1718420734812 0.15 38
1718420735111 0.15 39
1718420735412 0.15 40
1718420735711 0.15 41
1718420736011 0.15 42
1718420736330 0.15 43
1718420736628 0.15 44
1718420736928 0.15 45
1718420737228 0.15 46
1718420737544 0.15 47
1718420737844 0.15 48
1718420738148 0.15 49
