1718390796769 0.33102577924728394 0
1718390797009 0.3175296187400818 1
1718390797251 0.30936598777770996 2
1718390797491 0.3023696541786194 3
1718390797751 0.28605103492736816 4
1718390797992 0.27721911668777466 5
1718390798229 0.28269845247268677 6
1718390798468 0.2978209853172302 7
1718390798711 0.2981129586696625 8
1718390798946 0.2969532310962677 9
1718390799191 0.3066205680370331 10
1718390799423 0.27435198426246643 11
1718390799673 0.313214510679245 12
1718390800105 0.2824927568435669 13
1718390800328 0.3044459819793701 14
1718390800559 0.32034432888031006 15
1718390800810 0.337883323431015 16
1718390801058 0.3184274435043335 17
1718390801327 0.3514937460422516 18
1718390801569 0.34303009510040283 19
1718390801816 0.42287886142730713 20
1718390802058 0.3409785330295563 21
1718390802283 0.34891989827156067 22
1718390802527 0.29609963297843933 23
1718390802812 0.32501697540283203 24
1718390803058 0.291503369808197 25
1718390803298 0.2790713608264923 26
1718390803554 0.3394660949707031 27
1718390803794 0.27834975719451904 28
1718390804040 0.27725324034690857 29
1718390804309 0.2942627966403961 30
1718390804556 0.3020317256450653 31
1718390804806 0.27768683433532715 32
1718390805063 0.29726365208625793 33
1718390805308 0.26957017183303833 34
1718390805544 0.287106454372406 35
1718390805792 0.3304556608200073 36
1718390806043 0.29661911725997925 37
1718390806287 0.2969256639480591 38
1718390806523 0.2839522361755371 39
1718390806766 0.3283390700817108 40
1718390807026 0.2890588343143463 41
1718390807279 0.3194611668586731 42
1718390807535 0.2751026451587677 43
1718390807790 0.28974461555480957 44
1718390808030 0.29772713780403137 45
1718390808269 0.2968246042728424 46
1718390808509 0.2709614038467407 47
1718390808745 0.25167152285575867 48
1718390808991 0.24402104318141937 49
