1718416006592 2.3124403953552246 0
1718416006942 9.59719467163086 1
1718416007325 10.357133865356445 2
1718416007658 2.365084409713745 3
1718416008002 2.291935682296753 4
1718416008325 2.3150064945220947 5
1718416008625 2.3010435104370117 6
1718416008958 2.30395245552063 7
1718416009275 2.298654317855835 8
1718416009591 2.2989845275878906 9
1718416009908 2.3119709491729736 10
1718416010224 6.600501537322998 11
1718416010558 2.2932143211364746 12
1718416010874 2.2989227771759033 13
1718416011208 2.304764986038208 14
1718416011524 2.310166358947754 15
1718416011841 2.4932546615600586 16
1718416012191 2.301358938217163 17
1718416012541 2.300278663635254 18
1718416012873 2.24410080909729 19
1718416013207 2.295426368713379 20
1718416013539 2.3266971111297607 21
1718416013874 2.2974953651428223 22
1718416014207 2.300441026687622 23
1718416014540 2.301372766494751 24
1718416014857 2.318488597869873 25
1718416015225 2.3060286045074463 26
1718416015624 3.0059316158294678 27
1718416016007 2.3032450675964355 28
1718416016357 2.3041224479675293 29
1718416016673 3.696068048477173 30
1718416017007 2.2979254722595215 31
1718416017340 2.308164119720459 32
1718416017673 2.3007657527923584 33
1718416018007 2.297868490219116 34
1718416018340 2.29817271232605 35
1718416018673 2.40913462638855 36
1718416019005 10.196402549743652 37
1718416019356 6.976425647735596 38
1718416019673 2.3061490058898926 39
1718416020023 2.345860004425049 40
1718416020356 2.301393747329712 41
1718416020672 2.349965810775757 42
1718416021006 8.82732105255127 43
1718416021322 2.295567750930786 44
1718416021639 2.3013949394226074 45
1718416021955 2.319361686706543 46
1718416022339 2.3452138900756836 47
1718416022805 2.299729824066162 48
1718416023239 2.9569971561431885 49
