1718382097464 0.42857142857142855 0
1718382097858 0.22857142857142856 1
1718382098177 0.22857142857142856 2
1718382098509 0.45714285714285713 3
1718382098843 0.2 4
1718382099153 0.3142857142857143 5
1718382099457 0.45714285714285713 6
1718382099772 0.22857142857142856 7
1718382100080 0.2571428571428571 8
1718382100382 0.2 9
1718382100713 0.2857142857142857 10
1718382101041 0.2857142857142857 11
1718382101358 0.17142857142857143 12
1718382101702 0.17142857142857143 13
1718382102020 0.2857142857142857 14
1718382102330 0.2 15
1718382102646 0.2571428571428571 16
1718382102977 0.34285714285714286 17
1718382103307 0.4 18
1718382103660 0.2571428571428571 19
1718382103970 0.34285714285714286 20
1718382104279 0.2571428571428571 21
1718382104601 0.22857142857142856 22
1718382104921 0.22857142857142856 23
1718382105244 0.11428571428571428 24
1718382105572 0.17142857142857143 25
1718382105897 0.17142857142857143 26
1718382106216 0.2571428571428571 27
1718382106533 0.2571428571428571 28
1718382106862 0.34285714285714286 29
1718382107180 0.45714285714285713 30
1718382107507 0.37142857142857144 31
1718382107865 0.2571428571428571 32
1718382108181 0.2571428571428571 33
1718382108498 0.3142857142857143 34
1718382108830 0.2857142857142857 35
1718382109153 0.34285714285714286 36
1718382109472 0.37142857142857144 37
1718382109810 0.2857142857142857 38
1718382110119 0.22857142857142856 39
1718382110439 0.37142857142857144 40
1718382110770 0.4 41
1718382111090 0.2857142857142857 42
1718382111421 0.2 43
1718382111760 0.2571428571428571 44
1718382112063 0.3142857142857143 45
1718382112372 0.17142857142857143 46
1718382112688 0.2857142857142857 47
1718382113016 0.3142857142857143 48
1718382113347 0.34285714285714286 49
