1718391143718 0.3142857142857143 0
1718391144112 0.37142857142857144 1
1718391144458 0.22857142857142856 2
1718391144827 0.34285714285714286 3
1718391145179 0.37142857142857144 4
1718391145532 0.34285714285714286 5
1718391145889 0.37142857142857144 6
1718391146227 0.2571428571428571 7
1718391146578 0.34285714285714286 8
1718391146929 0.2571428571428571 9
1718391147277 0.22857142857142856 10
1718391147622 0.37142857142857144 11
1718391147973 0.42857142857142855 12
1718391148320 0.3142857142857143 13
1718391148666 0.2571428571428571 14
1718391149031 0.45714285714285713 15
1718391149373 0.34285714285714286 16
1718391149722 0.17142857142857143 17
1718391150092 0.34285714285714286 18
1718391150461 0.2857142857142857 19
1718391150848 0.34285714285714286 20
1718391151212 0.22857142857142856 21
1718391151569 0.37142857142857144 22
1718391151939 0.2571428571428571 23
1718391152302 0.37142857142857144 24
1718391152682 0.34285714285714286 25
1718391153047 0.2571428571428571 26
1718391153404 0.17142857142857143 27
1718391153788 0.22857142857142856 28
1718391154180 0.22857142857142856 29
1718391154549 0.3142857142857143 30
1718391154926 0.3142857142857143 31
1718391155309 0.3142857142857143 32
1718391155658 0.42857142857142855 33
1718391156031 0.34285714285714286 34
1718391156389 0.2857142857142857 35
1718391156752 0.3142857142857143 36
1718391157126 0.2571428571428571 37
1718391157525 0.2857142857142857 38
1718391157896 0.22857142857142856 39
1718391158243 0.34285714285714286 40
1718391158591 0.2857142857142857 41
1718391158946 0.2857142857142857 42
1718391159291 0.3142857142857143 43
1718391159645 0.2571428571428571 44
1718391159998 0.3142857142857143 45
1718391160346 0.3142857142857143 46
1718391160689 0.4 47
1718391161035 0.34285714285714286 48
1718391161382 0.2857142857142857 49
