1718380923331 0.1747725009918213 0
1718380924091 -0.0019054412841796875 1
1718380924877 -0.0027740001678466797 2
1718380925641 0.2666846513748169 3
1718380926376 0.49457550048828125 4
1718380927170 0.2308349609375 5
1718380927934 0.292094349861145 6
1718380928731 0.3555210828781128 7
1718380929597 0.2963489294052124 8
1718380930393 0.16957998275756836 9
1718380931174 0.5371886491775513 10
1718380931910 0.5553240776062012 11
1718380932612 0.5191974639892578 12
1718380933321 0.35938799381256104 13
1718380934019 0.42909133434295654 14
1718380934714 0.29356372356414795 15
1718380935414 0.291451096534729 16
1718380936107 0.25065016746520996 17
1718380936811 0.12303566932678223 18
1718380937515 0.04043102264404297 19
1718380938216 0.17682147026062012 20
1718380938899 0.5413693189620972 21
1718380939579 0.42810332775115967 22
1718380940244 0.3113452196121216 23
1718380940914 0.230757474899292 24
1718380941589 0.2919318675994873 25
1718380942262 0.23117709159851074 26
1718380942924 0.29193317890167236 27
1718380943594 0.3035545349121094 28
1718380944267 0.40791988372802734 29
1718380944934 0.7411072254180908 30
1718380945613 -0.05067038536071777 31
1718380946275 0.24608111381530762 32
1718380946940 0.6111667156219482 33
1718380947600 0.23103070259094238 34
1718380948266 0.23103070259094238 35
1718380948927 0.07887530326843262 36
1718380949601 0.5753049850463867 37
1718380950282 0.06575906276702881 38
1718380951031 0.7104901075363159 39
1718380951806 0.4874703884124756 40
1718380952485 0.04301881790161133 41
1718380953152 0.04301881790161133 42
1718380953821 0.04302358627319336 43
1718380954492 0.12303018569946289 44
1718380955150 0.5832672119140625 45
1718380955820 0.47852516174316406 46
1718380956495 -0.06856250762939453 47
1718380957162 -0.385115385055542 48
1718380957838 0.44443202018737793 49
