1718524437120 0.10242424242424242 0
1718524437604 0.10242424242424242 1
1718524438137 0.10242424242424242 2
1718524438620 0.10242424242424242 3
1718524439153 0.10303030303030303 4
1718524439688 0.0993939393939394 5
1718524440170 0.10303030303030303 6
1718524440603 0.10242424242424242 7
1718524441090 0.10242424242424242 8
1718524441536 0.10303030303030303 9
1718524441986 0.10242424242424242 10
1718524442555 0.10242424242424242 11
1718524443168 0.10242424242424242 12
1718524443753 0.10242424242424242 13
1718524444319 0.10242424242424242 14
1718524444922 0.10242424242424242 15
1718524445486 0.10242424242424242 16
1718524446019 0.10848484848484849 17
1718524446569 0.11090909090909092 18
1718524447102 0.10242424242424242 19
1718524447668 0.10242424242424242 20
1718524448235 0.10242424242424242 21
1718524448768 0.10242424242424242 22
1718524449337 0.10242424242424242 23
1718524449871 0.10303030303030303 24
1718524450418 0.10242424242424242 25
1718524450968 0.10242424242424242 26
1718524451501 0.09151515151515152 27
1718524452064 0.10242424242424242 28
1718524452601 0.10242424242424242 29
1718524453101 0.10242424242424242 30
1718524453621 0.10242424242424242 31
1718524454134 0.10242424242424242 32
1718524454655 0.10242424242424242 33
1718524455160 0.10242424242424242 34
1718524455667 0.11878787878787879 35
1718524456187 0.10848484848484849 36
1718524456716 0.10848484848484849 37
1718524457217 0.10242424242424242 38
1718524457666 0.10787878787878788 39
1718524458103 0.10303030303030303 40
1718524458536 0.10303030303030303 41
1718524458966 0.09212121212121212 42
1718524459383 0.10242424242424242 43
1718524459833 0.11636363636363636 44
1718524460282 0.10303030303030303 45
1718524460733 0.14242424242424243 46
1718524461186 0.10242424242424242 47
1718524461634 0.10303030303030303 48
1718524462062 0.10242424242424242 49
