1718516146635 1.0 0
1718516147069 1.0 1
1718516147485 1.0 2
1718516147902 1.0 3
1718516148368 1.0 4
1718516148835 1.0 5
1718516149318 1.0 6
1718516149768 1.0 7
1718516150213 1.0 8
1718516150646 1.0 9
1718516151068 1.0 10
1718516151518 1.0 11
1718516151965 1.0 12
1718516152384 1.0 13
1718516152801 1.0 14
1718516153234 1.0 15
1718516153666 1.0 16
1718516154117 1.0 17
1718516154571 1.0 18
1718516154967 1.0 19
1718516155400 1.0 20
1718516155834 1.0 21
1718516156267 1.0 22
1718516156700 1.0 23
1718516157137 1.0 24
1718516157567 1.0 25
1718516157999 1.0 26
1718516158400 1.0 27
1718516158836 1.0 28
1718516159270 1.0 29
1718516159752 1.0 30
1718516160166 1.0 31
1718516160581 1.0 32
1718516160999 1.0 33
1718516161432 1.0 34
1718516161861 1.0 35
1718516162382 1.0 36
1718516162932 1.0 37
1718516163482 1.0 38
1718516164015 1.0 39
1718516164532 1.0 40
1718516165082 1.0 41
1718516165632 1.0 42
1718516166132 1.0 43
1718516166698 1.0 44
1718516167231 1.0 45
1718516167765 1.0 46
1718516168281 1.0 47
1718516168814 1.0 48
1718516169402 1.0 49
