1718500362674 1.0 0
1718500367559 1.0 1
1718500372280 1.0 2
1718500377168 1.0 3
1718500381987 1.0 4
1718500387192 0.504424778761062 5
1718500392628 1.0 6
1718500397715 1.0 7
1718500402602 1.0 8
1718500407556 1.0 9
1718500412360 1.0 10
1718500417213 1.0 11
1718500422099 1.0 12
1718500426854 1.0 13
1718500431625 1.0 14
1718500436694 1.0 15
1718500441598 1.0 16
1718500446870 1.0 17
1718500452256 1.0 18
1718500457193 1.0 19
1718500461963 1.0 20
1718500466833 1.0 21
1718500471654 1.0 22
1718500476541 1.0 23
1718500481561 1.0 24
1718500486516 1.0 25
1718500491819 1.0 26
1718500498107 1.0 27
1718500503594 1.0 28
1718500508865 1.0 29
1718500514002 1.0 30
1718500518856 1.0 31
1718500523693 1.0 32
1718500528913 1.0 33
1718500533734 1.0 34
1718500538605 1.0 35
1718500543524 1.0 36
1718500548561 0.5162241887905604 37
1718500553433 1.0 38
1718500558353 0.528125 39
1718500563255 1.0 40
1718500568444 1.0 41
1718500573780 1.0 42
1718500578651 1.0 43
1718500583454 0.5014749262536873 44
1718500588358 1.0 45
1718500593161 1.0 46
1718500597915 1.0 47
1718500602802 1.0 48
1718500607705 1.0 49
