1718573789937 0.5384615384615384 0
1718573790995 1.0 1
1718573791993 0.6230031948881789 2
1718573793023 0.5782747603833865 3
1718573794010 0.6432865731462926 4
1718573795036 1.0 5
1718573796056 0.3312597200622084 6
1718573797085 1.0 7
1718573798113 1.0 8
1718573799163 0.4909819639278557 9
1718573800266 0.6494252873563219 10
1718573801265 1.0 11
1718573802273 1.0 12
1718573803317 0.36858475894245724 13
1718573804319 1.0 14
1718573805372 1.0 15
1718573806454 0.2696793002915452 16
1718573807491 0.6051873198847262 17
1718573808540 0.8936781609195402 18
1718573809591 1.0 19
1718573810634 1.0 20
1718573811746 1.0 21
1718573812873 0.5264797507788161 22
1718573813986 1.0 23
1718573815030 1.0 24
1718573816210 0.7987220447284346 25
1718573817155 1.0 26
1718573818044 1.0 27
1718573818995 1.0 28
1718573819917 1.0 29
1718573820885 1.0 30
1718573821852 1.0 31
1718573823048 0.6 32
1718573824279 0.534375 33
1718573825766 0.7701149425287356 34
1718573827223 1.0 35
1718573828432 1.0 36
1718573829587 0.49852507374631266 37
1718573830801 0.5412979351032449 38
1718573832018 0.9166666666666666 39
1718573833257 0.9339080459770115 40
1718573834724 0.9367816091954023 41
1718573835858 0.6910569105691057 42
1718573837001 0.5921450151057401 43
1718573838280 1.0 44
1718573839625 1.0 45
1718573840784 1.0 46
1718573842158 1.0 47
1718573843536 1.0 48
1718573844944 1.0 49
