1717609690787 0.09151515151515152 0
1717609691786 0.10303030303030303 1
1717609692949 0.1 2
1717609693942 0.11575757575757575 3
1717609694919 0.1206060606060606 4
1717609695935 0.09272727272727273 5
1717609696939 0.11757575757575757 6
1717609697918 0.13515151515151516 7
1717609698918 0.13454545454545455 8
1717609699923 0.10242424242424242 9
1717609700934 0.13454545454545455 10
1717609702051 0.11575757575757575 11
1717609703034 0.10242424242424242 12
1717609704034 0.11818181818181818 13
1717609705050 0.11757575757575757 14
1717609706033 0.13393939393939394 15
1717609707010 0.13393939393939394 16
1717609708011 0.11393939393939394 17
1717609709033 0.14363636363636365 18
1717609710049 0.13333333333333333 19
