1718555009820 0.08727272727272728 0
1718555010287 0.08727272727272728 1
1718555010753 0.08727272727272728 2
1718555011236 0.08727272727272728 3
1718555011720 0.08727272727272728 4
1718555012186 0.08727272727272728 5
1718555012703 0.08727272727272728 6
1718555013181 0.08727272727272728 7
1718555013686 0.08727272727272728 8
1718555014177 0.08727272727272728 9
1718555014684 0.08727272727272728 10
1718555015186 0.08727272727272728 11
1718555015677 0.08727272727272728 12
1718555016181 0.08727272727272728 13
1718555016635 0.08727272727272728 14
1718555017103 0.08727272727272728 15
1718555017584 0.08727272727272728 16
1718555018038 0.08727272727272728 17
1718555018569 0.08727272727272728 18
1718555019051 0.08727272727272728 19
1718555019518 0.08727272727272728 20
1718555019988 0.08727272727272728 21
1718555020478 0.08727272727272728 22
1718555020934 0.08727272727272728 23
1718555021418 0.08727272727272728 24
1718555021901 0.08727272727272728 25
1718555022368 0.08727272727272728 26
1718555023001 0.08727272727272728 27
1718555023501 0.08727272727272728 28
1718555023984 0.08727272727272728 29
1718555024460 0.08727272727272728 30
1718555024934 0.08727272727272728 31
1718555025400 0.08727272727272728 32
1718555025900 0.08727272727272728 33
1718555026379 0.08727272727272728 34
1718555026884 0.08727272727272728 35
1718555027333 0.08727272727272728 36
1718555027800 0.08727272727272728 37
1718555028266 0.08727272727272728 38
1718555028749 0.08727272727272728 39
1718555029219 0.08727272727272728 40
1718555029699 0.08727272727272728 41
1718555030166 0.08727272727272728 42
1718555030649 0.08727272727272728 43
1718555031132 0.08727272727272728 44
1718555031632 0.08727272727272728 45
1718555032166 0.08727272727272728 46
1718555032632 0.08727272727272728 47
1718555033099 0.08727272727272728 48
1718555033582 0.08727272727272728 49
