1718403114938 0.0 0
1718403119207 0.0 1
1718403123967 0.0 2
1718403129299 0.0 3
1718403134639 0.0 4
1718403139840 0.0 5
1718403144326 0.0 6
1718403148613 0.0 7
1718403152953 0.0 8
1718403157219 0.0 9
1718403161472 0.0 10
1718403165759 0.0 11
1718403170129 0.0 12
1718403174399 0.0 13
1718403178652 0.0 14
1718403183156 0.0 15
1718403188226 0.0 16
1718403193547 0.0 17
1718403198750 0.0 18
1718403203291 0.0 19
1718403207573 0.0 20
1718403211877 0.0 21
1718403216163 0.0 22
1718403220450 0.0 23
1718403224720 0.0 24
1718403228989 0.0 25
1718403233275 0.0 26
1718403237546 0.0 27
1718403241866 0.0 28
1718403246886 0.0 29
1718403252173 0.0 30
1718403257411 0.0 31
1718403262231 0.0 32
1718403266501 0.0 33
1718403270904 0.0 34
1718403275214 0.0 35
1718403279461 0.0 36
1718403283746 0.0 37
1718403288050 0.0 38
1718403292320 0.0 39
1718403296606 0.0 40
1718403300910 0.0 41
1718403305713 0.0 42
1718403310967 0.0 43
1718403316217 0.0 44
1718403321291 0.0 45
1718403325595 0.0 46
1718403330015 0.0 47
1718403334285 1.0 48
1718403338604 0.0 49
