1718390556341 0.05467522144317627 0
1718390556579 0.04097841680049896 1
1718390556852 0.02016519010066986 2
1718390557102 0.08179312944412231 3
1718390557337 -0.007014095783233643 4
1718390557578 0.08540482819080353 5
1718390557829 0.022420406341552734 6
1718390558069 0.013596981763839722 7
1718390558310 0.08653205633163452 8
1718390558547 0.03966616094112396 9
1718390558985 0.04915589094161987 10
1718390559203 0.07121388614177704 11
1718390559439 0.036281391978263855 12
1718390559691 0.04314328730106354 13
1718390559942 0.05411680042743683 14
1718390560183 0.055813103914260864 15
1718390560430 0.030999138951301575 16
1718390560673 0.025586992502212524 17
1718390560915 0.0368463397026062 18
1718390561155 0.01021440327167511 19
1718390561399 0.0024147480726242065 20
1718390561660 0.004651710391044617 21
1718390561902 0.006923377513885498 22
1718390562158 0.03016763925552368 23
1718390562399 0.02512344717979431 24
1718390562653 0.0212709903717041 25
1718390562889 -0.011427655816078186 26
1718390563137 0.037597015500068665 27
1718390563377 0.03829027712345123 28
1718390563635 0.0036026686429977417 29
1718390563883 0.01631493866443634 30
1718390564133 -0.03163731098175049 31
1718390564387 0.055932462215423584 32
1718390564633 0.04185217618942261 33
1718390564880 0.051441505551338196 34
1718390565129 -0.020085647702217102 35
1718390565374 0.025675252079963684 36
1718390565618 0.03690098226070404 37
1718390565864 -0.019780680537223816 38
1718390566115 -0.07659649848937988 39
1718390566376 0.05368724465370178 40
1718390566610 0.03985127806663513 41
1718390566868 0.008255630731582642 42
1718390567134 0.042626574635505676 43
1718390567387 -0.00817650556564331 44
1718390567662 0.0016929060220718384 45
1718390567908 0.023136332631111145 46
1718390568160 0.011801108717918396 47
1718390568395 -0.007413655519485474 48
1718390568641 0.016357317566871643 49
