1718390556278 0.26095065474510193 0
1718390556500 0.2578801214694977 1
1718390556766 0.23954537510871887 2
1718390557026 0.27101460099220276 3
1718390557272 0.25096502900123596 4
1718390557499 0.3139888644218445 5
1718390557753 0.24934886395931244 6
1718390557994 0.3009566366672516 7
1718390558237 0.31386494636535645 8
1718390558472 0.25832194089889526 9
1718390558924 0.25938281416893005 10
1718390559138 0.2593347430229187 11
1718390559366 0.24361944198608398 12
1718390559613 0.29027554392814636 13
1718390559866 0.27201730012893677 14
1718390560108 0.25161370635032654 15
1718390560352 0.22934381663799286 16
1718390560600 0.22762857377529144 17
1718390560846 0.2274123579263687 18
1718390561082 0.21827656030654907 19
1718390561326 0.21483950316905975 20
1718390561574 0.21625448763370514 21
1718390561830 0.24228200316429138 22
1718390562084 0.25564736127853394 23
1718390562324 0.23747509717941284 24
1718390562570 0.22034934163093567 25
1718390562815 0.20914477109909058 26
1718390563062 0.23980656266212463 27
1718390563303 0.2207300364971161 28
1718390563556 0.22222580015659332 29
1718390563806 0.22090616822242737 30
1718390564056 0.2449653148651123 31
1718390564308 0.26756948232650757 32
1718390564552 0.2395418882369995 33
1718390564802 0.23965485394001007 34
1718390565052 0.21852296590805054 35
1718390565299 0.2249501645565033 36
1718390565539 0.22519156336784363 37
1718390565792 0.22285272181034088 38
1718390566038 0.26920345425605774 39
1718390566303 0.3370634913444519 40
1718390566539 0.3003180921077728 41
1718390566790 0.26068970561027527 42
1718390567052 0.2711575925350189 43
1718390567312 0.2322992980480194 44
1718390567578 0.24503110349178314 45
1718390567832 0.24460995197296143 46
1718390568085 0.2201496958732605 47
1718390568325 0.21136055886745453 48
1718390568565 0.211049422621727 49
