1718502553573 0.7836363636363637 0
1718502553924 0.696969696969697 1
1718502554257 0.6096969696969697 2
1718502554574 0.6351515151515151 3
1718502554908 0.6751515151515152 4
1718502555308 0.6127272727272727 5
1718502555676 0.610909090909091 6
1718502556082 0.58 7
1718502556459 0.5563636363636364 8
1718502556876 0.703030303030303 9
1718502557259 0.6757575757575758 10
1718502557643 0.7018181818181818 11
1718502557977 0.6339393939393939 12
1718502558327 0.6866666666666666 13
1718502558644 0.6309090909090909 14
1718502558994 0.6678787878787878 15
1718502559344 0.6781818181818182 16
1718502559711 0.5836363636363636 17
1718502560062 0.6339393939393939 18
1718502560395 0.6393939393939394 19
1718502560729 0.7133333333333334 20
1718502561079 0.6703030303030303 21
1718502561396 0.6284848484848485 22
1718502561730 0.5981818181818181 23
1718502562046 0.6981818181818182 24
1718502562413 0.6436363636363637 25
1718502562847 0.566060606060606 26
1718502563197 0.6218181818181818 27
1718502563531 0.6048484848484849 28
1718502563848 0.6218181818181818 29
1718502564181 0.686060606060606 30
1718502564515 0.7503030303030302 31
1718502564848 0.7460606060606061 32
1718502565182 0.7466666666666667 33
1718502565516 0.7206060606060606 34
1718502565833 0.7218181818181818 35
1718502566183 0.6351515151515151 36
1718502566516 0.6103030303030303 37
1718502566834 0.5581818181818182 38
1718502567200 0.6412121212121212 39
1718502567667 0.6642424242424242 40
1718502568051 0.6 41
1718502568384 0.6296969696969696 42
1718502568718 0.6187878787878788 43
1718502569067 0.6296969696969696 44
1718502569385 0.7103030303030303 45
1718502569702 0.6484848484848484 46
1718502570052 0.7145454545454546 47
1718502570453 0.6709090909090909 48
1718502570852 0.6115151515151516 49
