1718585300124 0.03891578828445619 0
1718585300896 0.3058606538708366 1
1718585301638 0.18994113853082117 2
1718585302441 -2.162979823571664 3
1718585303241 0.22345233003699816 4
1718585304024 0.3406811972659849 5
1718585304792 -1.8210133876062002 6
1718585305539 0.2891587661171604 7
1718585306308 0.12768630668370395 8
1718585307041 -0.30825366114927855 9
1718585307782 0.15375413396944504 10
1718585308725 -0.04599718132404362 11
1718585309387 0.1751773000164869 12
1718585309959 -0.15135996189181622 13
1718585310570 0.15114878684984712 14
1718585311156 -2.3294775638516105 15
1718585311722 0.16489676192954716 16
1718585312370 -1.3790138751168044 17
1718585312938 0.2862817594900675 18
1718585313523 -2.1213383293312407 19
1718585314056 0.3396886591156725 20
1718585314636 0.27334144862011245 21
1718585315223 0.13467467192447558 22
1718585315805 0.8507948058221473 23
1718585316330 0.48471872011820505 24
1718585316825 0.09487566281649373 25
1718585317341 0.178912796958127 26
1718585317837 -2.222116491609952 27
1718585318327 -0.09295976844299503 28
1718585318810 0.009715515756446358 29
1718585319320 0.08393306001669654 30
1718585319805 -2.7628244294060598 31
1718585320294 0.28248388277561176 32
1718585320791 0.21843774591632137 33
1718585321287 0.044251370911646326 34
1718585321751 0.07011695100803594 35
1718585322240 0.5193220372954603 36
1718585322739 0.20687760166848923 37
1718585323273 -0.0366814228822081 38
1718585323758 0.1205133874006945 39
1718585324220 0.3782758066549845 40
1718585324734 0.33033646999384825 41
1718585325215 0.036317192344152094 42
1718585325705 0.07673119816314511 43
1718585326186 0.03756635277359566 44
1718585326670 0.007612062624407834 45
1718585327151 0.46025015890397647 46
1718585327636 0.13196410273863401 47
1718585328116 0.24388383735309915 48
1718585328633 -2.3508787620749936 49
