1718555062826 0.1605351170568562 0
1718555063316 0.1605351170568562 1
1718555063793 0.1605351170568562 2
1718555064259 0.1605351170568562 3
1718555064743 0.1605351170568562 4
1718555065226 0.1605351170568562 5
1718555065681 0.1605351170568562 6
1718555066159 0.1605351170568562 7
1718555066659 0.1605351170568562 8
1718555067140 0.1605351170568562 9
1718555067642 0.1605351170568562 10
1718555068092 0.1605351170568562 11
1718555068612 0.1605351170568562 12
1718555069092 0.1605351170568562 13
1718555069609 0.1605351170568562 14
1718555070091 0.1605351170568562 15
1718555070581 0.1605351170568562 16
1718555071058 0.1605351170568562 17
1718555071544 0.1605351170568562 18
1718555071991 0.1605351170568562 19
1718555072474 0.1605351170568562 20
1718555072941 0.1605351170568562 21
1718555073424 0.1605351170568562 22
1718555073923 0.1605351170568562 23
1718555074391 0.1605351170568562 24
1718555074881 0.1605351170568562 25
1718555075340 0.1605351170568562 26
1718555075857 0.1605351170568562 27
1718555076324 0.1605351170568562 28
1718555076840 0.1605351170568562 29
1718555077323 0.1605351170568562 30
1718555077823 0.1605351170568562 31
1718555078290 0.1605351170568562 32
1718555078781 0.1605351170568562 33
1718555079256 0.1605351170568562 34
1718555079740 0.1605351170568562 35
1718555080223 0.1605351170568562 36
1718555080706 0.1605351170568562 37
1718555081189 0.1605351170568562 38
1718555081656 0.1605351170568562 39
1718555082139 0.1605351170568562 40
1718555082622 0.1605351170568562 41
1718555083092 0.1605351170568562 42
1718555083572 0.1605351170568562 43
1718555084022 0.1605351170568562 44
1718555084555 0.1605351170568562 45
1718555085039 0.1605351170568562 46
1718555085505 0.1605351170568562 47
1718555085955 0.1605351170568562 48
1718555086455 0.1605351170568562 49
