1718420520057 0.09523809523809523 0
1718420520370 0.09523809523809523 1
1718420520704 0.09523809523809523 2
1718420521003 0.09523809523809523 3
1718420521287 0.09523809523809523 4
1718420521603 0.09523809523809523 5
1718420521887 0.09523809523809523 6
1718420522187 0.09523809523809523 7
1718420522636 0.09523809523809523 8
1718420523036 0.09523809523809523 9
1718420523470 0.09523809523809523 10
1718420523918 0.09523809523809523 11
1718420524336 0.18181818181818182 12
1718420524753 0.09523809523809523 13
1718420525153 0.09523809523809523 14
1718420525536 0.09523809523809523 15
1718420525902 0.09523809523809523 16
1718420526286 0.09523809523809523 17
1718420526686 0.09523809523809523 18
1718420527086 0.09523809523809523 19
1718420527487 0.09523809523809523 20
1718420527873 0.09523809523809523 21
1718420528252 0.09523809523809523 22
1718420528652 0.09523809523809523 23
1718420529052 0.09523809523809523 24
1718420529456 0.09523809523809523 25
1718420529839 0.09523809523809523 26
1718420530206 0.09523809523809523 27
1718420530602 0.18181818181818182 28
1718420530956 0.09523809523809523 29
1718420531318 0.09523809523809523 30
1718420531685 0.09523809523809523 31
1718420532050 0.09523809523809523 32
1718420532385 0.09523809523809523 33
1718420532751 0.09523809523809523 34
1718420533134 0.09523809523809523 35
1718420533500 0.09523809523809523 36
1718420533861 0.09523809523809523 37
1718420534216 0.09523809523809523 38
1718420534588 0.09523809523809523 39
1718420534934 0.09523809523809523 40
1718420535267 0.09523809523809523 41
1718420535627 0.09523809523809523 42
1718420535967 0.09523809523809523 43
1718420536300 0.09523809523809523 44
1718420536667 0.18181818181818182 45
1718420537070 0.09523809523809523 46
1718420537488 0.09523809523809523 47
1718420537834 0.09523809523809523 48
1718420538152 0.09523809523809523 49
