1718554514710 nan 0
1718554515317 nan 1
1718554515917 nan 2
1718554516484 nan 3
1718554517101 nan 4
1718554517667 nan 5
1718554518311 nan 6
1718554518917 nan 7
1718554519536 nan 8
1718554520100 nan 9
1718554520583 nan 10
1718554521033 nan 11
1718554521533 nan 12
1718554521984 nan 13
1718554522464 nan 14
1718554522958 nan 15
1718554523417 nan 16
1718554523916 nan 17
1718554524382 nan 18
1718554524855 nan 19
1718554525365 nan 20
1718554525815 nan 21
1718554526315 nan 22
1718554526832 nan 23
1718554527316 nan 24
1718554527832 nan 25
1718554528302 nan 26
1718554528765 nan 27
1718554529231 nan 28
1718554529698 nan 29
1718554530148 nan 30
1718554530614 nan 31
1718554531084 nan 32
1718554531597 nan 33
1718554532081 nan 34
1718554532564 nan 35
1718554533064 nan 36
1718554533531 nan 37
1718554534017 nan 38
1718554534514 nan 39
1718554534996 nan 40
1718554535463 nan 41
1718554535963 nan 42
1718554536413 nan 43
1718554536863 nan 44
1718554537332 nan 45
1718554537795 nan 46
1718554538246 nan 47
1718554538733 nan 48
1718554539213 nan 49
