1718330902384 0.4616666666666666 0
1718330902694 0.3791486291486292 1
1718330902990 0.5625396825396825 2
1718330903805 0.5718028101929031 3
1718330904095 0.5109008638420403 4
1718330904396 0.4474279343844561 5
1718330904745 0.08711111111111113 6
1718330905024 0.2803827751196172 7
1718330905325 0.38197278911564625 8
1718330905606 0.5812176953481302 9
1718330906002 0.6678876678876678 10
1718330906299 0.4170104405398523 11
1718330906691 0.3488795518207283 12
1718330906973 0.415892574244977 13
1718330907277 0.5590245667645048 14
1718330907576 0.49997825141365815 15
1718330907869 0.371604938271605 16
1718330908178 0.6238540870893812 17
1718330908489 0.5113064713064713 18
1718330908791 0.6145887945195903 19
1718330909092 0.4520448179271709 20
1718330909408 0.37450980392156863 21
1718330909708 0.6160224089635854 22
1718330910008 0.20512820512820512 23
1718330910342 0.43034906270200385 24
1718330910647 0.35833424140060294 25
1718330910946 0.15079365079365079 26
1718330911264 0.4153439153439153 27
1718330911574 0.3393939393939394 28
1718330911882 0.20512820512820512 29
1718330912197 0.3430059523809524 30
1718330912498 0.6088156288156288 31
1718330912799 0.46226363008971705 32
1718330913098 0.42838095238095236 33
1718330913408 0.5620553359683793 34
1718330913709 0.6404680287033228 35
1718330914003 0.5622222222222223 36
1718330914316 0.5225274725274726 37
1718330914617 0.6871479500891265 38
1718330914920 0.40714285714285714 39
1718330915228 0.6073338426279602 40
1718330915541 0.4214810924369748 41
1718330915843 0.6654761904761904 42
1718330916138 0.39183006535947706 43
1718330916439 0.5214646464646464 44
1718330916732 0.21818181818181817 45
1718330917030 0.44000000000000006 46
1718330917339 0.5219912526414073 47
1718330917632 0.5854761904761905 48
1718330917928 0.6266776701559309 49
