1718371163158 2.203566074371338 0
1718371163888 2.203559160232544 1
1718371164496 2.2035536766052246 2
1718371165092 2.2035491466522217 3
1718371165703 2.203545331954956 4
1718371166299 2.2035422325134277 5
1718371166895 2.203540086746216 6
1718371167490 2.203537940979004 7
1718371168071 2.203536033630371 8
1718371168683 2.2035346031188965 9
1718371169279 2.20353364944458 10
1718371169937 2.2035326957702637 11
1718371170581 2.2035317420959473 12
1718371171215 2.203530788421631 13
1718371171851 2.2035300731658936 14
1718371172479 2.2035298347473145 15
1718371173076 2.203528881072998 16
1718371173705 2.203528642654419 17
1718371174366 2.2035281658172607 18
1718371174992 2.2035276889801025 19
1718371175604 2.2035276889801025 20
1718371176212 2.2035272121429443 21
1718371176829 2.2035269737243652 22
1718371177443 2.203526735305786 23
1718371178063 2.203526735305786 24
1718371178674 2.203526258468628 25
1718371179275 2.203526258468628 26
1718371179856 2.203526020050049 27
1718371180452 2.203526020050049 28
1718371181047 2.2035257816314697 29
1718371181658 2.2035255432128906 30
1718371182244 2.2035255432128906 31
1718371182840 2.2035255432128906 32
1718371183420 2.2035255432128906 33
1718371184016 2.2035255432128906 34
1718371184612 2.2035250663757324 35
1718371185223 2.2035250663757324 36
1718371185819 2.2035250663757324 37
1718371186415 2.2035250663757324 38
1718371187006 2.2035250663757324 39
1718371187634 2.2035250663757324 40
1718371188229 2.2035250663757324 41
1718371188856 2.2035250663757324 42
1718371189452 2.2035250663757324 43
1718371190049 2.2035250663757324 44
1718371190660 2.2035248279571533 45
1718371191256 2.2035248279571533 46
1718371191852 2.2035248279571533 47
1718371192433 2.2035248279571533 48
1718371193123 2.2035248279571533 49
