1718538717857 -6.7595939708478525 0
1718538718196 -44.86024668722442 1
1718538718567 -240.24043539798623 2
1718538718908 -291.9479092684659 3
1718538719279 -908.4591915246212 4
1718538719643 -1092.3449189157195 5
1718538719996 -3374.334154533617 6
1718538720343 -4072.808231238163 7
1718538720693 -12556.597774621212 8
1718538721042 -15171.250295928032 9
1718538721379 -46748.863813920456 10
1718538721726 -56498.90044981061 11
1718538722059 -174071.71638257575 12
1718538722563 -210391.9597537879 13
1718538723142 -648188.0274621211 14
1718538723742 -783448.1363636365 15
1718538724242 -2413669.962121212 16
1718538724709 -2917356.0227272725 17
1718538725142 -8987851.56060606 18
1718538725592 -10863456.757575758 19
1718538726025 -33468338.424242422 20
1718538726458 -40452574.66666667 21
1718538726918 -124627130.18181819 22
1718538727361 -150634613.8181818 23
1718538727823 -464077910.30303025 24
1718538728241 -560922912.969697 25
1718538728824 -1728102004.3636365 26
1718538729281 -2088725449.69697 27
1718538729707 -6434988466.424242 28
1718538730157 -7777855906.909092 29
1718538730624 -23962164999.757576 30
1718538731057 -28962645147.15152 31
1718538731498 -89228665328.48486 32
1718538731960 -107849105656.24243 33
1718538732402 -332263764092.1212 34
1718538732861 -401601172324.8485 35
1718538733323 -1237260900165.8184 36
1718538733783 -1495455291702.3032 37
1718538734259 -4607227858819.879 38
1718538734759 -5568673897751.273 39
1718538735206 -17156083826191.516 40
1718538735640 -20736250494479.516 41
1718538736073 -63884647607947.64 42
1718538736484 -77216225586331.16 43
1718538736898 -237889314063329.0 44
1718538737306 -287532527815586.9 45
1718538737710 -885835870050117.8 46
1718538738089 -1070693749565129.5 47
1718538738422 -3298616150128702.0 48
1718538738776 -3986977175999332.0 49
