1718516851797 1.0 0
1718516852140 1.0 1
1718516852497 1.0 2
1718516852835 1.0 3
1718516853163 1.0 4
1718516853516 1.0 5
1718516853850 1.0 6
1718516854196 1.0 7
1718516854544 1.0 8
1718516854846 1.0 9
1718516855179 1.0 10
1718516855513 1.0 11
1718516855813 1.0 12
1718516856146 1.0 13
1718516856479 1.0 14
1718516856796 1.0 15
1718516857112 1.0 16
1718516857512 1.0 17
1718516857845 1.0 18
1718516858195 1.0 19
1718516858566 1.0 20
1718516858895 1.0 21
1718516859212 1.0 22
1718516859545 1.0 23
1718516859878 1.0 24
1718516860212 1.0 25
1718516860562 1.0 26
1718516860878 1.0 27
1718516861211 1.0 28
1718516861545 1.0 29
1718516861881 1.0 30
1718516862198 1.0 31
1718516862535 1.0 32
1718516862961 1.0 33
1718516863278 1.0 34
1718516863628 1.0 35
1718516863961 1.0 36
1718516864294 1.0 37
1718516864613 1.0 38
1718516864961 1.0 39
1718516865277 1.0 40
1718516865594 1.0 41
1718516865911 1.0 42
1718516866227 1.0 43
1718516866581 1.0 44
1718516866910 1.0 45
1718516867210 1.0 46
1718516867527 1.0 47
1718516867860 1.0 48
1718516868192 1.0 49
