1718585168692 2.30969418419732 0
1718585169540 2.3248975806766086 1
1718585170348 2.314516204374808 2
1718585171140 2.3627890657495567 3
1718585171954 2.3290975005538375 4
1718585172790 2.597638390682362 5
1718585173643 2.358311079166554 6
1718585174514 2.314185111610978 7
1718585175376 2.3078970688360707 8
1718585176158 2.3423608894701355 9
1718585177043 2.718399405479431 10
1718585177893 2.3866012626224093 11
1718585178694 2.3075172857001975 12
1718585179490 2.3244907591078015 13
1718585180350 2.3926521804597645 14
1718585181186 2.379085417147036 15
1718585181982 2.3543231222364636 16
1718585182802 2.434840034555506 17
1718585183640 2.361438000643695 18
1718585184416 2.4435082806481256 19
1718585185191 2.3410016739809953 20
1718585185965 2.3878394850978144 21
1718585186771 2.4329293348171093 22
1718585187553 2.464147519182276 23
1718585188347 2.407697699688099 24
1718585189126 2.3343578267980507 25
1718585189830 2.3783756803583214 26
1718585190441 2.3247534301545887 27
1718585191452 2.3094806759445756 28
1718585192050 2.3011524633125022 29
1718585192831 2.3693074915144177 30
1718585193442 2.3594393067889743 31
1718585194047 2.3710239507533886 32
1718585194686 2.606872589499862 33
1718585195243 2.347702949135392 34
1718585195842 2.377735795798125 35
1718585196466 2.319082189489294 36
1718585197049 2.344059604185599 37
1718585197641 2.6549598155198275 38
1718585198214 2.3505918670583656 39
1718585198721 2.326764777854637 40
1718585199228 2.4216681012400874 41
1718585199715 2.364998459815979 42
1718585200242 2.3706424589510315 43
1718585200767 2.3886134359571667 44
1718585201266 2.3523828674245766 45
1718585201767 2.381908147423356 46
1718585202279 2.3066615837591664 47
1718585202790 2.3621711377744323 48
1718585203316 2.2985739045672946 49
