1718329397044 0.2 0
1718329397340 0.2571428571428571 1
1718329397654 0.2857142857142857 2
1718329397996 0.3142857142857143 3
1718329398296 0.37142857142857144 4
1718329398601 0.34285714285714286 5
1718329398893 0.37142857142857144 6
1718329399183 0.2857142857142857 7
1718329399476 0.08571428571428572 8
1718329399773 0.17142857142857143 9
1718329400070 0.2571428571428571 10
1718329400367 0.2571428571428571 11
1718329400664 0.3142857142857143 12
1718329400964 0.22857142857142856 13
1718329401256 0.22857142857142856 14
1718329401548 0.08571428571428572 15
1718329401841 0.08571428571428572 16
1718329402141 0.2 17
1718329402443 0.2 18
1718329402749 0.2857142857142857 19
1718329403041 0.37142857142857144 20
1718329403334 0.17142857142857143 21
1718329403671 0.17142857142857143 22
1718329404011 0.2571428571428571 23
1718329404394 0.17142857142857143 24
1718329405156 0.3142857142857143 25
1718329405598 0.22857142857142856 26
1718329406009 0.17142857142857143 27
1718329406358 0.2 28
1718329406749 0.17142857142857143 29
1718329407183 0.17142857142857143 30
1718329407575 0.17142857142857143 31
1718329407933 0.08571428571428572 32
1718329408251 0.17142857142857143 33
1718329408658 0.34285714285714286 34
1718329409050 0.22857142857142856 35
1718329409405 0.22857142857142856 36
1718329409757 0.2 37
1718329410067 0.2571428571428571 38
1718329410417 0.2857142857142857 39
1718329410758 0.2571428571428571 40
1718329411143 0.3142857142857143 41
1718329411493 0.3142857142857143 42
1718329411834 0.22857142857142856 43
1718329412165 0.34285714285714286 44
1718329412501 0.22857142857142856 45
1718329412831 0.3142857142857143 46
1718329413158 0.37142857142857144 47
1718329413488 0.22857142857142856 48
1718329413817 0.22857142857142856 49
