1718329414237 1.9165743589401245 0
1718329414565 1.770775318145752 1
1718329414936 1.7580803632736206 2
1718329415272 2.17761492729187 3
1718329415594 2.043067216873169 4
1718329415912 2.0278513431549072 5
1718329416204 2.2818901538848877 6
1718329416490 2.2730560302734375 7
1718329416786 2.308330535888672 8
1718329417075 2.449838876724243 9
1718329417375 2.239064931869507 10
1718329417662 2.0032544136047363 11
1718329417963 2.3877100944519043 12
1718329418259 2.4271273612976074 13
1718329418561 2.427361488342285 14
1718329418884 2.091146230697632 15
1718329419183 2.3040411472320557 16
1718329419472 2.1428043842315674 17
1718329419794 2.150428295135498 18
1718329420090 2.4159140586853027 19
1718329420396 2.4107277393341064 20
1718329420685 2.4107275009155273 21
1718329420986 2.4107275009155273 22
1718329421277 2.4107277393341064 23
1718329421579 2.429305076599121 24
1718329421885 2.1241202354431152 25
1718329422192 1.8954694271087646 26
1718329422493 2.1366565227508545 27
1718329422801 2.098327875137329 28
1718329423097 2.3567421436309814 29
1718329423395 2.103877067565918 30
1718329423686 2.2294933795928955 31
1718329423991 2.213388204574585 32
1718329424296 2.2215514183044434 33
1718329424607 2.184088945388794 34
1718329424917 2.317761182785034 35
1718329425208 2.3504180908203125 36
1718329425503 2.3267085552215576 37
1718329425822 2.390017509460449 38
1718329426120 2.3796980381011963 39
1718329426414 2.3095216751098633 40
1718329426721 2.411613941192627 41
1718329427019 2.2874114513397217 42
1718329427327 2.9176971912384033 43
1718329427631 1.6528284549713135 44
1718329427951 1.7736773490905762 45
1718329428254 2.3455092906951904 46
1718329428574 2.1209487915039062 47
1718329428879 2.118320941925049 48
1718329429173 2.0740807056427 49
