1718375291470 0.4 0
1718375292289 0.2 1
1718375292964 0.4 2
1718375293717 0.2 3
1718375294390 0.2 4
1718375295095 0.0 5
1718375295758 0.4 6
1718375296464 0.2 7
1718375297181 0.6 8
1718375298158 0.2 9
1718375298838 0.2 10
1718375299548 0.2 11
1718375300220 0.4 12
1718375300890 0.4 13
1718375301568 0.6 14
1718375302255 0.2 15
1718375302925 0.4 16
1718375303617 0.4 17
1718375304296 0.4 18
1718375304963 0.2 19
1718375305656 0.6 20
1718375306624 0.2 21
1718375307501 0.4 22
1718375308210 0.2 23
1718375308870 0.2 24
1718375309545 0.2 25
1718375310205 0.2 26
1718375310859 0.4 27
1718375311521 0.2 28
1718375312208 0.6 29
1718375312872 0.6 30
1718375313560 0.2 31
1718375314252 0.2 32
1718375314898 0.2 33
1718375315562 0.2 34
1718375316267 0.0 35
1718375316974 0.4 36
1718375317636 0.0 37
1718375318312 0.6 38
1718375318999 0.2 39
1718375319692 0.6 40
1718375320362 0.0 41
1718375321013 0.4 42
1718375321717 0.2 43
1718375322514 0.0 44
1718375323200 0.6 45
1718375323854 0.4 46
1718375324510 0.6 47
1718375325179 0.4 48
1718375325833 0.2 49
