1718387512663 0.8955223880597015 0
1718387512908 0.9194029850746268 1
1718387513172 0.9134328358208955 2
1718387513435 0.9194029850746268 3
1718387513683 0.9074626865671642 4
1718387513931 0.9253731343283582 5
1718387514153 0.9283582089552239 6
1718387514386 0.8835820895522388 7
1718387514617 0.9074626865671642 8
1718387514843 0.9074626865671642 9
1718387515072 0.9164179104477612 10
1718387515300 0.9044776119402985 11
1718387515531 0.9223880597014925 12
1718387515958 0.9223880597014925 13
1718387516176 0.8865671641791045 14
1718387516405 0.8805970149253731 15
1718387516646 0.8865671641791045 16
1718387516897 0.9074626865671642 17
1718387517129 0.9402985074626866 18
1718387517354 0.9134328358208955 19
1718387517585 0.8985074626865671 20
1718387517825 0.9223880597014925 21
1718387518063 0.8895522388059701 22
1718387518304 0.9164179104477612 23
1718387518571 0.9014925373134328 24
1718387518816 0.8686567164179104 25
1718387519054 0.8805970149253731 26
1718387519290 0.9104477611940298 27
1718387519520 0.8507462686567164 28
1718387519759 0.8865671641791045 29
1718387519991 0.9104477611940298 30
1718387520228 0.9164179104477612 31
1718387520457 0.9014925373134328 32
1718387520717 0.9164179104477612 33
1718387520957 0.8925373134328358 34
1718387521194 0.8955223880597015 35
1718387521428 0.8686567164179104 36
1718387521666 0.8925373134328358 37
1718387521901 0.9014925373134328 38
1718387522130 0.8865671641791045 39
1718387522485 0.8805970149253731 40
1718387522793 0.8029850746268656 41
1718387523089 0.7223880597014926 42
1718387523387 0.8686567164179104 43
1718387523676 0.8955223880597015 44
1718387523952 0.8716417910447761 45
1718387524239 0.8895522388059701 46
1718387524508 0.8925373134328358 47
1718387524790 0.9014925373134328 48
1718387525063 0.9044776119402985 49
