1718330488212 2.132275342941284 0
1718330488525 2.1311604976654053 1
1718330488868 2.130180835723877 2
1718330489162 2.1293208599090576 3
1718330489453 2.1285736560821533 4
1718330489755 2.1279356479644775 5
1718330490032 2.1273980140686035 6
1718330490320 2.1269514560699463 7
1718330490635 2.1265838146209717 8
1718330490918 2.1262848377227783 9
1718330491204 2.126044273376465 10
1718330491495 2.125852108001709 11
1718330491780 2.1257009506225586 12
1718330492068 2.1255831718444824 13
1718330492354 2.1254935264587402 14
1718330492644 2.1254265308380127 15
1718330492928 2.125377893447876 16
1718330493227 2.1253440380096436 17
1718330493532 2.125322103500366 18
1718330493817 2.125309944152832 19
1718330494104 2.12530517578125 20
1718330494388 2.1253058910369873 21
1718330494688 2.125311851501465 22
1718330494977 2.1253206729888916 23
1718330495268 2.1253321170806885 24
1718330495568 2.2382209300994873 25
1718330495888 2.1665756702423096 26
1718330496182 2.1499950885772705 27
1718330496483 2.142595052719116 28
1718330496785 2.1374049186706543 29
1718330497069 2.134195566177368 30
1718330497372 2.132040500640869 31
1718330497684 2.1304914951324463 32
1718330497987 2.1293094158172607 33
1718330498276 2.128359079360962 34
1718330498606 2.127560615539551 35
1718330498895 2.1268656253814697 36
1718330499187 2.126244306564331 37
1718330499483 2.1256778240203857 38
1718330499780 2.1251537799835205 39
1718330500065 2.1246657371520996 40
1718330500356 2.1242077350616455 41
1718330500657 2.123776912689209 42
1718330500944 2.123370409011841 43
1718330501236 2.1229865550994873 44
1718330501531 2.122623920440674 45
1718330501830 2.1222805976867676 46
1718330502122 2.1219563484191895 47
1718330502407 2.1216495037078857 48
1718330502728 2.121359348297119 49
