1718523750939 7.547811952544682 0
1718523751805 6.889900736844361 1
1718523752655 8.576124291811416 2
1718523753492 7.526824834631451 3
1718523754355 4.732566910003548 4
1718523755205 3.234102189540863 5
1718523756021 2.6550035930391567 6
1718523757038 4.45657941654547 7
1718523757871 7.5334297044953304 8
1718523758737 7.299132131818515 9
1718523759637 7.352497051456082 10
1718523760454 7.9018816218447325 11
1718523761256 8.336600941508564 12
1718523762087 6.971786576420514 13
1718523762920 8.757347250162665 14
1718523763770 7.9344054060195806 15
1718523764586 7.626657767082328 16
1718523765436 5.178192637749572 17
1718523766255 4.947656364583257 18
1718523767086 7.160913456286957 19
1718523767919 7.347978477157763 20
1718523768722 6.665966147807107 21
1718523769551 7.622033927867662 22
1718523770385 5.837232569260384 23
1718523771218 7.15491519089955 24
1718523772051 8.14678456712125 25
1718523772884 4.112867776137679 26
1718523773704 11.111536419213708 27
1718523774518 8.998953886886142 28
1718523775367 5.369770770642295 29
1718523776171 8.077178222919578 30
1718523777017 8.612741070896831 31
1718523777849 8.412987495091423 32
1718523778653 7.74018099681655 33
1718523779466 9.318745681599005 34
1718523780287 9.138481159708393 35
1718523781099 5.1081254589023875 36
1718523781899 5.032547585110166 37
1718523782866 5.622037507260024 38
1718523783933 4.912684012704821 39
1718523784966 5.533564446577385 40
1718523785965 7.225093460794705 41
1718523786982 3.5433598503248014 42
1718523787965 3.640880773761379 43
1718523788981 7.548195282914746 44
1718523789998 10.13240433450955 45
1718523790998 6.989055466296068 46
1718523791981 3.113100339227648 47
1718523792914 7.614986574471886 48
1718523793867 4.009797399613395 49
