1718523751071 1.0 0
1718523751922 1.0 1
1718523752777 1.0 2
1718523753605 1.0 3
1718523754490 1.0 4
1718523755321 1.0 5
1718523756142 1.0 6
1718523757154 0.7931034482758621 7
1718523757987 0.8477011494252874 8
1718523758871 1.0 9
1718523759770 1.0 10
1718523760554 1.0 11
1718523761379 1.0 12
1718523762220 0.48563218390804597 13
1718523763036 0.60625 14
1718523763886 1.0 15
1718523764703 1.0 16
1718523765553 1.0 17
1718523766369 1.0 18
1718523767206 0.7701149425287356 19
1718523768051 0.46332046332046334 20
1718523768852 1.0 21
1718523769669 1.0 22
1718523770502 0.6 23
1718523771335 1.0 24
1718523772183 1.0 25
1718523773001 1.0 26
1718523773834 1.0 27
1718523774634 1.0 28
1718523775484 1.0 29
1718523776300 1.0 30
1718523777137 0.49712643678160917 31
1718523777967 0.5309734513274337 32
1718523778767 1.0 33
1718523779583 1.0 34
1718523780415 1.0 35
1718523781216 1.0 36
1718523782032 1.0 37
1718523783083 1.0 38
1718523784154 1.0 39
1718523785132 1.0 40
1718523786151 1.0 41
1718523787159 1.0 42
1718523788150 1.0 43
1718523789151 1.0 44
1718523790165 1.0 45
1718523791184 1.0 46
1718523792137 1.0 47
1718523793081 1.0 48
1718523794014 1.0 49
