1718537205108 13.532628725686799 0
1718537205924 29.94300805314641 1
1718537206704 26.235937214124156 2
1718537207510 -29.41581901302709 3
1718537208307 -6.5500738945874275 4
1718537209107 -17.071953854696723 5
1718537209907 1.0144145127498732 6
1718537210731 -11.188932081441003 7
1718537211523 -6.726686175782881 8
1718537212323 0.07472412562488984 9
1718537213139 -1.8668053985342965 10
1718537213942 -19.18822342758532 11
1718537214738 -48.54909446809908 12
1718537215522 -3.7564419878386417 13
1718537216355 -2.49938855487693 14
1718537217175 -16.75085800937375 15
1718537218022 -38.700122992817704 16
1718537218908 -27.712304624185904 17
1718537219771 -77.3953668083448 18
1718537220655 3.7037690263805985 19
1718537221471 -34.72162425844231 20
1718537222354 11.983042023883907 21
1718537223369 -30.072228135862055 22
1718537224352 -40.664266899962705 23
1718537225304 -8.666331349886796 24
1718537226237 4.309265061235706 25
1718537227203 -17.70088032056497 26
1718537228220 -16.460523476189806 27
1718537229170 -0.34208282638275733 28
1718537230169 -53.30576560455229 29
1718537231173 -0.5147801933650911 30
1718537232102 -32.00564303631591 31
1718537233119 -21.490110262925135 32
1718537234119 -18.65517252821126 33
1718537235134 -22.184210330746602 34
1718537236052 -9.391817970466747 35
1718537236985 25.197020129076982 36
1718537237917 -16.815275888753547 37
1718537238768 7.942109199790917 38
1718537239584 11.942316474687022 39
1718537240367 -25.069731448150662 40
1718537241184 -36.25979446814859 41
1718537241984 19.137377671098776 42
1718537242784 -33.06348186043903 43
1718537243633 -26.151505164192145 44
1718537244457 -22.49620013720091 45
1718537245235 -28.01148404152024 46
1718537246016 8.731845840939783 47
1718537246835 -17.402398678578173 48
1718537247616 -54.39061404724889 49
