1718329215661 2.3820555210113525 0
1718329215963 2.3820555210113525 1
1718329216310 2.3820555210113525 2
1718329216630 2.3820555210113525 3
1718329216931 2.3820555210113525 4
1718329217240 2.3820555210113525 5
1718329217524 2.3820555210113525 6
1718329217803 2.382054090499878 7
1718329218090 2.3590242862701416 8
1718329218370 2.1949050426483154 9
1718329218655 2.210291862487793 10
1718329218936 1.8690074682235718 11
1718329219221 1.6797492504119873 12
1718329219506 1.9306881427764893 13
1718329219799 2.1046535968780518 14
1718329220086 2.1689071655273438 15
1718329220369 1.5434165000915527 16
1718329220655 1.5451366901397705 17
1718329220955 2.0843207836151123 18
1718329221240 2.3144662380218506 19
1718329221525 2.3354103565216064 20
1718329221808 1.9279780387878418 21
1718329222105 2.315798759460449 22
1718329222397 2.3607192039489746 23
1718329222689 2.3621826171875 24
1718329222979 2.362083911895752 25
1718329223287 2.3620028495788574 26
1718329223594 2.361936330795288 27
1718329223884 2.3618388175964355 28
1718329224200 2.3618390560150146 29
1718329224490 2.3618388175964355 30
1718329224777 2.3618390560150146 31
1718329225067 2.3618388175964355 32
1718329225365 2.3618390560150146 33
1718329225659 2.3618385791778564 34
1718329225945 2.3618390560150146 35
1718329226249 2.3618388175964355 36
1718329226552 2.3618388175964355 37
1718329226864 2.3618388175964355 38
1718329227173 2.3710601329803467 39
1718329227485 2.3710601329803467 40
1718329227775 2.371058702468872 41
1718329228102 2.3710594177246094 42
1718329228397 2.3818657398223877 43
1718329228684 1.6860522031784058 44
1718329228973 1.644727349281311 45
1718329229279 1.7550872564315796 46
1718329229570 1.9021016359329224 47
1718329229853 2.2576496601104736 48
1718329230157 2.141308069229126 49
