1718575028820 0.258883304909467 0
1718575029629 0.20950351918093854 1
1718575030431 0.09151515151515152 2
1718575031393 0.1871836747128995 3
1718575032408 0.09151515151515152 4
1718575033138 0.33155265427084785 5
1718575033906 0.17893258934894338 6
1718575034671 0.2546859301614217 7
1718575035397 0.10169485749381982 8
1718575036388 0.32921757675273206 9
1718575037400 0.17642058261321883 10
1718575038104 0.2301992852158045 11
1718575038865 0.33949385866108533 12
1718575039868 0.327400065213277 13
1718575040842 0.0396850561444273 14
1718575041637 0.05340501256507171 15
1718575042321 0.5852864877058426 16
1718575043022 0.04284087143803843 17
1718575043652 0.17937410048790484 18
1718575044175 0.3139295667037067 19
1718575044689 0.09151515151515152 20
1718575045227 0.09151515151515152 21
1718575045762 0.23353640971306208 22
1718575046309 0.407507209132885 23
1718575046836 0.25224633088240334 24
1718575047402 0.09151515151515152 25
1718575047935 0.0625202442974497 26
1718575048618 0.11826653444054375 27
1718575049287 0.5961099472206295 28
1718575049910 0.3690810947526413 29
1718575050523 0.2837273039962119 30
1718575051093 0.09151515151515152 31
1718575051722 0.09151515151515152 32
1718575052355 0.18461808795939644 33
1718575052906 0.13435277956174888 34
1718575053660 0.18845800564557086 35
1718575054252 0.44849135018462133 36
1718575054830 0.21357917975803373 37
1718575055350 0.3860389027140026 38
1718575055894 0.30586965939514027 39
1718575056446 0.22341461908399177 40
1718575056995 0.27041609371021136 41
1718575057539 0.36981086925688006 42
1718575058052 0.5852333746385792 43
1718575058616 0.3873413251081516 44
1718575059153 0.2363704118025641 45
1718575059682 0.26929879568757464 46
1718575060179 0.44393155600259776 47
1718575060701 0.38162962025970953 48
1718575061222 0.21317092612604138 49
