1718555249623 0.1605351170568562 0
1718555249973 0.1605351170568562 1
1718555250344 0.1605351170568562 2
1718555250706 0.1605351170568562 3
1718555251073 0.1605351170568562 4
1718555251422 0.1605351170568562 5
1718555251806 0.1605351170568562 6
1718555252156 0.1605351170568562 7
1718555252521 0.1605351170568562 8
1718555252872 0.1605351170568562 9
1718555253239 0.1605351170568562 10
1718555253589 0.1605351170568562 11
1718555253972 0.1605351170568562 12
1718555254339 0.1605351170568562 13
1718555254691 0.1605351170568562 14
1718555255055 0.1605351170568562 15
1718555255422 0.1605351170568562 16
1718555255788 0.1605351170568562 17
1718555256138 0.1605351170568562 18
1718555256521 0.1605351170568562 19
1718555256906 0.1605351170568562 20
1718555257288 0.1605351170568562 21
1718555257672 0.1605351170568562 22
1718555258206 0.1605351170568562 23
1718555258554 0.1605351170568562 24
1718555258904 0.1605351170568562 25
1718555259254 0.1605351170568562 26
1718555259620 0.1605351170568562 27
1718555260007 0.1605351170568562 28
1718555260370 0.1605351170568562 29
1718555260721 0.1605351170568562 30
1718555261087 0.1605351170568562 31
1718555261457 0.1605351170568562 32
1718555261820 0.1605351170568562 33
1718555262187 0.1605351170568562 34
1718555262540 0.1605351170568562 35
1718555262907 0.1605351170568562 36
1718555263253 0.1605351170568562 37
1718555263603 0.1605351170568562 38
1718555263977 0.1605351170568562 39
1718555264307 0.1605351170568562 40
1718555264677 0.1605351170568562 41
1718555265023 0.1605351170568562 42
1718555265374 0.1605351170568562 43
1718555265720 0.1605351170568562 44
1718555266070 0.1605351170568562 45
1718555266436 0.1605351170568562 46
1718555266787 0.1605351170568562 47
1718555267209 0.1605351170568562 48
1718555267589 0.1605351170568562 49
