1718330870872 0.3142857142857143 0
1718330871197 0.34285714285714286 1
1718330871495 0.14285714285714285 2
1718330871806 0.3142857142857143 3
1718330872102 0.14285714285714285 4
1718330872397 0.2571428571428571 5
1718330872694 0.11428571428571428 6
1718330872994 0.34285714285714286 7
1718330873289 0.2857142857142857 8
1718330873582 0.34285714285714286 9
1718330873882 0.3142857142857143 10
1718330874172 0.2571428571428571 11
1718330874462 0.14285714285714285 12
1718330874761 0.37142857142857144 13
1718330875056 0.2857142857142857 14
1718330875351 0.14285714285714285 15
1718330875644 0.2857142857142857 16
1718330875980 0.3142857142857143 17
1718330876273 0.2571428571428571 18
1718330876568 0.2857142857142857 19
1718330876880 0.2571428571428571 20
1718330877183 0.22857142857142856 21
1718330877489 0.2857142857142857 22
1718330877811 0.37142857142857144 23
1718330878143 0.2857142857142857 24
1718330878444 0.37142857142857144 25
1718330878743 0.34285714285714286 26
1718330879051 0.2857142857142857 27
1718330879354 0.37142857142857144 28
1718330879667 0.2 29
1718330879986 0.2857142857142857 30
1718330880298 0.11428571428571428 31
1718330880593 0.34285714285714286 32
1718330880907 0.3142857142857143 33
1718330881210 0.2 34
1718330881523 0.22857142857142856 35
1718330881827 0.4 36
1718330882135 0.2857142857142857 37
1718330882526 0.22857142857142856 38
1718330882901 0.2857142857142857 39
1718330883277 0.11428571428571428 40
1718330883626 0.14285714285714285 41
1718330883976 0.2857142857142857 42
1718330884342 0.4857142857142857 43
1718330884638 0.34285714285714286 44
1718330884945 0.2857142857142857 45
1718330885250 0.17142857142857143 46
1718330885573 0.2 47
1718330885880 0.17142857142857143 48
1718330886192 0.14285714285714285 49
