1718523535065 -3.39977559545686 0
1718523535864 -6.7296203966056645 1
1718523536679 5.778433260147737 2
1718523537514 7.612923544949938 3
1718523538280 -0.608138462177287 4
1718523539057 -1.1666921712946756 5
1718523539840 -1.8788518783518882 6
1718523540641 5.107217094090556 7
1718523541413 -8.934979576295664 8
1718523542247 3.0677611096473587 9
1718523543313 -1.4406244805472728 10
1718523544296 -5.753552235100184 11
1718523545279 -7.350319143821082 12
1718523546282 0.2155308423135036 13
1718523547279 -8.966817909508796 14
1718523548258 7.217437017643308 15
1718523549212 -3.3005938877459835 16
1718523550195 -2.9211548380267294 17
1718523551161 -0.6282983200008747 18
1718523552098 -1.7627899275005063 19
1718523553028 -7.958415960548476 20
1718523553944 5.881445972076211 21
1718523554961 6.021339202388171 22
1718523555911 5.246340751836657 23
1718523556810 -6.315049653380017 24
1718523557594 -1.4499521336637429 25
1718523558410 -9.018773181359728 26
1718523559225 4.856898530960514 27
1718523560026 -7.331750516166842 28
1718523560826 -8.936041428729022 29
1718523561626 -5.805678465742702 30
1718523562411 7.012850738148622 31
1718523563193 -7.326725421098496 32
1718523563976 7.23958848877117 33
1718523564792 7.031104511532078 34
1718523565621 -1.6441550947917847 35
1718523566425 -7.933822623020597 36
1718523567225 -7.6859566689562 37
1718523568075 7.218806188066639 38
1718523568928 -5.56496889358837 39
1718523569908 -5.583294025134954 40
1718523570710 -6.103770661575123 41
1718523571508 -2.283322519411711 42
1718523572274 6.409516783630831 43
1718523573041 -2.657315215688115 44
1718523573807 -2.9188800350485318 45
1718523574602 0.19016171121748293 46
1718523575422 -6.837149596305952 47
1718523576173 -5.029000027370584 48
1718523576973 8.042215881251686 49
