1718417752531 0.00042438507080078125 0
1718417754731 -0.05589103698730469 1
1718417756898 -0.0016901493072509766 2
1718417759114 0.005159139633178711 3
1718417761413 -0.0013916492462158203 4
1718417764296 -4.68549108505249 5
1718417767362 0.403400182723999 6
1718417770413 3.2781949043273926 7
1718417773261 -4.081483364105225 8
1718417775845 -4.478727340698242 9
1718417778010 -3.80003023147583 10
1718417780527 4.455190658569336 11
1718417782710 0.0004425048828125 12
1718417784992 -0.004515171051025391 13
1718417787209 3.880490779876709 14
1718417789359 -0.638575553894043 15
1718417791542 0.4009237289428711 16
1718417793724 4.606045722961426 17
1718417795959 1.4371118545532227 18
1718417798132 4.722250938415527 19
1718417800331 4.538244247436523 20
1718417802512 -0.6208364963531494 21
1718417804750 0.06142401695251465 22
1718417806970 -0.0011115074157714844 23
1718417809151 -0.0016810894012451172 24
1718417811334 -0.0014445781707763672 25
1718417813533 0.0004100799560546875 26
1718417815723 -0.04491472244262695 27
1718417818104 -4.703505992889404 28
1718417820345 0.0004425048828125 29
1718417822723 3.214092254638672 30
1718417825717 -3.970792531967163 31
1718417828569 4.777299880981445 32
1718417831349 0.0004405975341796875 33
1718417834282 -0.01384115219116211 34
1718417836765 -0.04549217224121094 35
1718417838932 -0.001298666000366211 36
1718417841081 -4.69842529296875 37
1718417843247 -0.04547286033630371 38
1718417845430 -0.22951936721801758 39
1718417847729 -0.0013909339904785156 40
1718417849896 -0.001216888427734375 41
1718417852062 -0.001374959945678711 42
1718417854245 0.11015868186950684 43
1718417856644 -0.0016407966613769531 44
1718417858844 1.4936654567718506 45
1718417860977 0.4129953384399414 46
1718417863126 0.0004444122314453125 47
1718417865359 2.241426706314087 48
1718417867709 0.1911449432373047 49
