1718526582998 0.10242424242424242 0
1718526587914 0.10242424242424242 1
1718526592983 0.10242424242424242 2
1718526597895 0.10242424242424242 3
1718526603026 0.10242424242424242 4
1718526608810 0.10242424242424242 5
1718526614442 0.10242424242424242 6
1718526619624 0.10242424242424242 7
1718526624473 0.10242424242424242 8
1718526629322 0.10242424242424242 9
1718526634155 0.10242424242424242 10
1718526639020 0.10242424242424242 11
1718526643836 0.10242424242424242 12
1718526648669 0.10242424242424242 13
1718526653534 0.10848484848484848 14
1718526658367 0.10242424242424242 15
1718526663599 0.10242424242424242 16
1718526669364 0.10242424242424242 17
1718526675047 0.11333333333333333 18
1718526680016 0.10242424242424242 19
1718526684829 0.10242424242424242 20
1718526689844 0.10242424242424242 21
1718526694743 0.10242424242424242 22
1718526699592 0.10242424242424242 23
1718526704508 0.10242424242424242 24
1718526709323 0.10242424242424242 25
1718526714122 0.10242424242424242 26
1718526719290 0.10242424242424242 27
1718526724804 0.10242424242424242 28
1718526730436 0.10242424242424242 29
1718526736001 0.10242424242424242 30
1718526741037 0.10848484848484848 31
1718526746048 0.054720220099397254 32
1718526750862 0.10242424242424242 33
1718526755664 0.10242424242424242 34
1718526760513 0.10242424242424242 35
1718526765396 0.08498319872244263 36
1718526770145 0.10242424242424242 37
1718526774960 0.10242424242424242 38
1718526779862 0.10848484848484848 39
1718526785225 0.10242424242424242 40
1718526790895 0.10242424242424242 41
1718526796406 0.10242424242424242 42
1718526801305 0.10242424242424242 43
1718526806404 0.10242424242424242 44
1718526811255 0.10242424242424242 45
1718526816102 0.10242424242424242 46
1718526820951 0.10242424242424242 47
1718526825800 0.10242424242424242 48
1718526830666 0.10242424242424242 49
