1718524268970 0.10303030303030303 0
1718524269554 0.10848484848484849 1
1718524270123 0.10303030303030303 2
1718524270720 0.10303030303030303 3
1718524271287 0.10303030303030303 4
1718524271836 0.10303030303030303 5
1718524272389 0.10303030303030303 6
1718524272914 0.10303030303030303 7
1718524273450 0.10303030303030303 8
1718524273973 0.10303030303030303 9
1718524274515 0.10303030303030303 10
1718524275055 0.10303030303030303 11
1718524275552 0.10303030303030303 12
1718524276084 0.10303030303030303 13
1718524276585 0.10303030303030303 14
1718524277067 0.10303030303030303 15
1718524277502 0.10303030303030303 16
1718524277952 0.10303030303030303 17
1718524278385 0.10303030303030303 18
1718524278818 0.10303030303030303 19
1718524279253 0.10303030303030303 20
1718524279668 0.10303030303030303 21
1718524280101 0.10303030303030303 22
1718524280535 0.10303030303030303 23
1718524280985 0.11151515151515151 24
1718524281437 0.10303030303030303 25
1718524281884 0.10303030303030303 26
1718524282334 0.10303030303030303 27
1718524282784 0.10303030303030303 28
1718524283253 0.10303030303030303 29
1718524283701 0.10303030303030303 30
1718524284153 0.10303030303030303 31
1718524284584 0.10303030303030303 32
1718524285050 0.10303030303030303 33
1718524285467 0.10303030303030303 34
1718524285917 0.10303030303030303 35
1718524286367 0.10303030303030303 36
1718524286817 0.10303030303030303 37
1718524287253 0.10303030303030303 38
1718524287683 0.10303030303030303 39
1718524288133 0.10303030303030303 40
1718524288566 0.10303030303030303 41
1718524289000 0.10303030303030303 42
1718524289417 0.10303030303030303 43
1718524289866 0.10303030303030303 44
1718524290299 0.10303030303030303 45
1718524290766 0.10303030303030303 46
1718524291199 0.10303030303030303 47
1718524291632 0.10303030303030303 48
1718524292099 0.10303030303030303 49
