1718533394674 0.10477347029173559 0
1718533395162 0.19573537452159653 1
1718533395624 0.1676846196557468 2
1718533396103 0.13023710176568887 3
1718533396707 0.1060247581923409 4
1718533397157 0.1905049430917122 5
1718533397558 0.09445823548676266 6
1718533397958 0.3885902834217608 7
1718533398357 0.3807599456288029 8
1718533398740 0.4996371919758828 9
1718533399156 0.3623734459668896 10
1718533399523 0.565030089245175 11
1718533399906 0.15041190745560765 12
1718533400308 0.23810968107965755 13
1718533400656 0.2591840021518579 14
1718533401039 0.20018733413677472 15
1718533401406 0.49035148509637766 16
1718533401773 0.3433025150932431 17
1718533402156 0.24868938979087865 18
1718533402542 0.1625578903383983 19
1718533402922 0.0924042209335488 20
1718533403322 0.19573537452159653 21
1718533403725 0.3173457068628445 22
1718533404122 0.19573537452159653 23
1718533404505 0.16870144284128746 24
1718533404922 0.19573537452159653 25
1718533405308 0.16870144284128746 26
1718533405696 0.19573537452159653 27
1718533406090 0.16870144284128746 28
1718533406472 0.19573537452159653 29
1718533406872 0.16870144284128746 30
1718533407242 0.19573537452159653 31
1718533407605 0.16870144284128746 32
1718533407991 0.19573537452159653 33
1718533408338 0.16870144284128746 34
1718533408821 0.19573537452159653 35
1718533409204 0.16870144284128746 36
1718533409571 0.19573537452159653 37
1718533409938 0.16870144284128746 38
1718533410289 0.19573537452159653 39
1718533410621 0.16870144284128746 40
1718533410988 0.19573537452159653 41
1718533411337 0.16870144284128746 42
1718533411671 0.19573537452159653 43
1718533412037 0.16870144284128746 44
1718533412397 0.19573537452159653 45
1718533412737 0.16870144284128746 46
1718533413090 0.32589870991009495 47
1718533413454 0.17897069604576232 48
1718533413804 0.1605351170568562 49
