1718387860671 0.8985074626865671 0
1718387860916 0.8955223880597015 1
1718387861158 0.8776119402985074 2
1718387861392 0.8985074626865671 3
1718387861636 0.8925373134328358 4
1718387861879 0.9074626865671642 5
1718387862120 0.8656716417910447 6
1718387862345 0.835820895522388 7
1718387862578 0.9044776119402985 8
1718387862818 0.9014925373134328 9
1718387863041 0.8955223880597015 10
1718387863271 0.8597014925373134 11
1718387863495 0.8985074626865671 12
1718387863735 0.9014925373134328 13
1718387864141 0.9044776119402985 14
1718387864359 0.9104477611940298 15
1718387864587 0.8895522388059701 16
1718387864827 0.9014925373134328 17
1718387865055 0.8985074626865671 18
1718387865278 0.8626865671641791 19
1718387865505 0.8835820895522388 20
1718387865744 0.8895522388059701 21
1718387865975 0.8835820895522388 22
1718387866198 0.8716417910447761 23
1718387866432 0.8985074626865671 24
1718387866670 0.8925373134328358 25
1718387867123 0.8776119402985074 26
1718387867367 0.8835820895522388 27
1718387867602 0.8925373134328358 28
1718387867845 0.8955223880597015 29
1718387868073 0.8865671641791045 30
1718387868310 0.9014925373134328 31
1718387868540 0.9044776119402985 32
1718387868798 0.9104477611940298 33
1718387869033 0.9134328358208955 34
1718387869274 0.8925373134328358 35
1718387869500 0.9134328358208955 36
1718387869746 0.8835820895522388 37
1718387869975 0.9044776119402985 38
1718387870217 0.9014925373134328 39
1718387870447 0.8895522388059701 40
1718387870687 0.8955223880597015 41
1718387870933 0.8805970149253731 42
1718387871195 0.8686567164179104 43
1718387871431 0.9164179104477612 44
1718387871671 0.8955223880597015 45
1718387871911 0.8925373134328358 46
1718387872149 0.8955223880597015 47
1718387872415 0.8895522388059701 48
1718387872666 0.8925373134328358 49
