1718539061018 0.16870144284128746 0
1718539061342 0.19573537452159653 1
1718539061716 0.1257215367130706 2
1718539062157 0.1676846196557468 3
1718539062529 0.19573537452159653 4
1718539062891 0.1605351170568562 5
1718539063242 0.17880794701986755 6
1718539063607 0.22839899273766132 7
1718539063942 0.1605351170568562 8
1718539064308 0.16870144284128746 9
1718539064675 0.5446489135357748 10
1718539065021 0.17880794701986755 11
1718539065358 0.1747787610619469 12
1718539065719 0.1676846196557468 13
1718539066175 0.17880794701986755 14
1718539066520 0.1858163826278175 15
1718539066843 0.19573537452159653 16
1718539067224 0.16870144284128746 17
1718539067541 0.1747787610619469 18
1718539067858 0.19573537452159653 19
1718539068208 0.16870144284128746 20
1718539068541 0.20359281437125748 21
1718539068857 0.1676846196557468 22
1718539069227 0.1947483588621444 23
1718539069574 0.19573537452159653 24
1718539069957 0.1676846196557468 25
1718539070374 0.17880794701986755 26
1718539070758 0.11070942662779397 27
1718539071093 0.1676846196557468 28
1718539071440 0.17880794701986755 29
1718539071773 0.16870144284128746 30
1718539072142 0.19573537452159653 31
1718539072499 0.08362837382734076 32
1718539072823 0.13517251138885292 33
1718539073173 0.1747787610619469 34
1718539073507 0.17880794701986755 35
1718539073844 0.19573537452159653 36
1718539074189 0.1676846196557468 37
1718539074523 0.16870144284128746 38
1718539074873 0.15547027985122283 39
1718539075223 0.09755281601793152 40
1718539075573 0.1747787610619469 41
1718539075923 0.1676846196557468 42
1718539076273 0.16870144284128746 43
1718539076621 0.12133691150828248 44
1718539076939 0.0855050535314797 45
1718539077272 0.16870144284128746 46
1718539077639 0.19573537452159653 47
1718539078023 0.1676846196557468 48
1718539078623 0.17880794701986755 49
