1718428821590 0.0 0
1718428825868 0.0 1
1718428830185 0.0 2
1718428834454 0.0 3
1718428838800 0.0 4
1718428843049 0.0 5
1718428847281 0.0 6
1718428851550 0.0 7
1718428855646 0.0 8
1718428859846 0.0 9
1718428864663 0.0 10
1718428869343 0.0 11
1718428874132 0.0 12
1718428879158 0.0 13
1718428883989 0.0 14
1718428887973 0.0 15
1718428891971 0.0 16
1718428896092 0.0 17
1718428900121 0.0 18
1718428904136 0.0 19
1718428908302 0.0 20
1718428912302 0.0 21
1718428916318 0.0 22
1718428920334 0.0 23
1718428924799 0.0 24
1718428929635 0.0 25
1718428934481 0.0 26
1718428939413 0.0 27
1718428943947 0.0 28
1718428947945 0.0 29
1718428951911 0.0 30
1718428955943 0.0 31
1718428960012 0.0 32
1718428964008 0.0 33
1718428967991 0.0 34
1718428971968 0.0 35
1718428975943 0.0 36
1718428979960 0.0 37
1718428984372 0.0 38
1718428989087 0.0 39
1718428993739 0.0 40
1718428998668 0.0 41
1718429003524 0.0 42
1718429007601 0.0 43
1718429011582 0.0 44
1718429015598 0.0 45
1718429019631 0.0 46
1718429023648 0.0 47
1718429027681 0.0 48
1718429031662 0.0 49
