1717608866178 0.06856896609487802 0
1717608866587 0.1676846196557468 1
1717608866944 0.1947483588621444 2
1717608867317 0.1858163826278175 3
1717608867659 0.10985397831103066 4
1717608868015 0.07583876321715212 5
1717608868371 0.09323596071518508 6
1717608868707 0.20359281437125748 7
1717608869053 0.09022860757206108 8
1717608869416 0.08689322700812682 9
1717608869756 0.0933850478596591 10
1717608870121 0.08102958599087914 11
1717608870636 0.16870144284128746 12
1717608870987 0.10181362670878492 13
1717608871361 0.17880794701986755 14
1717608871710 0.16870144284128746 15
1717608872116 0.06178286553415879 16
1717608872481 0.08522929014284544 17
1717608872833 0.08689322700812682 18
1717608873187 0.08866820471472933 19
