1718332074858 0.0944514274597168 0
1718332075154 0.17941665649414062 1
1718332075447 -0.12451863288879395 2
1718332075764 -0.06313586235046387 3
1718332076054 0.20530080795288086 4
1718332076346 0.23140406608581543 5
1718332076632 0.17041277885437012 6
1718332076926 0.16874933242797852 7
1718332077210 0.2940274477005005 8
1718332077501 0.26821112632751465 9
1718332077796 -0.03837156295776367 10
1718332078084 0.18143916130065918 11
1718332078374 0.09808969497680664 12
1718332078682 0.12099099159240723 13
1718332078967 0.12338638305664062 14
1718332079254 0.13328027725219727 15
1718332079537 0.059488773345947266 16
1718332079853 0.10755801200866699 17
1718332080156 -0.0007908344268798828 18
1718332080459 0.23576593399047852 19
1718332080764 0.18822216987609863 20
1718332081059 0.23050379753112793 21
1718332081352 0.09879016876220703 22
1718332081645 0.16879558563232422 23
1718332081949 0.03979063034057617 24
1718332082278 0.04961109161376953 25
1718332082654 0.1221919059753418 26
1718332083002 0.1289381980895996 27
1718332083373 0.10254478454589844 28
1718332083735 0.12846660614013672 29
1718332084097 0.23333430290222168 30
1718332084558 0.1427772045135498 31
1718332084932 0.13677144050598145 32
1718332085301 0.16613507270812988 33
1718332085609 0.0731048583984375 34
1718332085926 -0.10477447509765625 35
1718332086228 -0.013438224792480469 36
1718332086536 -0.013447999954223633 37
1718332086846 -0.013447999954223633 38
1718332087141 -0.013448238372802734 39
1718332087434 -0.013448238372802734 40
1718332087736 -0.013447999954223633 41
1718332088045 -0.013448238372802734 42
1718332088352 -0.013447999954223633 43
1718332088652 -0.013448238372802734 44
1718332088968 -0.013447999954223633 45
1718332089278 -0.013448238372802734 46
1718332089593 -0.013448238372802734 47
1718332089910 -0.013447999954223633 48
1718332090221 -0.013448238372802734 49
