1718332074785 2.185734748840332 0
1718332075095 2.2063522338867188 1
1718332075387 1.9383513927459717 2
1718332075700 2.1223936080932617 3
1718332075995 2.108535051345825 4
1718332076288 2.252079486846924 5
1718332076576 2.124209403991699 6
1718332076867 2.123324155807495 7
1718332077153 2.1269218921661377 8
1718332077441 2.3003833293914795 9
1718332077737 2.263873815536499 10
1718332078027 2.2366554737091064 11
1718332078317 2.3305015563964844 12
1718332078607 2.3422999382019043 13
1718332078909 2.3327865600585938 14
1718332079198 2.3502397537231445 15
1718332079478 2.402691602706909 16
1718332079781 2.2832744121551514 17
1718332080096 2.1591737270355225 18
1718332080402 2.2489678859710693 19
1718332080704 2.176392078399658 20
1718332080994 2.2087504863739014 21
1718332081295 2.1135079860687256 22
1718332081585 2.2131810188293457 23
1718332081892 2.2312910556793213 24
1718332082187 2.5111989974975586 25
1718332082582 2.3947713375091553 26
1718332082932 2.352977991104126 27
1718332083302 2.155730724334717 28
1718332083659 2.3344192504882812 29
1718332084021 2.411015748977661 30
1718332084473 2.410090446472168 31
1718332084860 2.423496961593628 32
1718332085224 2.2481689453125 33
1718332085552 2.1123156547546387 34
1718332085869 2.304964303970337 35
1718332086169 2.4927477836608887 36
1718332086467 2.4927620887756348 37
1718332086786 2.4927620887756348 38
1718332087087 2.4927620887756348 39
1718332087375 2.4927620887756348 40
1718332087675 2.4927620887756348 41
1718332087985 2.4927620887756348 42
1718332088291 2.4927620887756348 43
1718332088596 2.4927620887756348 44
1718332088910 2.4927620887756348 45
1718332089217 2.4927620887756348 46
1718332089537 2.4927618503570557 47
1718332089852 2.4927620887756348 48
1718332090163 2.4927620887756348 49
