1718551032243 nan 0
1718551037643 nan 1
1718551042484 nan 2
1718551047000 nan 3
1718551051531 nan 4
1718551056115 nan 5
1718551060647 nan 6
1718551065130 nan 7
1718551069679 nan 8
1718551074211 nan 9
1718551078823 nan 10
1718551083648 nan 11
1718551088950 nan 12
1718551094474 nan 13
1718551099956 nan 14
1718551104642 nan 15
1718551109238 nan 16
1718551113737 nan 17
1718551118475 nan 18
1718551123075 nan 19
1718551127617 nan 20
1718551132117 nan 21
1718551136616 nan 22
1718551141285 nan 23
1718551146481 nan 24
1718551151779 nan 25
1718551156995 nan 26
1718551161920 nan 27
1718551166524 nan 28
1718551171025 nan 29
1718551175628 nan 30
1718551180160 nan 31
1718551184671 nan 32
1718551189072 nan 33
1718551193738 nan 34
1718551198304 nan 35
1718551203036 nan 36
1718551208385 nan 37
1718551213649 nan 38
1718551219016 nan 39
1718551223632 nan 40
1718551228099 nan 41
1718551232553 nan 42
1718551237179 nan 43
1718551241612 nan 44
1718551246177 nan 45
1718551250760 nan 46
1718551255342 nan 47
1718551259815 nan 48
1718551264791 nan 49
