1718371876439 2.1440882682800293 0
1718371877123 2.0874221324920654 1
1718371877756 1.782649278640747 2
1718371878397 2.3118762969970703 3
1718371879039 2.24530291557312 4
1718371879668 2.324049472808838 5
1718371880310 2.312225818634033 6
1718371880953 2.285611867904663 7
1718371881576 1.8162981271743774 8
1718371882240 2.2591145038604736 9
1718371882894 2.2049624919891357 10
1718371883546 2.1584484577178955 11
1718371884210 2.046638250350952 12
1718371884885 2.246547222137451 13
1718371885555 2.3049211502075195 14
1718371886199 2.0430679321289062 15
1718371886841 2.3004307746887207 16
1718371887519 2.3169784545898438 17
1718371888200 2.1697680950164795 18
1718371888847 2.2635116577148438 19
1718371889504 2.24723744392395 20
1718371890158 2.2639644145965576 21
1718371890808 2.246434211730957 22
1718371891463 2.2851309776306152 23
1718371892108 2.2960073947906494 24
1718371892735 2.2646725177764893 25
1718371893362 2.2170815467834473 26
1718371893991 2.2797937393188477 27
1718371894623 2.2114109992980957 28
1718371895279 2.329807758331299 29
1718371895922 2.3122196197509766 30
1718371896604 2.2797932624816895 31
1718371897267 2.31231689453125 32
1718371897897 2.328467845916748 33
1718371898537 1.6222938299179077 34
1718371899164 2.234532117843628 35
1718371899776 2.5745112895965576 36
1718371900410 2.2391483783721924 37
1718371901045 2.310417413711548 38
1718371901672 2.214399814605713 39
1718371902315 2.2860302925109863 40
1718371902993 2.2170770168304443 41
1718371903636 2.236011028289795 42
1718371904279 2.325533866882324 43
1718371904908 2.2797939777374268 44
1718371905534 2.199584484100342 45
1718371906176 2.000775098800659 46
1718371906804 2.097862482070923 47
1718371907431 2.0699238777160645 48
1718371908074 2.1073622703552246 49
