1718368357297 0.004582881927490234 0
1718368359539 0.0034236907958984375 1
1718368362114 0.0073699951171875 2
1718368364436 0.010670185089111328 3
1718368366728 0.012999534606933594 4
1718368369006 0.014569282531738281 5
1718368371289 0.015625953674316406 6
1718368373673 -5.381824970245361 7
1718368376091 -3.808012008666992 8
1718368378562 -4.055295467376709 9
1718368380775 -4.537089824676514 10
1718368382972 -4.426523685455322 11
1718368385188 -5.044596195220947 12
1718368387420 1.7595887184143066 13
1718368389753 0.17180728912353516 14
1718368392220 0.25556373596191406 15
1718368394496 0.059064388275146484 16
1718368396676 -0.020050525665283203 17
1718368398905 -0.004976749420166016 18
1718368401134 0.04152488708496094 19
1718368403449 0.08296632766723633 20
1718368405754 0.10681533813476562 21
1718368408379 0.11950874328613281 22
1718368410833 3.0408072471618652 23
1718368413088 4.075374126434326 24
1718368415333 3.8242712020874023 25
1718368417594 3.7703943252563477 26
1718368419804 3.763064384460449 27
1718368422339 3.7666587829589844 28
1718368424693 3.7743663787841797 29
1718368426882 3.7829012870788574 30
1718368429007 3.7902283668518066 31
1718368431245 3.7959461212158203 32
1718368433425 3.7807817459106445 33
1718368435671 0.9694862365722656 34
1718368438276 -5.634581089019775 35
1718368440489 -5.922551155090332 36
1718368442749 -5.614331245422363 37
1718368445025 -5.457446575164795 38
1718368447147 -5.410798072814941 39
1718368449324 -5.318790435791016 40
1718368451840 -5.364720344543457 41
1718368454226 -5.364449501037598 42
1718368456459 -5.370484352111816 43
1718368458757 -5.379733085632324 44
1718368460971 -5.392452239990234 45
1718368463278 -5.408100128173828 46
1718368465631 -5.4251275062561035 47
1718368468198 -5.442000389099121 48
1718368470479 -0.2941856384277344 49
