1718389138527 0.4896763265132904 0
1718389138744 0.4805132746696472 1
1718389138973 0.502402126789093 2
1718389139224 0.4693610668182373 3
1718389139490 0.47897636890411377 4
1718389139733 0.4673348665237427 5
1718389139972 0.5025848746299744 6
1718389140268 0.4679693281650543 7
1718389140529 0.43770575523376465 8
1718389140766 0.4490397870540619 9
1718389141003 0.4634574055671692 10
1718389141250 0.5355900526046753 11
1718389141492 0.4654589593410492 12
1718389141728 0.4495302736759186 13
1718389141956 0.44556689262390137 14
1718389142212 0.45876702666282654 15
1718389142518 0.45424461364746094 16
1718389142823 0.43078917264938354 17
1718389143140 0.4083807170391083 18
1718389143450 0.4193878769874573 19
1718389143762 0.42599865794181824 20
1718389144068 0.46177324652671814 21
1718389144352 0.5386980772018433 22
1718389144619 0.43799886107444763 23
1718389144894 0.41453394293785095 24
1718389145178 0.3948284983634949 25
1718389145460 0.41245555877685547 26
1718389145739 0.4410848915576935 27
1718389146037 0.43272653222084045 28
1718389146328 0.3883551359176636 29
1718389146615 0.398786336183548 30
1718389146913 0.4243887662887573 31
1718389147403 0.4480226933956146 32
1718389147675 0.4099830090999603 33
1718389147958 0.4652736186981201 34
1718389148267 0.4835752844810486 35
1718389148563 0.4356442987918854 36
1718389148836 0.43379318714141846 37
1718389149129 0.40593865513801575 38
1718389149417 0.40712782740592957 39
1718389149698 0.4075009822845459 40
1718389149979 0.44108930230140686 41
1718389150268 0.44219887256622314 42
1718389150563 0.3786172568798065 43
1718389150841 0.40980666875839233 44
1718389151118 0.4171406924724579 45
1718389151403 0.4097961485385895 46
1718389151676 0.3727891445159912 47
1718389151957 0.37291619181632996 48
1718389152232 0.37178924679756165 49
