1718452224551 -42.73754119873047 0
1718452225414 67.19611358642578 1
1718452226213 4.35028076171875 2
1718452227050 -72.88778686523438 3
1718452227780 -43.409217834472656 4
1718452228513 -7.760589599609375 5
1718452229217 -44.06037139892578 6
1718452229980 -25.695308685302734 7
1718452230780 -88.32785034179688 8
1718452231549 42.969383239746094 9
1718452232296 -52.25279235839844 10
1718452233083 -28.121299743652344 11
1718452233845 -10.29788589477539 12
1718452234631 -30.406352996826172 13
1718452235413 52.00534439086914 14
1718452236182 -56.671722412109375 15
1718452237011 -16.234397888183594 16
1718452237845 84.90866088867188 17
1718452238661 11.170923233032227 18
1718452239478 -38.005733489990234 19
1718452240311 64.75779724121094 20
1718452241010 63.43763732910156 21
1718452241748 -74.87464904785156 22
1718452242460 -35.19780349731445 23
1718452243210 54.27531433105469 24
1718452243943 -45.133121490478516 25
1718452244710 2.0692787170410156 26
1718452245460 -74.12505340576172 27
1718452246260 -1.34832763671875 28
1718452247009 -20.775146484375 29
1718452247726 -25.144943237304688 30
1718452248444 -28.745525360107422 31
1718452249142 -58.13250732421875 32
1718452249859 -69.5369873046875 33
1718452250576 130.10067749023438 34
1718452251283 1.5073623657226562 35
1718452251995 -24.95894432067871 36
1718452252724 -57.042423248291016 37
1718452253441 95.86740112304688 38
1718452254158 29.84741973876953 39
1718452254879 -96.85096740722656 40
1718452255591 72.8247299194336 41
1718452256295 -75.49089050292969 42
1718452257023 -18.562652587890625 43
1718452257741 -32.522560119628906 44
1718452258440 -40.489009857177734 45
1718452259169 -63.744712829589844 46
1718452259883 -17.657760620117188 47
1718452260606 -17.929187774658203 48
1718452261310 36.079368591308594 49
