1718517402005 7.793448175936035 0
1718517406504 10.83876009568389 1
1718517410870 -38.61131100099405 2
1718517415552 5.707010903053517 3
1718517419935 6.367931687298808 4
1718517424634 -5.22687164821033 5
1718517429752 -39.26322968060069 6
1718517434665 -40.646624909628756 7
1718517439168 11.524391981283982 8
1718517443650 3.5381692992585423 9
1718517447979 6.601475305151464 10
1718517452312 5.877783011994259 11
1718517456711 6.295140784029703 12
1718517461093 6.075902092382314 13
1718517465376 9.549805338954924 14
1718517469675 6.086382845425542 15
1718517473974 5.229455004231751 16
1718517478423 -32.157149408273696 17
1718517483022 9.31280506266905 18
1718517488155 -38.77792275241286 19
1718517493021 8.125394289292524 20
1718517497740 6.050217352231773 21
1718517502107 3.0445491140392513 22
1718517506468 3.56619669174605 23
1718517510934 7.721834072682968 24
1718517515310 7.0085636710110055 25
1718517519599 -41.68728535183345 26
1718517523914 3.7248652682157117 27
1718517528364 5.110026644716898 28
1718517532746 5.335955512450376 29
1718517537177 2.114293356307104 30
1718517541561 -38.780540606493794 31
1718517546743 14.031413066938498 32
1718517551762 6.8906332206114005 33
1718517556641 -34.949161796530795 34
1718517561024 11.759736872237001 35
1718517565415 1.089573737634848 36
1718517569906 3.4079901015552863 37
1718517574257 4.215311016955203 38
1718517578620 5.04521839180525 39
1718517582969 5.978180074511799 40
1718517587301 13.745269044489635 41
1718517591754 11.688541041258768 42
1718517596137 3.1170496874597124 43
1718517600516 6.336675789455277 44
1718517605449 10.065988882915748 45
1718517610547 7.661471416848928 46
1718517615479 7.570586168189655 47
1718517619962 7.272278620776877 48
1718517624295 6.219166672646702 49
