1718585842864 0.19573537452159653 0
1718585843583 0.19573537452159653 1
1718585844217 0.19573537452159653 2
1718585844866 0.19573537452159653 3
1718585845498 0.19573537452159653 4
1718585846137 0.19573537452159653 5
1718585846823 0.1676846196557468 6
1718585847432 0.1676846196557468 7
1718585847981 0.1676846196557468 8
1718585848445 0.1676846196557468 9
1718585848928 0.19852271816943767 10
1718585849386 0.19573537452159653 11
1718585849861 0.29894256567886557 12
1718585850302 0.1292524199771433 13
1718585850776 0.3360401872029779 14
1718585851236 0.19573537452159653 15
1718585851713 0.1676846196557468 16
1718585852194 0.16870144284128746 17
1718585852656 0.1676846196557468 18
1718585853102 0.1605351170568562 19
1718585853624 0.07321555874956738 20
1718585854103 0.066676021115597 21
1718585854552 0.0713557017364188 22
1718585854981 0.1090855307607118 23
1718585855366 0.19573537452159653 24
1718585855756 0.3296911520478229 25
1718585856131 0.19573537452159653 26
1718585856518 0.16870144284128746 27
1718585857067 0.1676846196557468 28
1718585857453 0.19573537452159653 29
1718585857832 0.1676846196557468 30
1718585858212 0.19573537452159653 31
1718585858598 0.24827130461432373 32
1718585858980 0.16870144284128746 33
1718585859379 0.16870144284128746 34
1718585859746 0.1577344677147144 35
1718585860132 0.20692944527369447 36
1718585860516 0.19356342660155326 37
1718585860897 0.16870144284128746 38
1718585861281 0.08403775764363675 39
1718585861629 0.16870144284128746 40
1718585862033 0.23835205989420255 41
1718585862411 0.16870144284128746 42
1718585862818 0.19573537452159653 43
1718585863214 0.1947483588621444 44
1718585863578 0.19573537452159653 45
1718585863966 0.20359281437125748 46
1718585864364 0.16870144284128746 47
1718585864749 0.23690595989562235 48
1718585865131 0.19573537452159653 49
