1718554254005 0.08727272727272728 0
1718554254902 0.08727272727272728 1
1718554255735 0.08727272727272728 2
1718554256575 0.08727272727272728 3
1718554257451 0.08727272727272728 4
1718554258301 0.08727272727272728 5
1718554259184 0.08727272727272728 6
1718554260054 0.08727272727272728 7
1718554260884 0.08727272727272728 8
1718554261718 0.08727272727272728 9
1718554262734 0.08727272727272728 10
1718554263817 0.08727272727272728 11
1718554264853 0.08727272727272728 12
1718554265859 0.08727272727272728 13
1718554266866 0.08727272727272728 14
1718554267852 0.08727272727272728 15
1718554268866 0.08727272727272728 16
1718554269866 0.08727272727272728 17
1718554270915 0.08727272727272728 18
1718554271997 0.08727272727272728 19
1718554273098 0.08727272727272728 20
1718554274120 0.08727272727272728 21
1718554275085 0.08727272727272728 22
1718554276115 0.08727272727272728 23
1718554277114 0.08727272727272728 24
1718554278097 0.08727272727272728 25
1718554279114 0.08727272727272728 26
1718554280114 0.08727272727272728 27
1718554281014 0.08727272727272728 28
1718554281847 0.08727272727272728 29
1718554282663 0.08727272727272728 30
1718554283513 0.08727272727272728 31
1718554284331 0.08727272727272728 32
1718554285330 0.08727272727272728 33
1718554286146 0.08727272727272728 34
1718554286985 0.08727272727272728 35
1718554287834 0.08727272727272728 36
1718554288645 0.08727272727272728 37
1718554289495 0.08727272727272728 38
1718554290345 0.08727272727272728 39
1718554291195 0.08727272727272728 40
1718554292011 0.08727272727272728 41
1718554292847 0.08727272727272728 42
1718554293644 0.08727272727272728 43
1718554294464 0.08727272727272728 44
1718554295314 0.08727272727272728 45
1718554296177 0.08727272727272728 46
1718554296994 0.08727272727272728 47
1718554297811 0.08727272727272728 48
1718554298630 0.08727272727272728 49
