1718505772742 12.716239767215164 0
1718505777879 13.285814468436278 1
1718505783316 13.398809443738472 2
1718505789137 13.29938431469233 3
1718505794790 13.869639573835462 4
1718505799911 13.216286462591782 5
1718505805132 12.484362631404855 6
1718505810291 13.114761131472328 7
1718505815440 13.660826804328842 8
1718505820632 13.348352020653616 9
1718505825834 13.508280959813533 10
1718505830952 13.28676786243609 11
1718505836006 12.677805199476534 12
1718505841176 13.308520274028195 13
1718505847114 14.014219456305225 14
1718505852653 13.735511684117752 15
1718505858005 13.72805548214458 16
1718505863125 12.94394304347784 17
1718505868263 12.125866492316613 18
1718505873383 12.644180556321453 19
1718505878520 12.593079696411204 20
1718505883544 13.456844418383175 21
1718505888699 13.949019757422299 22
1718505894486 12.916608086197849 23
1718505899568 12.853840636737774 24
1718505905062 13.548764167494854 25
1718505910798 13.686674765691532 26
1718505916620 14.34110165887277 27
1718505921686 13.45411999970121 28
1718505926823 13.070142649410155 29
1718505931977 13.047762454865 30
1718505937114 12.773005034003916 31
1718505942435 12.36878145156197 32
1718505947493 13.7260740522886 33
1718505952676 12.31669633697356 34
1718505958013 12.996575177806571 35
1718505963284 12.841824326074134 36
1718505969055 13.232414308125836 37
1718505974576 13.86908091939843 38
1718505979813 12.731266368755197 39
1718505984883 13.937295046948778 40
1718505989988 13.962721806559022 41
1718505995074 13.321354598135118 42
1718506000249 13.837586035891736 43
1718506005397 13.21263548990267 44
1718506010582 13.306231987474774 45
1718506015677 12.94480634168665 46
1718506020827 12.950394168685662 47
1718506026430 13.31728448317569 48
1718506032073 11.998549790081867 49
