1718539455231 1665.0146054052595 0
1718539460650 1665.6399758207265 1
1718539465533 1665.5976278214312 2
1718539470532 1665.6212695061272 3
1718539475527 1665.648615000497 4
1718539480410 1665.654635211603 5
1718539485575 1665.5811998500753 6
1718539490928 1665.6573837185974 7
1718539495973 1665.6672800156607 8
1718539500839 1665.6689257394023 9
1718539506470 1665.6460528097934 10
1718539512104 1665.6935043658784 11
1718539517819 1665.5800775622254 12
1718539522771 1665.6058023159183 13
1718539527584 1665.6980282669638 14
1718539532449 1665.6642452083418 15
1718539537359 1665.5930677237795 16
1718539542214 1665.6947068531122 17
1718539547296 1665.642736979029 18
1718539552179 1665.6755375390621 19
1718539557011 1665.6581329050348 20
1718539562127 1665.6512829624005 21
1718539567659 1665.672451703584 22
1718539573025 1665.633893830207 23
1718539578574 1665.6229746811425 24
1718539583496 1665.593243888243 25
1718539588405 1665.665042673296 26
1718539593304 1665.7246336435205 27
1718539598186 1665.6268453925404 28
1718539602972 1665.5793860536903 29
1718539607918 1665.6951239794048 30
1718539612904 1665.6035761112598 31
1718539617733 1665.64691382095 32
1718539622751 1665.5268523387056 33
1718539628451 1665.6858105237804 34
1718539634063 1665.6597609817093 35
1718539639562 1665.669301265745 36
1718539644461 1665.6575914648042 37
1718539649410 1665.5778280879135 38
1718539654412 1665.5205090778977 39
1718539659241 1665.5670689981375 40
1718539664043 1665.6991318567475 41
1718539668923 1665.6826459911333 42
1718539673904 1665.5692423703065 43
1718539678836 1665.1443828700194 44
1718539684003 1665.4469387399618 45
1718539689635 1665.6622285604476 46
1718539695419 1665.6855301008295 47
1718539700866 1665.5600031500433 48
1718539705899 1665.6288316532748 49
