1718381739848 0.05714285714285714 0
1718381740191 0.02857142857142857 1
1718381740563 0.22857142857142856 2
1718381740935 0.22857142857142856 3
1718381741275 0.37142857142857144 4
1718381741621 0.22857142857142856 5
1718381741946 0.11428571428571428 6
1718381742260 0.08571428571428572 7
1718381742577 0.14285714285714285 8
1718381742887 0.14285714285714285 9
1718381743190 0.42857142857142855 10
1718381743500 0.02857142857142857 11
1718381743813 0.2857142857142857 12
1718381744124 0.2 13
1718381744434 0.08571428571428572 14
1718381744742 0.17142857142857143 15
1718381745047 0.2571428571428571 16
1718381745358 0.2571428571428571 17
1718381745687 0.02857142857142857 18
1718381746010 0.11428571428571428 19
1718381746322 0.2 20
1718381746661 0.02857142857142857 21
1718381746976 0.2 22
1718381747294 0.14285714285714285 23
1718381747650 0.11428571428571428 24
1718381747964 0.11428571428571428 25
1718381748284 0.08571428571428572 26
1718381748614 0.0 27
1718381748922 0.02857142857142857 28
1718381749282 0.14285714285714285 29
1718381749696 0.05714285714285714 30
1718381750015 0.02857142857142857 31
1718381750345 0.11428571428571428 32
1718381750681 0.02857142857142857 33
1718381751001 0.02857142857142857 34
1718381751317 0.11428571428571428 35
1718381751637 0.14285714285714285 36
1718381751956 0.02857142857142857 37
1718381752288 0.17142857142857143 38
1718381752623 0.14285714285714285 39
1718381752947 0.2 40
1718381753288 0.17142857142857143 41
1718381753643 0.14285714285714285 42
1718381753963 0.11428571428571428 43
1718381754287 0.14285714285714285 44
1718381754626 0.22857142857142856 45
1718381754943 0.05714285714285714 46
1718381755266 0.14285714285714285 47
1718381755605 0.2857142857142857 48
1718381755927 0.17142857142857143 49
