1718549839304 nan 0
1718549844087 nan 1
1718549848638 nan 2
1718549853118 nan 3
1718549857567 nan 4
1718549862066 nan 5
1718549866666 nan 6
1718549871198 nan 7
1718549875735 nan 8
1718549880296 nan 9
1718549885374 nan 10
1718549890594 nan 11
1718549895977 nan 12
1718549901042 nan 13
1718549905558 nan 14
1718549910041 nan 15
1718549914689 nan 16
1718549919322 nan 17
1718549923838 nan 18
1718549928473 nan 19
1718549933086 nan 20
1718549937935 nan 21
1718549942654 nan 22
1718549948000 nan 23
1718549953258 nan 24
1718549958598 nan 25
1718549963297 nan 26
1718549967831 nan 27
1718549972328 nan 28
1718549976814 nan 29
1718549981363 nan 30
1718549985925 nan 31
1718549990541 nan 32
1718549995110 nan 33
1718549999589 nan 34
1718550004505 nan 35
1718550009755 nan 36
1718550015040 nan 37
1718550020201 nan 38
1718550024834 nan 39
1718550029317 nan 40
1718550033816 nan 41
1718550038302 nan 42
1718550042864 nan 43
1718550047547 nan 44
1718550052166 nan 45
1718550056695 nan 46
1718550061261 nan 47
1718550066276 nan 48
1718550071529 nan 49
