1718378300832 -0.1980571746826172 0
1718378301567 -0.21541190147399902 1
1718378302332 -0.0817403793334961 2
1718378303068 -0.055164337158203125 3
1718378303933 -0.21129274368286133 4
1718378304608 -0.09623265266418457 5
1718378305348 -0.5213642120361328 6
1718378306120 -0.19489049911499023 7
1718378306861 -0.19469881057739258 8
1718378307680 -0.08173823356628418 9
1718378308424 -0.029850244522094727 10
1718378309325 -0.0817413330078125 11
1718378310083 -0.08173823356628418 12
1718378310815 -0.005158185958862305 13
1718378311909 -0.5057599544525146 14
1718378312659 -0.27063608169555664 15
1718378313519 -0.20050930976867676 16
1718378314414 -0.035425424575805664 17
1718378315234 -0.035637855529785156 18
1718378315991 -0.19846534729003906 19
1718378316682 -0.013898611068725586 20
1718378317359 -0.19553041458129883 21
1718378318424 -0.18038129806518555 22
1718378319159 -0.04074573516845703 23
1718378319852 -0.05522775650024414 24
1718378320562 -0.2958259582519531 25
1718378321367 -0.09360957145690918 26
1718378322338 -0.19460201263427734 27
1718378323129 -0.08154916763305664 28
1718378323852 -0.1579759120941162 29
1718378324605 -0.10756134986877441 30
1718378325735 -0.18478608131408691 31
1718378326668 -0.18038344383239746 32
1718378327460 0.03461170196533203 33
1718378328283 -0.2066047191619873 34
1718378329246 -0.20244050025939941 35
1718378330394 -0.1368856430053711 36
1718378331372 -0.19438862800598145 37
1718378332209 -0.21833109855651855 38
1718378333147 -0.13246893882751465 39
1718378334138 -0.12561655044555664 40
1718378334954 -0.14380121231079102 41
1718378335737 -0.24922728538513184 42
1718378336635 -0.21419239044189453 43
1718378337385 -0.16210246086120605 44
1718378338205 -0.2906506061553955 45
1718378338907 -0.3487570285797119 46
1718378339710 -0.05599236488342285 47
1718378341082 -0.8372218608856201 48
1718378341818 -0.12802886962890625 49
