1718523276660 9.10615276044874 0
1718523277462 8.160300115151191 1
1718523278315 6.129338669687955 2
1718523279154 7.82028182584848 3
1718523280001 5.722233908389931 4
1718523280831 8.213703614117494 5
1718523281680 6.095665875655501 6
1718523282514 8.569271194401072 7
1718523283334 8.874739368460071 8
1718523284147 5.441845658110149 9
1718523285047 7.368012061759607 10
1718523285947 12.212147001010269 11
1718523286814 7.464395898491589 12
1718523287682 7.268252426118993 13
1718523288546 8.026752471034207 14
1718523289363 11.56325838548034 15
1718523290216 6.875987588914473 16
1718523291071 5.985510970674344 17
1718523291931 7.972451346134072 18
1718523292762 6.366249225922485 19
1718523293744 5.284881490824827 20
1718523294545 6.013754841996662 21
1718523295345 9.642401873175778 22
1718523296212 7.7193955378745915 23
1718523297078 6.226877741849244 24
1718523297945 7.333436199978216 25
1718523298794 6.984680580559061 26
1718523299678 6.867549969189203 27
1718523300563 7.168157022390792 28
1718523301444 8.734270642052836 29
1718523302310 5.563602569832731 30
1718523303360 5.6755860874901956 31
1718523304377 5.440108975367759 32
1718523305377 4.888322893363326 33
1718523306393 4.418771310973523 34
1718523307409 3.9954568018664176 35
1718523308419 3.5746148802451234 36
1718523309392 3.267236037930446 37
1718523310411 3.591706441854363 38
1718523311419 9.52865231704356 39
1718523312408 12.139178689736038 40
1718523313325 6.3744158833774165 41
1718523314259 6.191802362897503 42
1718523315209 5.351012633362813 43
1718523316124 5.489583733366497 44
1718523317009 8.509347079405144 45
1718523317857 5.531621965009775 46
1718523318710 8.24182854837446 47
1718523319498 10.863540532873637 48
1718523320310 12.561486769968004 49
