1718445414574 nan 0
1718445415272 nan 1
1718445415904 nan 2
1718445416696 nan 3
1718445417343 nan 4
1718445418001 nan 5
1718445418639 nan 6
1718445419301 nan 7
1718445419938 nan 8
1718445420596 nan 9
1718445421280 nan 10
1718445421948 nan 11
1718445422752 nan 12
1718445423628 nan 13
1718445424503 nan 14
1718445425364 nan 15
1718445426182 nan 16
1718445427045 nan 17
1718445427872 nan 18
1718445428714 nan 19
1718445429583 nan 20
1718445430370 nan 21
1718445431168 nan 22
1718445431952 nan 23
1718445432734 nan 24
1718445433531 nan 25
1718445434300 nan 26
1718445435133 nan 27
1718445435921 nan 28
1718445436766 nan 29
1718445437519 nan 30
1718445438233 nan 31
1718445438999 nan 32
1718445439787 nan 33
1718445440526 nan 34
1718445441266 nan 35
1718445442036 nan 36
1718445442765 nan 37
1718445443515 nan 38
1718445444230 nan 39
1718445445020 nan 40
1718445445731 nan 41
1718445446382 nan 42
1718445446998 nan 43
1718445447598 nan 44
1718445448223 nan 45
1718445448831 nan 46
1718445449451 nan 47
1718445450080 nan 48
1718445450714 nan 49
