1718344232415 3.2765440940856934 0
1718344234972 2.9830353260040283 1
1718344237281 2.983035087585449 2
1718344239850 2.983035087585449 3
1718344242232 2.983035087585449 4
1718344244928 2.9830353260040283 5
1718344247264 2.983035087585449 6
1718344249782 2.983035087585449 7
1718344252128 3.2765440940856934 8
1718344254492 3.2765440940856934 9
1718344256933 2.9830353260040283 10
1718344259221 2.9830353260040283 11
1718344261698 2.9830353260040283 12
1718344264258 2.9830353260040283 13
1718344266840 2.7052438259124756 14
1718344269032 2.983035087585449 15
1718344271397 3.6099021434783936 16
1718344273768 3.6099021434783936 17
1718344276135 3.6099021434783936 18
1718344278642 3.6099026203155518 19
1718344281012 3.6099021434783936 20
1718344283626 3.6099023818969727 21
1718344285923 3.6099021434783936 22
1718344288392 4.010495662689209 23
1718344290751 4.010495185852051 24
1718344293151 4.010495662689209 25
1718344295594 3.6099023818969727 26
1718344297832 3.6099023818969727 27
1718344300298 4.010495185852051 28
1718344302638 4.492038249969482 29
1718344305231 4.010495662689209 30
1718344307543 4.010495662689209 31
1718344309881 4.010495185852051 32
1718344312282 4.010495662689209 33
1718344314571 4.010495662689209 34
1718344317064 4.010495185852051 35
1718344319361 4.010495662689209 36
1718344321914 4.010495662689209 37
1718344324620 4.010495662689209 38
1718344327157 4.010495662689209 39
1718344329459 4.010495185852051 40
1718344331869 4.010495662689209 41
1718344334334 4.010494709014893 42
1718344336715 5.028859615325928 43
1718344339205 5.028859615325928 44
1718344341362 5.028859615325928 45
1718344343776 5.028859615325928 46
1718344346040 5.0288591384887695 47
1718344348383 5.028860092163086 48
1718344350700 5.028860092163086 49
