1718369194504 2.610781669616699 0
1718369197016 -0.3634531497955322 1
1718369199508 -0.36345338821411133 2
1718369202077 -0.36345362663269043 3
1718369204552 -0.36345362663269043 4
1718369207150 -0.36345362663269043 5
1718369209528 -0.2890172004699707 6
1718369212053 -0.1652688980102539 7
1718369214533 -0.06356000900268555 8
1718369216947 -0.12526559829711914 9
1718369219455 -0.33568477630615234 10
1718369221982 -0.04531669616699219 11
1718369224726 -0.0466766357421875 12
1718369227238 -0.00850820541381836 13
1718369229781 -0.330172061920166 14
1718369232260 -0.3302178382873535 15
1718369234639 -0.1778097152709961 16
1718369237160 0.06957387924194336 17
1718369239498 -0.0518803596496582 18
1718369241931 0.06957387924194336 19
1718369244458 0.06957364082336426 20
1718369246954 -0.43633174896240234 21
1718369249466 -0.7113595008850098 22
1718369251961 -0.2852048873901367 23
1718369254478 -1.7700135707855225 24
1718369256960 3.677964687347412 25
1718369259356 -1.3846244812011719 26
1718369261852 -1.341759204864502 27
1718369264364 -1.3440790176391602 28
1718369266788 0.16247129440307617 29
1718369269202 -0.06892251968383789 30
1718369271682 -0.048809051513671875 31
1718369274210 0.022847652435302734 32
1718369276675 -0.04644584655761719 33
1718369279192 -0.12540245056152344 34
1718369281704 -0.2031869888305664 35
1718369284589 -0.2752108573913574 36
1718369287242 -0.03698587417602539 37
1718369289769 -0.03698110580444336 38
1718369292249 -0.03698110580444336 39
1718369294764 -0.04158163070678711 40
1718369297118 -0.0996866226196289 41
1718369299631 0.6988439559936523 42
1718369302017 -2.777139663696289 43
1718369304512 2.203038215637207 44
1718369306804 0.12833404541015625 45
1718369309316 -1.1442656517028809 46
1718369311827 1.05584716796875 47
1718369314390 0.9741458892822266 48
1718369316997 1.3563895225524902 49
