1718586270113 0.10848484848484848 0
1718586270566 0.10848484848484848 1
1718586271054 0.10848484848484848 2
1718586271532 0.35562119424756694 3
1718586272006 0.10848484848484848 4
1718586272499 0.09212121212121212 5
1718586272971 0.08727272727272728 6
1718586273467 0.25266359353020856 7
1718586273919 0.047175520418609944 8
1718586274370 0.08756744650883408 9
1718586274777 0.10848484848484848 10
1718586275166 0.03165817959206389 11
1718586275553 0.042030399053996026 12
1718586275932 0.10848484848484848 13
1718586276316 0.10848484848484848 14
1718586276696 0.10848484848484848 15
1718586277092 0.09211607735330364 16
1718586277481 0.10848484848484848 17
1718586277922 0.09151515151515152 18
1718586278354 0.08727272727272728 19
1718586278752 0.09151515151515152 20
1718586279121 0.4415793159665216 21
1718586279497 0.10848484848484848 22
1718586279916 0.10848484848484848 23
1718586280299 0.10848484848484848 24
1718586280705 0.10848484848484848 25
1718586281081 0.10848484848484848 26
1718586281465 0.10848484848484848 27
1718586281847 0.09764251352360384 28
1718586282354 0.10848484848484848 29
1718586282741 0.09151515151515152 30
1718586283149 0.08727272727272728 31
1718586283518 0.09151515151515152 32
1718586283896 0.10848484848484848 33
1718586284300 0.10848484848484848 34
1718586284799 0.09151515151515152 35
1718586285251 0.09212121212121212 36
1718586285665 0.10848484848484848 37
1718586286149 0.09212121212121212 38
1718586286646 0.07584344049433969 39
1718586287131 0.1087515846140059 40
1718586287612 0.09212121212121212 41
1718586288068 0.09212121212121212 42
1718586288512 0.09212121212121212 43
1718586288931 0.5832174767445063 44
1718586289347 0.07052458118508213 45
1718586289784 0.1718785596003829 46
1718586290180 0.09212121212121212 47
1718586290600 0.04201966102050558 48
1718586291030 0.09436611364700716 49
