1718586270151 1.0 0
1718586270597 1.0 1
1718586271099 1.0 2
1718586271563 0.9030303030303031 3
1718586272049 1.0 4
1718586272531 1.0 5
1718586273000 1.0 6
1718586273498 0.8440677966101695 7
1718586273952 0.488135593220339 8
1718586274402 0.5666666666666667 9
1718586274804 1.0 10
1718586275185 0.1939393939393939 11
1718586275581 0.3090909090909091 12
1718586275968 1.0 13
1718586276348 1.0 14
1718586276740 1.0 15
1718586277119 0.5818181818181818 16
1718586277515 1.0 17
1718586277965 1.0 18
1718586278383 1.0 19
1718586278788 1.0 20
1718586279149 0.6242236024844721 21
1718586279534 1.0 22
1718586279953 1.0 23
1718586280334 1.0 24
1718586280735 1.0 25
1718586281118 1.0 26
1718586281496 1.0 27
1718586281868 0.5848484848484848 28
1718586282388 1.0 29
1718586282777 1.0 30
1718586283181 1.0 31
1718586283551 1.0 32
1718586283939 1.0 33
1718586284335 1.0 34
1718586284838 1.0 35
1718586285286 1.0 36
1718586285701 1.0 37
1718586286181 1.0 38
1718586286679 0.5115511551155115 39
1718586287166 0.5643564356435643 40
1718586287653 1.0 41
1718586288113 1.0 42
1718586288547 1.0 43
1718586288964 0.4743202416918429 44
1718586289378 0.38589211618257263 45
1718586289813 0.3360995850622407 46
1718586290214 1.0 47
1718586290641 0.37136929460580914 48
1718586291066 0.43983402489626555 49
