1718371350704 0.0 0
1718371351354 0.0 1
1718371351974 0.0 2
1718371352554 0.0 3
1718371353163 0.0 4
1718371353759 0.0 5
1718371354354 0.0 6
1718371354950 0.0 7
1718371355547 0.0 8
1718371356158 0.0 9
1718371356722 0.0 10
1718371357349 0.0 11
1718371357983 0.0 12
1718371358608 0.0 13
1718371359225 0.0 14
1718371359844 0.0 15
1718371360492 0.0 16
1718371361124 0.0 17
1718371361730 0.0 18
1718371362346 0.0 19
1718371362959 0.0 20
1718371363571 0.0 21
1718371364195 0.0 22
1718371364802 0.0 23
1718371365407 0.0 24
1718371366003 0.0 25
1718371366597 0.0 26
1718371367193 0.0 27
1718371367789 0.0 28
1718371368385 0.0 29
1718371368996 0.0 30
1718371369576 0.0 31
1718371370188 0.0 32
1718371370768 0.0 33
1718371371379 0.0 34
1718371371975 0.0 35
1718371372603 0.0 36
1718371373199 0.0 37
1718371373795 0.0 38
1718371374406 0.0 39
1718371375002 0.0 40
1718371375598 0.2 41
1718371376210 0.2 42
1718371376806 0.2 43
1718371377417 0.2 44
1718371377997 0.2 45
1718371378642 0.0 46
1718371379238 0.0 47
1718371379818 0.0 48
1718371380430 0.0 49
