1718360302858 -0.054390668869018555 0
1718360305432 -0.014421463012695312 1
1718360308267 0.26523661613464355 2
1718360311000 -0.09316635131835938 3
1718360313914 -3.3943676948547363 4
1718360316631 -0.02131509780883789 5
1718360319529 0.3181881904602051 6
1718360322167 0.3791532516479492 7
1718360324944 0.01852583885192871 8
1718360327571 -0.8796029090881348 9
1718360330349 0.0692439079284668 10
1718360332964 0.6606645584106445 11
1718360335768 -0.2855870723724365 12
1718360338284 0.4758310317993164 13
1718360341090 -0.3851912021636963 14
1718360343930 0.13283729553222656 15
1718360346810 -0.0071735382080078125 16
1718360349418 -0.22394847869873047 17
1718360352255 0.09596705436706543 18
1718360354862 0.012724637985229492 19
1718360357688 0.31487035751342773 20
1718360360111 0.03393983840942383 21
1718360362791 -0.3424558639526367 22
1718360365454 0.5713567733764648 23
1718360368049 -0.05852031707763672 24
1718360370831 0.023646116256713867 25
1718360373507 -0.15020251274108887 26
1718360376311 -0.41358137130737305 27
1718360378907 -0.5894756317138672 28
1718360381773 -0.5002305507659912 29
1718360384429 -0.1014094352722168 30
1718360387318 0.1713724136352539 31
1718360389922 -0.1326441764831543 32
1718360392785 0.1701807975769043 33
1718360395373 -0.912813663482666 34
1718360398169 0.16434955596923828 35
1718360400787 -0.40059947967529297 36
1718360403933 -0.12655067443847656 37
1718360406657 -0.1309528350830078 38
1718360409524 0.04942035675048828 39
1718360412085 0.26166629791259766 40
1718360414816 -0.20144057273864746 41
1718360417318 0.8536252975463867 42
1718360419998 0.03345775604248047 43
1718360422650 -0.11709070205688477 44
1718360425513 0.18110322952270508 45
1718360428149 1.3690462112426758 46
1718360430988 0.09608149528503418 47
1718360433509 0.02387261390686035 48
1718360436260 -0.7625970840454102 49
