1718534073124 nan 0
1718534075640 nan 1
1718534078106 nan 2
1718534081006 nan 3
1718534083772 nan 4
1718534086355 nan 5
1718534088924 nan 6
1718534091487 nan 7
1718534094053 nan 8
1718534096536 nan 9
1718534099269 nan 10
1718534101768 nan 11
1718534105134 nan 12
1718534108517 nan 13
1718534111883 nan 14
1718534114816 nan 15
1718534117368 nan 16
1718534119930 nan 17
1718534122431 nan 18
1718534124947 nan 19
1718534127397 nan 20
1718534130063 nan 21
1718534132612 nan 22
1718534135112 nan 23
1718534137578 nan 24
1718534140126 nan 25
1718534142594 nan 26
1718534145060 nan 27
1718534147542 nan 28
1718534150022 nan 29
1718534152541 nan 30
1718534155057 nan 31
1718534157541 nan 32
1718534160040 nan 33
1718534162656 nan 34
1718534166397 nan 35
1718534169875 nan 36
1718534173154 nan 37
1718534175869 nan 38
1718534178437 nan 39
1718534180953 nan 40
1718534183535 nan 41
1718534186072 nan 42
1718534188568 nan 43
1718534191034 nan 44
1718534193683 nan 45
1718534196153 nan 46
1718534198866 nan 47
1718534201416 nan 48
1718534203868 nan 49
