1718426812586 9.782987594604492 0
1718426813230 10.683950424194336 1
1718426813850 7.385321140289307 2
1718426814481 2.2895851135253906 3
1718426815081 10.929557800292969 4
1718426815726 11.746232986450195 5
1718426816335 6.632654666900635 6
1718426816968 12.382612228393555 7
1718426817598 2.3075647354125977 8
1718426818214 2.28407621383667 9
1718426818881 2.261967897415161 10
1718426819531 2.2750344276428223 11
1718426820181 2.4884297847747803 12
1718426820847 7.80947732925415 13
1718426821532 8.467000007629395 14
1718426822197 10.575800895690918 15
1718426823013 2.5121281147003174 16
1718426823897 4.346216678619385 17
1718426824780 2.3480377197265625 18
1718426825596 2.2201590538024902 19
1718426826363 5.50856876373291 20
1718426827178 5.5200910568237305 21
1718426827962 2.2735836505889893 22
1718426828714 2.440917491912842 23
1718426829445 2.2801525592803955 24
1718426830195 2.286712169647217 25
1718426830928 8.499332427978516 26
1718426831678 2.27640700340271 27
1718426832395 5.075284004211426 28
1718426833148 2.274075746536255 29
1718426833861 2.5383191108703613 30
1718426834594 2.2878122329711914 31
1718426835312 2.5062756538391113 32
1718426836044 7.3064284324646 33
1718426836827 2.4667935371398926 34
1718426837681 5.666977882385254 35
1718426838594 2.27344012260437 36
1718426839427 10.814230918884277 37
1718426840256 10.378107070922852 38
1718426841108 2.4567413330078125 39
1718426841908 10.048043251037598 40
1718426842730 2.4626517295837402 41
1718426843492 2.281198501586914 42
1718426844191 6.414141654968262 43
1718426844824 5.284144401550293 44
1718426845525 9.947187423706055 45
1718426846168 2.5064167976379395 46
1718426846792 2.4431328773498535 47
1718426847408 5.816275119781494 48
1718426848078 10.550129890441895 49
