1718513197262 0.10242424242424242 0
1718513199980 0.10242424242424242 1
1718513202667 0.10242424242424242 2
1718513205305 0.10242424242424242 3
1718513207921 0.10242424242424242 4
1718513210573 0.10242424242424242 5
1718513213308 0.10242424242424242 6
1718513215943 0.10242424242424242 7
1718513218630 0.10242424242424242 8
1718513221314 0.10242424242424242 9
1718513224567 0.10242424242424242 10
1718513228075 0.10242424242424242 11
1718513231405 0.10242424242424242 12
1718513234109 0.10242424242424242 13
1718513236776 0.10242424242424242 14
1718513239745 0.10242424242424242 15
1718513242450 0.10242424242424242 16
1718513245215 0.10242424242424242 17
1718513247867 0.10242424242424242 18
1718513250503 0.10242424242424242 19
1718513253138 0.10242424242424242 20
1718513255807 0.10242424242424242 21
1718513258458 0.10242424242424242 22
1718513261130 0.10242424242424242 23
1718513263779 0.10242424242424242 24
1718513266449 0.10242424242424242 25
1718513269135 0.10121212121212121 26
1718513271802 0.04242424242424243 27
1718513274420 0.10242424242424242 28
1718513277125 0.10242424242424242 29
1718513279774 0.10242424242424242 30
1718513282610 0.10242424242424242 31
1718513286196 0.07757575757575758 32
1718513289582 0.10242424242424242 33
1718513292684 0.10242424242424242 34
1718513295386 0.10242424242424242 35
1718513298071 0.10242424242424242 36
1718513300723 0.10242424242424242 37
1718513303425 0.10242424242424242 38
1718513306111 0.10242424242424242 39
1718513308779 0.10242424242424242 40
1718513311582 0.10242424242424242 41
1718513314284 0.10242424242424242 42
1718513316952 0.10242424242424242 43
1718513319888 0.10242424242424242 44
1718513322625 0.09696969696969697 45
1718513325492 0.10242424242424242 46
1718513328310 0.10242424242424242 47
1718513331096 0.10242424242424242 48
1718513333798 0.10242424242424242 49
