1718494301318 0.5945663531870429 0
1718494301635 0.5455486542443064 1
1718494301952 0.42605363984674327 2
1718494302269 0.2472250252270434 3
1718494302586 0.4649910233393178 4
1718494302903 0.4 5
1718494303219 0.3052415210688592 6
1718494303553 0.2885135135135135 7
1718494303870 0.4727969348659004 8
1718494304203 0.5726872246696035 9
1718494304504 0.2831050228310502 10
1718494304807 0.4233576642335766 11
1718494305124 0.2082051282051282 12
1718494305441 0.314410480349345 13
1718494305773 0.5721830985915493 14
1718494306192 0.4450402144772118 15
1718494306497 0.5430346051464063 16
1718494306805 0.3577912254160363 17
1718494307122 0.36232980332829046 18
1718494307406 0.33176100628930816 19
1718494307723 0.3233082706766917 20
1718494308040 0.540090771558245 21
1718494308340 0.48927613941018766 22
1718494308657 0.4455370650529501 23
1718494308994 0.3204968944099379 24
1718494309299 0.4968944099378882 25
1718494309608 0.3586206896551724 26
1718494309924 0.3063540090771558 27
1718494310258 0.381708238851096 28
1718494310575 0.4735249621785174 29
1718494310892 0.5204236006051437 30
1718494311209 0.5589788732394366 31
1718494311526 0.4168900804289544 32
1718494311843 0.31501340482573725 33
1718494312159 0.3455631399317406 34
1718494312476 0.673202614379085 35
1718494312780 0.42924528301886794 36
1718494313094 0.4729020979020979 37
1718494313393 0.2193939393939394 38
1718494313727 0.1361573373676248 39
1718494314028 0.18166383701188454 40
1718494314344 0.4493192133131619 41
1718494314661 0.4485627836611195 42
1718494314978 0.5310136157337367 43
1718494315295 0.36012526096033404 44
1718494315729 0.4103448275862069 45
1718494316029 0.453448275862069 46
1718494316346 0.47579425113464446 47
1718494316680 0.28619302949061665 48
1718494316996 0.41420911528150134 49
