1718351195540 0.0 0
1718351198030 0.0 1
1718351200411 0.0 2
1718351202988 0.0 3
1718351205355 0.0 4
1718351207906 0.0 5
1718351210331 0.0 6
1718351212825 0.0 7
1718351215076 0.0 8
1718351217331 0.0 9
1718351219744 0.0 10
1718351222089 0.0 11
1718351225071 0.0 12
1718351227375 0.0 13
1718351229965 0.0 14
1718351232351 0.0 15
1718351234824 0.0 16
1718351237090 0.0 17
1718351239465 0.0 18
1718351242028 0.0 19
1718351244420 0.0 20
1718351246943 0.0 21
1718351249234 0.0 22
1718351251812 0.0 23
1718351254139 0.0 24
1718351256550 0.0 25
1718351258926 0.0 26
1718351261226 0.0 27
1718351263794 0.0 28
1718351266159 0.0 29
1718351268646 0.0 30
1718351270827 0.0 31
1718351273256 0.0 32
1718351275486 0.0 33
1718351277743 0.0 34
1718351280320 0.0 35
1718351282736 0.0 36
1718351285544 0.0 37
1718351287821 0.0 38
1718351290379 0.0 39
1718351292644 0.0 40
1718351294955 0.0 41
1718351297343 0.0 42
1718351299625 0.0 43
1718351302070 0.0 44
1718351304377 0.0 45
1718351306932 0.0 46
1718351309204 0.0 47
1718351311642 0.0 48
1718351314089 0.0 49
