1718404256923 0.0 0
1718404261259 0.0 1
1718404266180 0.0 2
1718404271434 0.0 3
1718404276738 0.0 4
1718404281675 0.0 5
1718404286229 0.0 6
1718404290846 0.0 7
1718404295543 0.0 8
1718404299986 0.0 9
1718404304442 0.0 10
1718404308895 0.0 11
1718404313348 0.0 12
1718404317802 0.0 13
1718404322439 0.0 14
1718404327776 0.0 15
1718404333113 0.0 16
1718404338384 0.0 17
1718404343154 0.0 18
1718404347623 0.0 19
1718404351914 0.0 20
1718404356481 0.0 21
1718404360900 0.0 22
1718404365270 0.0 23
1718404369557 0.0 24
1718404373876 0.0 25
1718404378197 0.0 26
1718404382654 0.0 27
1718404387654 0.0 28
1718404392858 0.0 29
1718404398162 0.0 30
1718404402832 0.0 31
1718404407185 0.0 32
1718404411488 0.0 33
1718404415825 0.0 34
1718404420164 0.0 35
1718404424448 0.0 36
1718404428734 0.0 37
1718404433021 0.0 38
1718404437324 0.0 39
1718404441694 0.0 40
1718404447665 0.0 41
1718404452888 0.0 42
1718404458074 0.0 43
1718404462843 0.0 44
1718404467446 0.0 45
1718404471733 0.0 46
1718404476005 0.0 47
1718404480556 0.0 48
1718404484912 0.0 49
