1718401117398 2.2515177726745605 0
1718401117580 2.3270418643951416 1
1718401117765 2.296741247177124 2
1718401117981 2.297663688659668 3
1718401118198 2.3004462718963623 4
1718401118432 2.298487901687622 5
1718401118632 2.2950072288513184 6
1718401118832 2.2821156978607178 7
1718401119049 2.243441343307495 8
1718401119253 2.1955204010009766 9
1718401119470 2.2318875789642334 10
1718401119918 2.363124132156372 11
1718401120150 2.30829119682312 12
1718401120350 2.2936158180236816 13
1718401120567 2.2975034713745117 14
1718401120767 2.2918803691864014 15
1718401120967 2.2815921306610107 16
1718401121184 2.2372214794158936 17
1718401121401 2.305220127105713 18
1718401121601 2.2669997215270996 19
1718401121801 2.240710973739624 20
1718401122001 2.1900975704193115 21
1718401122202 2.2021725177764893 22
1718401122418 2.374643564224243 23
1718401122602 2.3049137592315674 24
1718401122818 2.2608940601348877 25
1718401123036 2.217073917388916 26
1718401123269 2.3234362602233887 27
1718401123503 2.292375087738037 28
1718401123720 2.2744948863983154 29
1718401123919 2.30181884765625 30
1718401124120 2.2765109539031982 31
1718401124320 2.295109987258911 32
1718401124537 2.285440683364868 33
1718401124753 2.257580518722534 34
1718401124954 2.256256103515625 35
1718401125170 2.3294010162353516 36
1718401125371 2.297826051712036 37
1718401125570 2.3008439540863037 38
1718401125787 2.2984163761138916 39
1718401125987 2.2989375591278076 40
1718401126206 2.297525405883789 41
1718401126404 2.2956700325012207 42
1718401126604 2.290867567062378 43
1718401126805 2.276479959487915 44
1718401127021 2.2436890602111816 45
1718401127225 2.2069149017333984 46
1718401127425 2.368732213973999 47
1718401127641 2.3003361225128174 48
1718401127839 2.275557041168213 49
