1718377879485 0.2 0
1718377880258 0.2 1
1718377880925 0.2 2
1718377881593 0.2 3
1718377882232 0.2 4
1718377882868 0.2 5
1718377883507 0.2 6
1718377884188 0.2 7
1718377884890 0.2 8
1718377885567 0.2 9
1718377886285 0.2 10
1718377887064 0.2 11
1718377888006 0.2 12
1718377888870 0.2 13
1718377889636 0.2 14
1718377890403 0.2 15
1718377891282 0.2 16
1718377892033 0.2 17
1718377892715 0.2 18
1718377893368 0.2 19
1718377894046 0.2 20
1718377894697 0.2 21
1718377895677 0.2 22
1718377896653 0.2 23
1718377897297 0.2 24
1718377897943 0.2 25
1718377898575 0.2 26
1718377899215 0.2 27
1718377899896 0.2 28
1718377900571 0.2 29
1718377901243 0.2 30
1718377901924 0.2 31
1718377902666 0.2 32
1718377903355 0.2 33
1718377904005 0.2 34
1718377904655 0.2 35
1718377905282 0.2 36
1718377905920 0.2 37
1718377906547 0.2 38
1718377907183 0.2 39
1718377907817 0.2 40
1718377908439 0.2 41
1718377909170 0.2 42
1718377909808 0.2 43
1718377910444 0.2 44
1718377911113 0.2 45
1718377911780 0.2 46
1718377912434 0.2 47
1718377913112 0.2 48
1718377913783 0.2 49
