1718585039529 0.09151515151515152 0
1718585040252 0.09151515151515152 1
1718585040754 0.09151515151515152 2
1718585041277 0.09212121212121212 3
1718585041797 0.09151515151515152 4
1718585042488 0.09151515151515152 5
1718585043433 0.09151515151515152 6
1718585044409 0.09151515151515152 7
1718585045375 0.09151515151515152 8
1718585046271 0.09151515151515152 9
1718585047035 0.09151515151515152 10
1718585047784 0.09151515151515152 11
1718585048547 0.09393939393939393 12
1718585049375 0.09151515151515152 13
1718585050163 0.09151515151515152 14
1718585050914 0.13333333333333333 15
1718585051652 0.09151515151515152 16
1718585052487 0.08666666666666667 17
1718585053268 0.09151515151515152 18
1718585054047 0.09151515151515152 19
1718585054811 0.09151515151515152 20
1718585055578 0.09151515151515152 21
1718585056371 0.09151515151515152 22
1718585057134 0.09272727272727273 23
1718585057901 0.10848484848484849 24
1718585058662 0.10787878787878788 25
1718585059685 0.06484848484848485 26
1718585060441 0.09151515151515152 27
1718585061215 0.09151515151515152 28
1718585061989 0.09151515151515152 29
1718585062779 0.09151515151515152 30
1718585063543 0.09333333333333334 31
1718585064316 0.09333333333333334 32
1718585065134 0.07515151515151515 33
1718585065902 0.09212121212121212 34
1718585066694 0.08484848484848485 35
1718585067554 0.09151515151515152 36
1718585068386 0.08060606060606061 37
1718585069174 0.10848484848484849 38
1718585069775 0.09575757575757576 39
1718585070350 0.09151515151515152 40
1718585070960 0.10787878787878788 41
1718585071525 0.11212121212121212 42
1718585072117 0.09151515151515152 43
1718585072695 0.09151515151515152 44
1718585073279 0.09151515151515152 45
1718585073893 0.09151515151515152 46
1718585074478 0.09151515151515152 47
1718585075064 0.09151515151515152 48
1718585075659 0.09151515151515152 49
