1718388653226 0.09327074885368347 0
1718388653455 0.0665254294872284 1
1718388653678 0.0772857666015625 2
1718388653945 0.09683221578598022 3
1718388654199 0.0726856142282486 4
1718388654441 0.05241793394088745 5
1718388654679 0.07724738121032715 6
1718388654935 0.06332212686538696 7
1718388655171 0.03363299369812012 8
1718388655403 0.0032812654972076416 9
1718388655637 0.08600056171417236 10
1718388655875 0.05123838782310486 11
1718388656105 -0.01376071572303772 12
1718388656338 -0.014717161655426025 13
1718388656568 0.09440445899963379 14
1718388656802 0.05126774311065674 15
1718388657030 0.06315687298774719 16
1718388657270 0.045677781105041504 17
1718388657501 0.019577980041503906 18
1718388657726 0.05205625295639038 19
1718388657972 -0.026222556829452515 20
1718388658198 0.05956318974494934 21
1718388658428 -0.055270373821258545 22
1718388658669 0.1089056134223938 23
1718388658913 0.040472060441970825 24
1718388659149 0.017645418643951416 25
1718388659396 0.04054567217826843 26
1718388659632 0.01779666543006897 27
1718388659882 0.046657055616378784 28
1718388660123 0.05173465609550476 29
1718388660357 0.01973092555999756 30
1718388660599 0.04707545042037964 31
1718388660844 -0.0009035468101501465 32
1718388661074 0.03243488073348999 33
1718388661311 0.028114378452301025 34
1718388661540 0.04856899380683899 35
1718388661802 0.04895472526550293 36
1718388662049 0.02228766679763794 37
1718388662335 0.03748190402984619 38
1718388662882 -0.0024312734603881836 39
1718388663183 0.03031739592552185 40
1718388663484 0.05607348680496216 41
1718388663762 -0.0541972815990448 42
1718388664069 0.026394426822662354 43
1718388664354 0.01294010877609253 44
1718388664646 0.04229003190994263 45
1718388664937 -0.03506594896316528 46
1718388665208 0.08159336447715759 47
1718388665483 0.09844288229942322 48
1718388665765 0.03415489196777344 49
