1718388653164 0.3567967712879181 0
1718388653384 0.326958030462265 1
1718388653609 0.3434551954269409 2
1718388653859 0.3411642611026764 3
1718388654125 0.31191524863243103 4
1718388654368 0.33490338921546936 5
1718388654608 0.3360558748245239 6
1718388654863 0.3185589909553528 7
1718388655098 0.3083514869213104 8
1718388655330 0.302203506231308 9
1718388655564 0.34286272525787354 10
1718388655802 0.30596402287483215 11
1718388656037 0.2913554906845093 12
1718388656266 0.33071058988571167 13
1718388656496 0.36980029940605164 14
1718388656725 0.3424059748649597 15
1718388656959 0.31935805082321167 16
1718388657195 0.3226235508918762 17
1718388657428 0.2987048029899597 18
1718388657657 0.31671658158302307 19
1718388657903 0.29061031341552734 20
1718388658125 0.34047749638557434 21
1718388658358 0.3064486086368561 22
1718388658597 0.3738509714603424 23
1718388658843 0.30322566628456116 24
1718388659079 0.2887111008167267 25
1718388659324 0.31213170289993286 26
1718388659561 0.3090142011642456 27
1718388659806 0.31244099140167236 28
1718388660046 0.3001226484775543 29
1718388660287 0.2787657678127289 30
1718388660530 0.299792617559433 31
1718388660765 0.2889387309551239 32
1718388661002 0.3036605715751648 33
1718388661241 0.30934450030326843 34
1718388661470 0.31615370512008667 35
1718388661709 0.3180427551269531 36
1718388661973 0.3130389451980591 37
1718388662238 0.3124992251396179 38
1718388662756 0.31686410307884216 39
1718388663083 0.32041406631469727 40
1718388663385 0.32211360335350037 41
1718388663676 0.3058628439903259 42
1718388663977 0.35600996017456055 43
1718388664266 0.38291865587234497 44
1718388664560 0.37065592408180237 45
1718388664845 0.32661205530166626 46
1718388665122 0.4114871621131897 47
1718388665396 0.39658254384994507 48
1718388665676 0.33110156655311584 49
