1718494102803 0.19818181818181818 0
1718494103235 0.19575757575757577 1
1718494103680 0.10303030303030303 2
1718494103992 0.10848484848484849 3
1718494104288 0.10787878787878788 4
1718494104605 0.19393939393939394 5
1718494104922 0.12727272727272726 6
1718494105222 0.2012121212121212 7
1718494105555 0.19757575757575757 8
1718494105885 0.17939393939393938 9
1718494106221 0.09212121212121212 10
1718494106523 0.09212121212121212 11
1718494106823 0.14606060606060606 12
1718494107140 0.10848484848484849 13
1718494107440 0.09212121212121212 14
1718494107740 0.10848484848484849 15
1718494108090 0.09212121212121212 16
1718494108395 0.2103030303030303 17
1718494108711 0.19575757575757577 18
1718494109029 0.2 19
1718494109345 0.10848484848484849 20
1718494109663 0.09151515151515152 21
1718494109959 0.10848484848484849 22
1718494110276 0.10848484848484849 23
1718494110609 0.12787878787878787 24
1718494110926 0.11878787878787879 25
1718494111243 0.14363636363636365 26
1718494111560 0.11393939393939394 27
1718494111863 0.20424242424242425 28
1718494112177 0.19636363636363635 29
1718494112624 0.18666666666666668 30
1718494112912 0.10848484848484849 31
1718494113228 0.09212121212121212 32
1718494113532 0.13333333333333333 33
1718494113845 0.09212121212121212 34
1718494114145 0.16242424242424242 35
1718494114462 0.1593939393939394 36
1718494114762 0.14484848484848484 37
1718494115079 0.19636363636363635 38
1718494115379 0.2006060606060606 39
1718494115680 0.20545454545454545 40
1718494115996 0.14303030303030304 41
1718494116323 0.09212121212121212 42
1718494116647 0.09151515151515152 43
1718494116981 0.10848484848484849 44
1718494117281 0.10848484848484849 45
1718494117598 0.10242424242424242 46
1718494117915 0.10848484848484849 47
1718494118239 0.10848484848484849 48
1718494118548 0.1315151515151515 49
