1718494102820 0.49352604197796046 0
1718494103254 0.20125638525845757 1
1718494103706 0.4009945170770738 2
1718494104004 0.10848484848484848 3
1718494104304 0.05855155558005771 4
1718494104621 0.20933315898475516 5
1718494104938 0.10679307001553741 6
1718494105255 0.20732494866570886 7
1718494105579 0.28318629855856864 8
1718494105906 0.14184023472666665 9
1718494106239 0.09212121212121212 10
1718494106539 0.046324924108449725 11
1718494106840 0.18913378474932094 12
1718494107156 0.10848484848484848 13
1718494107457 0.09212121212121212 14
1718494107760 0.10848484848484848 15
1718494108107 0.04961016596129359 16
1718494108424 0.26317030043253287 17
1718494108724 0.21284985206570875 18
1718494109041 0.2215325105790782 19
1718494109373 0.10848484848484848 20
1718494109675 0.09151515151515152 21
1718494109994 0.0587026102059474 22
1718494110309 0.05916907348997998 23
1718494110630 0.1259444684218098 24
1718494110943 0.11697693645260397 25
1718494111260 0.10877012985761314 26
1718494111576 0.3885857996756658 27
1718494111894 0.2043498229586906 28
1718494112194 0.20697231484595868 29
1718494112644 0.516632618509766 30
1718494112944 0.10848484848484848 31
1718494113244 0.06430992755784297 32
1718494113561 0.14045012741623242 33
1718494113862 0.09212121212121212 34
1718494114165 0.12922859631020073 35
1718494114484 0.3027625532857222 36
1718494114779 0.11053593080053942 37
1718494115096 0.39157283619127337 38
1718494115412 0.20344047794021594 39
1718494115696 0.3258982755392164 40
1718494116023 0.11684179282673654 41
1718494116330 0.09212121212121212 42
1718494116664 0.09151515151515152 43
1718494116997 0.10848484848484848 44
1718494117297 0.10848484848484848 45
1718494117614 0.05572728612482499 46
1718494117934 0.10848484848484848 47
1718494118249 0.10848484848484848 48
1718494118566 0.12613080956189462 49
