1718407967324 2.5879244804382324 0
1718407967641 2.3603641986846924 1
1718407967957 2.324479579925537 2
1718407968291 2.2911674976348877 3
1718407968574 2.3818445205688477 4
1718407968890 2.3407669067382812 5
1718407969190 2.217604637145996 6
1718407969474 2.3322958946228027 7
1718407969773 2.323249340057373 8
1718407970073 2.3832449913024902 9
1718407970373 2.5455713272094727 10
1718407970673 2.6569693088531494 11
1718407970973 2.3334603309631348 12
1718407971257 2.338930368423462 13
1718407971556 2.308927297592163 14
1718407971873 2.364779233932495 15
1718407972173 2.437291383743286 16
1718407972473 2.208167552947998 17
1718407972773 2.408595323562622 18
1718407973073 2.3408210277557373 19
1718407973373 2.3330039978027344 20
1718407973673 2.7039413452148438 21
1718407973990 2.6755762100219727 22
1718407974289 2.4474456310272217 23
1718407974622 2.2819902896881104 24
1718407974940 2.484717607498169 25
1718407975356 2.338124990463257 26
1718407975673 2.468219518661499 27
1718407976007 2.316323757171631 28
1718407976357 2.3991317749023438 29
1718407976689 2.3991384506225586 30
1718407977025 2.3837900161743164 31
1718407977342 2.3317689895629883 32
1718407977639 2.2563085556030273 33
1718407977956 2.3132412433624268 34
1718407978272 2.358600378036499 35
1718407978572 2.380260944366455 36
1718407978872 2.164872884750366 37
1718407979189 2.313201665878296 38
1718407979489 2.8971447944641113 39
1718407979789 2.3215484619140625 40
1718407980122 2.356266736984253 41
1718407980422 2.3187777996063232 42
1718407980722 2.3527519702911377 43
1718407981021 2.0942001342773438 44
1718407981338 2.0890393257141113 45
1718407981638 2.492100715637207 46
1718407981955 2.2160496711730957 47
1718407982317 2.5771663188934326 48
1718407982754 2.5651297569274902 49
