1718445173252 0.0 0
1718445173885 0.0 1
1718445174506 0.0 2
1718445175134 0.0 3
1718445175737 0.0 4
1718445176368 0.0 5
1718445177001 0.0 6
1718445177601 0.0 7
1718445178234 0.0 8
1718445178850 0.0 9
1718445179484 0.0 10
1718445180150 0.0 11
1718445180784 0.0 12
1718445181448 0.0 13
1718445182100 0.0 14
1718445182950 0.0 15
1718445183818 0.0 16
1718445184633 0.0 17
1718445185422 0.0 18
1718445186199 0.0 19
1718445186997 0.0 20
1718445187770 0.0 21
1718445188599 0.0 22
1718445189398 0.0 23
1718445190182 0.0 24
1718445190966 0.0 25
1718445191742 0.0 26
1718445192498 0.0 27
1718445193243 0.0 28
1718445193997 0.0 29
1718445194781 0.0 30
1718445195597 0.0 31
1718445196347 0.0 32
1718445197064 0.0 33
1718445197814 0.0 34
1718445198547 0.0 35
1718445199280 0.0 36
1718445199984 0.0 37
1718445200733 0.0 38
1718445201446 0.0 39
1718445202163 0.0 40
1718445202896 0.0 41
1718445203712 0.0 42
1718445204445 0.0 43
1718445205195 0.0 44
1718445205945 0.0 45
1718445206565 0.0 46
1718445207182 0.0 47
1718445207811 0.0 48
1718445208461 0.0 49
