1718417170746 -4.433117866516113 0
1718417173547 -4.140571117401123 1
1718417176046 -0.004500389099121094 2
1718417178311 -0.004259824752807617 3
1718417180611 -0.003949880599975586 4
1718417182839 -0.00412440299987793 5
1718417185178 -0.043311119079589844 6
1718417187359 -3.3115885257720947 7
1718417189592 -4.297770023345947 8
1718417191808 0.7833619117736816 9
1718417194058 0.6426353454589844 10
1718417196207 -0.003988504409790039 11
1718417198441 -0.04605698585510254 12
1718417200607 -3.9074578285217285 13
1718417202807 -0.04449319839477539 14
1718417204973 4.3477044105529785 15
1718417207155 4.699726104736328 16
1718417209455 0.0038204193115234375 17
1718417211656 -10.876314163208008 18
1718417213837 0.00383758544921875 19
1718417216037 -2.573071002960205 20
1718417218303 0.05677056312561035 21
1718417220553 -0.03485608100891113 22
1718417222953 -0.003976583480834961 23
1718417226035 0.050208091735839844 24
1718417228802 0.052143096923828125 25
1718417231684 4.659068584442139 26
1718417234483 0.0038433074951171875 27
1718417236650 -2.606794834136963 28
1718417238833 0.0038299560546875 29
1718417240982 0.23478078842163086 30
1718417243215 0.8747639656066895 31
1718417245397 -2.733433723449707 32
1718417247547 -3.0581881999969482 33
1718417249742 -0.0007615089416503906 34
1718417251997 -0.3041963577270508 35
1718417254163 -2.60960054397583 36
1718417256412 3.703885793685913 37
1718417258728 -3.5152270793914795 38
1718417260978 -4.109553337097168 39
1718417263161 -0.0002186298370361328 40
1718417265394 -0.026523113250732422 41
1718417267610 0.8204367160797119 42
1718417269777 0.5840506553649902 43
1718417272026 -0.04827427864074707 44
1718417274210 -0.0033206939697265625 45
1718417276342 -0.004519939422607422 46
1718417278491 -0.18943071365356445 47
1718417280642 0.29124903678894043 48
1718417283024 -0.039456844329833984 49
