1718537248799 0.1676846196557468 0
1718537249632 0.1676846196557468 1
1718537250582 0.1676846196557468 2
1718537251398 0.1676846196557468 3
1718537252198 0.1858163826278175 4
1718537253064 0.1676846196557468 5
1718537253918 0.1676846196557468 6
1718537254732 0.4150500096640242 7
1718537255548 0.1676846196557468 8
1718537256368 0.1676846196557468 9
1718537257217 0.16870144284128746 10
1718537258014 0.1676846196557468 11
1718537258914 0.1676846196557468 12
1718537259797 0.18681318681318682 13
1718537260613 0.1676846196557468 14
1718537261415 0.1676846196557468 15
1718537262249 0.1676846196557468 16
1718537263096 0.1676846196557468 17
1718537263962 0.1676846196557468 18
1718537264765 0.18681318681318682 19
1718537265596 0.1676846196557468 20
1718537266396 0.1676846196557468 21
1718537267246 0.1676846196557468 22
1718537268095 0.1676846196557468 23
1718537268895 0.1747787610619469 24
1718537269745 0.1676846196557468 25
1718537270611 0.1676846196557468 26
1718537271443 0.1676846196557468 27
1718537272278 0.1676846196557468 28
1718537273116 0.1676846196557468 29
1718537273943 0.1747787610619469 30
1718537274716 0.08436328960209791 31
1718537275516 0.16870144284128746 32
1718537276342 0.1676846196557468 33
1718537277163 0.1676846196557468 34
1718537277993 0.1676846196557468 35
1718537278816 0.1676846196557468 36
1718537279616 0.1676846196557468 37
1718537280459 0.1676846196557468 38
1718537281277 0.1747787610619469 39
1718537282129 0.1676846196557468 40
1718537283213 0.1747787610619469 41
1718537284414 0.1676846196557468 42
1718537285458 0.1858163826278175 43
1718537286441 0.16870144284128746 44
1718537287425 0.1858163826278175 45
1718537288390 0.08956723283031595 46
1718537289356 0.1676846196557468 47
1718537290324 0.1676846196557468 48
1718537291298 0.1676846196557468 49
