1718537248732 0.09151515151515152 0
1718537249582 0.09151515151515152 1
1718537250535 0.09151515151515152 2
1718537251359 0.09151515151515152 3
1718537252151 0.10242424242424242 4
1718537253015 0.09151515151515152 5
1718537253881 0.09151515151515152 6
1718537254681 0.5554564106883916 7
1718537255498 0.09151515151515152 8
1718537256333 0.09151515151515152 9
1718537257164 0.09212121212121212 10
1718537257964 0.09151515151515152 11
1718537258864 0.09151515151515152 12
1718537259745 0.10303030303030303 13
1718537260563 0.09151515151515152 14
1718537261364 0.09151515151515152 15
1718537262198 0.09151515151515152 16
1718537263046 0.09151515151515152 17
1718537263915 0.09151515151515152 18
1718537264714 0.10303030303030303 19
1718537265548 0.09151515151515152 20
1718537266345 0.09151515151515152 21
1718537267195 0.09151515151515152 22
1718537268045 0.09151515151515152 23
1718537268845 0.09575757575757576 24
1718537269695 0.09151515151515152 25
1718537270562 0.09151515151515152 26
1718537271394 0.09151515151515152 27
1718537272228 0.09151515151515152 28
1718537273078 0.09151515151515152 29
1718537273894 0.09575757575757576 30
1718537274661 0.04613942875769059 31
1718537275460 0.09212121212121212 32
1718537276294 0.09151515151515152 33
1718537277127 0.09151515151515152 34
1718537277943 0.09151515151515152 35
1718537278763 0.09151515151515152 36
1718537279576 0.09151515151515152 37
1718537280424 0.09151515151515152 38
1718537281226 0.09575757575757576 39
1718537282076 0.09151515151515152 40
1718537283125 0.09575757575757576 41
1718537284342 0.09151515151515152 42
1718537285392 0.10242424242424242 43
1718537286392 0.09212121212121212 44
1718537287379 0.10242424242424242 45
1718537288324 0.04908240827031895 46
1718537289298 0.09151515151515152 47
1718537290262 0.09151515151515152 48
1718537291227 0.09151515151515152 49
