1718360028176 5.672637939453125 0
1718360030780 12.96544075012207 1
1718360033605 2.0637686252593994 2
1718360036348 2.9286928176879883 3
1718360039262 4.212505340576172 4
1718360041899 2.815404176712036 5
1718360045248 6.2932257652282715 6
1718360047886 3.0687766075134277 7
1718360050671 7.682043552398682 8
1718360053321 4.109330177307129 9
1718360056092 2.318976640701294 10
1718360058613 3.11175537109375 11
1718360061427 2.6834893226623535 12
1718360063865 5.058098316192627 13
1718360066561 5.714483261108398 14
1718360069126 2.0932116508483887 15
1718360071879 3.3411614894866943 16
1718360074562 7.048508644104004 17
1718360077350 4.176869869232178 18
1718360080064 2.593480110168457 19
1718360082657 2.6142466068267822 20
1718360085421 2.77994441986084 21
1718360088104 4.095458984375 22
1718360090916 2.8380093574523926 23
1718360093666 5.021150588989258 24
1718360096296 6.055568218231201 25
1718360098921 2.3429415225982666 26
1718360101690 4.439924716949463 27
1718360104791 2.9357755184173584 28
1718360107665 9.326667785644531 29
1718360110264 3.2000856399536133 30
1718360113088 4.4078874588012695 31
1718360115650 2.6991007328033447 32
1718360118528 2.7133495807647705 33
1718360121316 4.9106597900390625 34
1718360124025 2.9691381454467773 35
1718360126680 1.4821254014968872 36
1718360129418 2.461820602416992 37
1718360132104 3.4588980674743652 38
1718360134992 2.448263645172119 39
1718360137645 2.6682612895965576 40
1718360140473 5.493139266967773 41
1718360143034 2.729764938354492 42
1718360145848 2.4482264518737793 43
1718360148392 2.8041396141052246 44
1718360151149 9.33129596710205 45
1718360153777 10.547327995300293 46
1718360156535 3.334507703781128 47
1718360159120 5.110494613647461 48
1718360161893 6.457842826843262 49
