1718400735813 0.15 0
1718400736213 0.0 1
1718400736564 0.05 2
1718400736880 0.0 3
1718400737231 0.05 4
1718400737548 0.2 5
1718400737915 0.2 6
1718400738231 0.2 7
1718400738565 0.2 8
1718400738932 0.2 9
1718400739266 0.2 10
1718400739616 0.0 11
1718400739949 0.2 12
1718400740316 0.0 13
1718400740633 0.2 14
1718400740984 0.15 15
1718400741350 0.0 16
1718400741651 0.2 17
1718400741934 0.2 18
1718400742218 0.25 19
1718400742535 0.0 20
1718400742834 0.15 21
1718400743119 0.2 22
1718400743419 0.2 23
1718400743719 0.2 24
1718400744019 0.0 25
1718400744320 0.05 26
1718400744603 0.0 27
1718400744903 0.05 28
1718400745205 0.05 29
1718400745504 0.0 30
1718400745804 0.1 31
1718400746124 0.05 32
1718400746437 0.1 33
1718400746722 0.05 34
1718400747022 0.05 35
1718400747322 0.0 36
1718400747622 0.25 37
1718400747906 0.2 38
1718400748222 0.05 39
1718400748506 0.2 40
1718400748790 0.1 41
1718400749090 0.0 42
1718400749390 0.1 43
1718400749690 0.1 44
1718400749974 0.0 45
1718400750257 0.2 46
1718400750558 0.2 47
1718400750841 0.2 48
1718400751158 0.2 49
