1718400735713 2.3526394367218018 0
1718400736097 2.7994461059570312 1
1718400736447 2.2988932132720947 2
1718400736764 2.311708688735962 3
1718400737114 2.3126816749572754 4
1718400737447 2.3133699893951416 5
1718400737781 2.3642964363098145 6
1718400738132 2.310058832168579 7
1718400738465 2.333750009536743 8
1718400738815 2.326167345046997 9
1718400739166 2.310112714767456 10
1718400739499 2.8283591270446777 11
1718400739833 2.3078176975250244 12
1718400740199 2.3202526569366455 13
1718400740533 2.309544086456299 14
1718400740867 2.2655937671661377 15
1718400741234 2.3537964820861816 16
1718400741534 2.299255609512329 17
1718400741834 2.3094472885131836 18
1718400742135 2.2672393321990967 19
1718400742435 2.3090178966522217 20
1718400742735 2.3095779418945312 21
1718400743035 2.310244560241699 22
1718400743336 2.3099968433380127 23
1718400743634 2.3051722049713135 24
1718400743919 2.304230213165283 25
1718400744219 2.324648380279541 26
1718400744520 2.3391005992889404 27
1718400744803 2.2596468925476074 28
1718400745120 2.337756872177124 29
1718400745422 2.370448112487793 30
1718400745704 2.2593817710876465 31
1718400746024 2.3035569190979004 32
1718400746340 2.301010847091675 33
1718400746638 2.2868423461914062 34
1718400746922 2.297872304916382 35
1718400747222 2.4007349014282227 36
1718400747522 2.319082021713257 37
1718400747822 2.3284316062927246 38
1718400748123 2.356250762939453 39
1718400748406 2.308220624923706 40
1718400748706 2.306676149368286 41
1718400749006 2.3163580894470215 42
1718400749290 2.30936861038208 43
1718400749590 2.302839994430542 44
1718400749874 2.428601026535034 45
1718400750174 2.3056328296661377 46
1718400750457 2.309015989303589 47
1718400750758 2.3072242736816406 48
1718400751075 2.310380697250366 49
