1718390952897 0.2571428571428571 0
1718390953364 0.3142857142857143 1
1718390953777 0.14285714285714285 2
1718390954194 0.14285714285714285 3
1718390954599 0.3142857142857143 4
1718390955015 0.34285714285714286 5
1718390955434 0.34285714285714286 6
1718390955839 0.37142857142857144 7
1718390956283 0.3142857142857143 8
1718390956708 0.2 9
1718390957106 0.17142857142857143 10
1718390957501 0.34285714285714286 11
1718390957902 0.2 12
1718390958307 0.17142857142857143 13
1718390958708 0.17142857142857143 14
1718390959146 0.22857142857142856 15
1718390959551 0.22857142857142856 16
1718390959940 0.22857142857142856 17
1718390960316 0.14285714285714285 18
1718390960667 0.2 19
1718390961015 0.2 20
1718390961375 0.2571428571428571 21
1718390961731 0.22857142857142856 22
1718390962097 0.2857142857142857 23
1718390962457 0.34285714285714286 24
1718390962796 0.17142857142857143 25
1718390963138 0.17142857142857143 26
1718390963491 0.11428571428571428 27
1718390963856 0.17142857142857143 28
1718390964217 0.14285714285714285 29
1718390964563 0.17142857142857143 30
1718390964907 0.17142857142857143 31
1718390965260 0.17142857142857143 32
1718390965627 0.14285714285714285 33
1718390965974 0.14285714285714285 34
1718390966328 0.14285714285714285 35
1718390966672 0.14285714285714285 36
1718390967033 0.14285714285714285 37
1718390967473 0.14285714285714285 38
1718390967889 0.14285714285714285 39
1718390968262 0.14285714285714285 40
1718390968609 0.14285714285714285 41
1718390968982 0.14285714285714285 42
1718390969334 0.14285714285714285 43
1718390969670 0.14285714285714285 44
1718390970012 0.14285714285714285 45
1718390970366 0.14285714285714285 46
1718390970707 0.14285714285714285 47
1718390971053 0.14285714285714285 48
1718390971396 0.14285714285714285 49
