1718387821104 0.01342707872390747 0
1718387821350 0.008268177509307861 1
1718387821596 -0.0043138861656188965 2
1718387821817 -0.08413839340209961 3
1718387822049 0.0002777576446533203 4
1718387822345 -0.008960723876953125 5
1718387822662 0.00736314058303833 6
1718387822960 -0.02299976348876953 7
1718387823285 -0.07600879669189453 8
1718387823585 -0.17838531732559204 9
1718387823885 0.09743887186050415 10
1718387824156 0.066841721534729 11
1718387824437 -0.09284049272537231 12
1718387824711 -0.08815878629684448 13
1718387824989 -0.08785194158554077 14
1718387825267 0.16060829162597656 15
1718387825535 0.07592165470123291 16
1718387825817 -0.07788819074630737 17
1718387826079 -0.25475019216537476 18
1718387826376 -0.0651056170463562 19
1718387826650 0.18451416492462158 20
1718387826912 0.03401613235473633 21
1718387827185 0.1249309778213501 22
1718387827520 -0.036460816860198975 23
1718387827792 -0.039758503437042236 24
1718387828108 -0.006089568138122559 25
1718387828403 -0.027419567108154297 26
1718387828689 -0.05998969078063965 27
1718387828993 -0.041055142879486084 28
1718387829285 -0.07233655452728271 29
1718387829605 -0.03796732425689697 30
1718387829883 -0.0004999041557312012 31
1718387830164 -0.02898085117340088 32
1718387830461 -0.024954617023468018 33
1718387830739 -0.06610256433486938 34
1718387831012 -0.03782862424850464 35
1718387831300 -0.047361671924591064 36
1718387831589 -0.07052946090698242 37
1718387831868 -0.05996805429458618 38
1718387832147 -0.044558823108673096 39
1718387832437 -0.08612054586410522 40
1718387832713 -0.043636441230773926 41
1718387832994 -0.04289489984512329 42
1718387833475 -0.050336360931396484 43
1718387833739 -0.0699923038482666 44
1718387834012 -0.11202332377433777 45
1718387834286 -0.07380515336990356 46
1718387834571 -0.03070777654647827 47
1718387834850 -0.047586292028427124 48
1718387835125 -0.07527554035186768 49
