1718367552586 0.0 0
1718367554894 0.0 1
1718367557061 0.0 2
1718367559379 0.0 3
1718367561694 0.0 4
1718367564027 0.0 5
1718367566563 0.0 6
1718367569117 0.0 7
1718367571355 0.0 8
1718367573510 0.0 9
1718367575738 0.0 10
1718367578028 0.0 11
1718367580459 0.0 12
1718367583061 0.0 13
1718367585340 0.0 14
1718367587503 0.0 15
1718367589688 0.0 16
1718367591949 0.0 17
1718367594132 0.0 18
1718367596628 0.0 19
1718367599036 0.0 20
1718367601264 0.0 21
1718367603453 0.0 22
1718367605639 0.0 23
1718367607846 0.0 24
1718367610154 0.0 25
1718367612678 0.0 26
1718367614918 0.0 27
1718367617118 0.0 28
1718367619364 0.0 29
1718367621640 0.0 30
1718367623915 0.0 31
1718367626347 0.0 32
1718367628733 0.0 33
1718367631134 0.0 34
1718367633338 0.0 35
1718367635589 0.0 36
1718367637851 0.0 37
1718367640105 0.0 38
1718367642698 0.0 39
1718367644978 0.0 40
1718367647270 0.0 41
1718367649513 0.0 42
1718367651765 0.0 43
1718367653969 0.0 44
1718367656478 0.0 45
1718367658982 0.0 46
1718367661117 0.0 47
1718367663333 0.0 48
1718367665545 0.0 49
