1718367552414 2.520749092102051 0
1718367554771 4.552131652832031 1
1718367556939 4.542140483856201 2
1718367559253 4.584449291229248 3
1718367561561 6.043694019317627 4
1718367563895 6.043694496154785 5
1718367566404 6.043694496154785 6
1718367568985 6.043694972991943 7
1718367571225 6.043694496154785 8
1718367573384 6.043694496154785 9
1718367575613 6.043694972991943 10
1718367577903 6.043694496154785 11
1718367580310 6.043693542480469 12
1718367582905 6.043694019317627 13
1718367585206 6.043694019317627 14
1718367587385 6.043694496154785 15
1718367589559 6.043694496154785 16
1718367591804 6.043694019317627 17
1718367594007 6.043694496154785 18
1718367596486 6.043694019317627 19
1718367598910 6.043694019317627 20
1718367601146 6.043694972991943 21
1718367603343 6.043694019317627 22
1718367605522 6.043694496154785 23
1718367607735 6.043694496154785 24
1718367610013 6.043694019317627 25
1718367612537 6.043694019317627 26
1718367614793 6.043694019317627 27
1718367616993 6.043694972991943 28
1718367619263 6.5323309898376465 29
1718367621514 6.53233003616333 30
1718367623805 6.53233003616333 31
1718367626190 6.532330513000488 32
1718367628584 6.53233003616333 33
1718367631001 6.043694019317627 34
1718367633205 6.043694019317627 35
1718367635467 6.043694019317627 36
1718367637731 5.54034423828125 37
1718367639946 5.540343284606934 38
1718367642516 5.014598369598389 39
1718367644853 4.4876203536987305 40
1718367647144 4.007883548736572 41
1718367649387 4.0078840255737305 42
1718367651624 4.007883548736572 43
1718367653844 4.007883071899414 44
1718367656337 4.4876203536987305 45
1718367658872 4.007883548736572 46
1718367661007 4.007883548736572 47
1718367663221 3.6062302589416504 48
1718367665419 3.6062302589416504 49
