1718491684866 4.17340371829111 0
1718491688523 4.036916754154144 1
1718491691638 4.108861816561792 2
1718491694476 3.9365502934789656 3
1718491697259 3.994018964350999 4
1718491700078 3.770895099551623 5
1718491702863 4.176116127087406 6
1718491705681 4.114572908695659 7
1718491708505 4.226522035064062 8
1718491711319 4.080910933482894 9
1718491714155 3.9017130700867964 10
1718491716989 4.128266300801473 11
1718491719762 4.053774971887454 12
1718491722612 4.190485942049871 13
1718491725867 4.271011351467207 14
1718491728641 3.843408698747039 15
1718491731501 3.948519333144078 16
1718491734437 4.044970535765241 17
1718491737273 4.209595784571768 18
1718491740058 4.26179448045388 19
1718491743210 3.785603704820832 20
1718491746745 3.942687765132708 21
1718491750302 4.25729905171993 22
1718491753134 4.274653315986935 23
1718491756005 4.3935839061030055 24
1718491758884 4.408745171204751 25
1718491761657 4.399449741938566 26
1718491764459 4.704375018682658 27
1718491767378 4.571382535567557 28
1718491770912 4.582931986505705 29
1718491774166 4.277542299835472 30
1718491777135 4.491055748780236 31
1718491780054 4.656435645569789 32
1718491782891 4.732605320629793 33
1718491785794 4.486864629385389 34
1718491788577 4.588481020683262 35
1718491791379 4.4542096865029635 36
1718491794215 4.614166168395394 37
1718491797053 4.538597358057219 38
1718491799885 4.817719186246102 39
1718491803075 4.647173035182362 40
1718491806588 4.825511618845929 41
1718491809976 4.584725416495062 42
1718491812862 4.393445711802018 43
1718491815747 4.634429876644949 44
1718491818649 4.591301676020863 45
1718491821468 4.852647034903668 46
1718491824354 4.7088511554339485 47
1718491827110 4.629950893728094 48
1718491829962 4.849014012408444 49
