1718515409832 2.95813701090528 0
1718515410667 2.820612757953245 1
1718515411465 2.928501059315098 2
1718515412282 2.958404482300602 3
1718515413049 3.209085986685397 4
1718515413816 2.8779293743532097 5
1718515414587 2.9217297857377065 6
1718515415351 2.9030927415214367 7
1718515416136 3.0736746458864923 8
1718515416919 2.842928181388485 9
1718515417702 3.073995463438888 10
1718515418485 3.1203036886542592 11
1718515419287 2.919622644559661 12
1718515420104 2.8436271001153917 13
1718515420890 2.9778610752589665 14
1718515421697 3.0318642970341356 15
1718515422476 3.0388839369389546 16
1718515423307 2.9182771969197403 17
1718515424107 3.057157253151509 18
1718515424927 3.013669612692363 19
1718515425740 3.1236913181952577 20
1718515426492 3.268442227769254 21
1718515427276 2.8910384418359443 22
1718515428044 2.9793832693526996 23
1718515428827 3.032965469271389 24
1718515429598 2.880707529053759 25
1718515430395 2.8666025128827166 26
1718515431182 3.1609589840049175 27
1718515431983 2.8959039894502556 28
1718515432797 2.9911523528063477 29
1718515433614 2.802834671824726 30
1718515434368 3.0090423208564077 31
1718515435149 3.054167248864672 32
1718515435949 3.181982299729959 33
1718515436767 3.049677159359206 34
1718515437551 2.9821188503236913 35
1718515438335 2.921853170910878 36
1718515439152 3.0251399772380716 37
1718515439936 2.868046024842049 38
1718515440753 2.9005539599639265 39
1718515441537 2.9413207600365823 40
1718515442390 2.9794994525945007 41
1718515443387 3.018263908464517 42
1718515444372 2.8911148545457355 43
1718515445306 2.903836759613521 44
1718515446256 3.030926956169641 45
1718515447225 3.130023204123796 46
1718515448178 3.034414899438175 47
1718515449094 3.045348923152952 48
1718515449979 3.0694151200465303 49
