1718434420751 0.0 0
1718434421118 0.0 1
1718434421484 0.0 2
1718434421801 0.0 3
1718434422134 0.0 4
1718434422467 0.0 5
1718434422784 0.0 6
1718434423101 0.0 7
1718434423434 0.0 8
1718434423771 0.0 9
1718434424100 0.0 10
1718434424434 0.0 11
1718434424767 0.0 12
1718434425084 0.0 13
1718434425400 0.0 14
1718434425736 0.0 15
1718434426053 0.0 16
1718434426383 0.0 17
1718434426720 0.0 18
1718434427033 0.0 19
1718434427384 0.0 20
1718434427726 0.0 21
1718434428054 0.0 22
1718434428400 0.0 23
1718434428733 0.0 24
1718434429083 0.0 25
1718434429428 0.0 26
1718434429749 0.0 27
1718434430086 0.0 28
1718434430433 0.0 29
1718434430783 0.0 30
1718434431151 0.0 31
1718434431499 0.0 32
1718434431832 0.0 33
1718434432182 0.0 34
1718434432536 0.0 35
1718434432882 0.0 36
1718434433249 0.0 37
1718434433599 0.0 38
1718434433927 0.0 39
1718434434265 0.0 40
1718434434599 0.0 41
1718434434948 0.0 42
1718434435298 0.0 43
1718434435632 0.0 44
1718434435982 0.0 45
1718434436319 0.0 46
1718434436631 0.0 47
1718434436965 0.0 48
1718434437281 0.0 49
