1718575636829 2.381096839904785 0
1718575637433 2.288778781890869 1
1718575638055 2.2788679599761963 2
1718575638647 2.282264232635498 3
1718575639231 2.291933536529541 4
1718575639832 2.2879648208618164 5
1718575640649 2.278398036956787 6
1718575641252 2.2729263305664062 7
1718575641866 2.2836501598358154 8
1718575642433 2.2860138416290283 9
1718575642950 2.2712438106536865 10
1718575643401 2.3065474033355713 11
1718575643835 2.3102102279663086 12
1718575644251 2.2979602813720703 13
1718575644719 2.290114164352417 14
1718575645152 2.282102346420288 15
1718575645586 2.28096604347229 16
1718575646054 2.2670655250549316 17
1718575646503 2.3020169734954834 18
1718575646927 2.2940967082977295 19
1718575647387 2.2701241970062256 20
1718575647890 2.2415690422058105 21
1718575648290 2.2173728942871094 22
1718575648693 2.293527603149414 23
1718575649108 2.306487560272217 24
1718575649490 2.300621271133423 25
1718575649909 2.300281286239624 26
1718575650587 2.2991456985473633 27
1718575651123 2.2987053394317627 28
1718575651607 2.298649787902832 29
1718575652058 2.298675537109375 30
1718575652457 2.298793077468872 31
1718575652975 2.298901081085205 32
1718575653516 2.298980474472046 33
1718575654152 2.299021005630493 34
1718575654650 2.2990245819091797 35
1718575655212 2.2990000247955322 36
1718575655883 2.2989513874053955 37
1718575656387 2.2988767623901367 38
1718575656777 2.298766851425171 39
1718575657207 2.2985990047454834 40
1718575657578 2.298328161239624 41
1718575657968 2.297851085662842 42
1718575658389 2.2968993186950684 43
1718575658782 2.294611692428589 44
1718575659166 2.2875425815582275 45
1718575659545 2.2631888389587402 46
1718575659963 2.220836877822876 47
1718575660401 2.2771542072296143 48
1718575660848 2.2881240844726562 49
