1718531564703 0.09151515151515152 0
1718531565688 0.09151515151515152 1
1718531566717 0.10303030303030303 2
1718531567701 0.11272727272727273 3
1718531568617 0.10303030303030303 4
1718531569533 0.10242424242424242 5
1718531570418 0.10303030303030303 6
1718531571333 0.09151515151515152 7
1718531572266 0.09696969696969697 8
1718531573166 0.10303030303030303 9
1718531574066 0.09575757575757576 10
1718531575031 0.10303030303030303 11
1718531575932 0.10303030303030303 12
1718531576982 0.14303030303030304 13
1718531577898 0.09151515151515152 14
1718531578868 0.09151515151515152 15
1718531579762 0.09151515151515152 16
1718531580685 0.0890909090909091 17
1718531581614 0.09151515151515152 18
1718531582760 0.09151515151515152 19
1718531583933 0.10303030303030303 20
1718531585036 0.09151515151515152 21
1718531586113 0.09151515151515152 22
1718531587198 0.09575757575757576 23
1718531588280 0.09151515151515152 24
1718531589379 0.10303030303030303 25
1718531590479 0.13515151515151516 26
1718531591599 0.09151515151515152 27
1718531592696 0.1496969696969697 28
1718531593812 0.10303030303030303 29
1718531594914 0.09575757575757576 30
1718531595945 0.09575757575757576 31
1718531597241 0.09575757575757576 32
1718531598211 0.09151515151515152 33
1718531599128 0.09151515151515152 34
1718531599977 0.09151515151515152 35
1718531600880 0.09575757575757576 36
1718531601826 0.09151515151515152 37
1718531602727 0.09151515151515152 38
1718531603627 0.09212121212121212 39
1718531604577 0.09393939393939393 40
1718531605511 0.09151515151515152 41
1718531606459 0.10242424242424242 42
1718531607359 0.09151515151515152 43
1718531608263 0.09333333333333334 44
1718531609192 0.09575757575757576 45
1718531610111 0.09151515151515152 46
1718531611025 0.09212121212121212 47
1718531611911 0.10545454545454545 48
1718531612841 0.09151515151515152 49
