1718536415746 0.08727272727272728 0
1718536418296 0.08727272727272728 1
1718536420944 0.08727272727272728 2
1718536423512 0.08727272727272728 3
1718536425995 0.08727272727272728 4
1718536428494 0.08727272727272728 5
1718536431177 0.08727272727272728 6
1718536433726 0.08727272727272728 7
1718536436212 0.08727272727272728 8
1718536438728 0.08727272727272728 9
1718536441257 0.08727272727272728 10
1718536444274 0.08727272727272728 11
1718536447715 0.08727272727272728 12
1718536451051 0.08727272727272728 13
1718536454041 0.08727272727272728 14
1718536456538 0.08727272727272728 15
1718536459038 0.08727272727272728 16
1718536461520 0.08727272727272728 17
1718536464022 0.08727272727272728 18
1718536466552 0.08727272727272728 19
1718536469052 0.08727272727272728 20
1718536471519 0.08727272727272728 21
1718536474035 0.08727272727272728 22
1718536476601 0.08727272727272728 23
1718536479268 0.08727272727272728 24
1718536481751 0.08727272727272728 25
1718536484233 0.08727272727272728 26
1718536486719 0.08727272727272728 27
1718536489249 0.08727272727272728 28
1718536491714 0.08727272727272728 29
1718536494197 0.08727272727272728 30
1718536496650 0.08727272727272728 31
1718536499147 0.08727272727272728 32
1718536501879 0.08727272727272728 33
1718536505415 0.08727272727272728 34
1718536508736 0.08727272727272728 35
1718536512061 0.08727272727272728 36
1718536515010 0.08727272727272728 37
1718536517583 0.08727272727272728 38
1718536520059 0.08727272727272728 39
1718536522575 0.08727272727272728 40
1718536525058 0.08727272727272728 41
1718536527557 0.08727272727272728 42
1718536530060 0.08727272727272728 43
1718536532573 0.08727272727272728 44
1718536535073 0.08727272727272728 45
1718536537572 0.08727272727272728 46
1718536540094 0.08727272727272728 47
1718536542671 0.08727272727272728 48
1718536545137 0.08727272727272728 49
