1718536415800 1.0 0
1718536418346 1.0 1
1718536420995 1.0 2
1718536423561 1.0 3
1718536426036 1.0 4
1718536428527 1.0 5
1718536431226 1.0 6
1718536433761 1.0 7
1718536436244 1.0 8
1718536438760 1.0 9
1718536441297 1.0 10
1718536444349 1.0 11
1718536447773 1.0 12
1718536451123 1.0 13
1718536454072 1.0 14
1718536456590 1.0 15
1718536459071 1.0 16
1718536461554 1.0 17
1718536464060 1.0 18
1718536466589 1.0 19
1718536469086 1.0 20
1718536471568 1.0 21
1718536474071 1.0 22
1718536476637 1.0 23
1718536479300 1.0 24
1718536481786 1.0 25
1718536484271 1.0 26
1718536486751 1.0 27
1718536489282 1.0 28
1718536491751 1.0 29
1718536494233 1.0 30
1718536496697 1.0 31
1718536499199 1.0 32
1718536501913 1.0 33
1718536505479 1.0 34
1718536508795 1.0 35
1718536512111 1.0 36
1718536515063 1.0 37
1718536517626 1.0 38
1718536520109 1.0 39
1718536522613 1.0 40
1718536525118 1.0 41
1718536527610 1.0 42
1718536530103 1.0 43
1718536532607 1.0 44
1718536535106 1.0 45
1718536537605 1.0 46
1718536540122 1.0 47
1718536542708 1.0 48
1718536545190 1.0 49
