1718331921844 0.2 0
1718331922141 0.2 1
1718331922479 0.2 2
1718331922783 0.2 3
1718331923078 0.2 4
1718331923380 0.2 5
1718331923674 0.2 6
1718331923965 0.2 7
1718331924261 0.2 8
1718331924550 0.2 9
1718331924845 0.2 10
1718331925143 0.2 11
1718331925438 0.2 12
1718331925744 0.2 13
1718331926048 0.2 14
1718331926388 0.2 15
1718331926685 0.2 16
1718331926993 0.2 17
1718331927311 0.2 18
1718331927603 0.2 19
1718331927888 0.2 20
1718331928196 0.2 21
1718331928501 0.2 22
1718331928798 0.2 23
1718331929098 0.2 24
1718331929406 0.2 25
1718331929703 0.2 26
1718331930015 0.2 27
1718331930351 0.2 28
1718331930654 0.2 29
1718331930957 0.2 30
1718331931261 0.2 31
1718331931570 0.2 32
1718331931864 0.2 33
1718331932178 0.2 34
1718331932504 0.2 35
1718331932812 0.2 36
1718331933116 0.2 37
1718331933426 0.2 38
1718331933728 0.2 39
1718331934034 0.2 40
1718331934341 0.2 41
1718331934638 0.2 42
1718331934941 0.2 43
1718331935267 0.2 44
1718331935572 0.2 45
1718331935871 0.2 46
1718331936170 0.2 47
1718331936479 0.2 48
1718331936776 0.2 49
