1718586190350 1.7413733005523682 0
1718586191015 2.0218000411987305 1
1718586191681 1.916276216506958 2
1718586192316 1.77509343624115 3
1718586192961 1.797788381576538 4
1718586193597 1.7486578226089478 5
1718586194233 1.8312608003616333 6
1718586194886 1.7086968421936035 7
1718586195496 2.0070388317108154 8
1718586196145 1.7890676259994507 9
1718586196800 1.6013853549957275 10
1718586197428 1.7208319902420044 11
1718586198066 1.8685330152511597 12
1718586198687 1.9208909273147583 13
1718586199329 1.7795566320419312 14
1718586199964 1.6001262664794922 15
1718586200598 1.625875473022461 16
1718586201362 1.4891237020492554 17
1718586202027 1.5524095296859741 18
1718586202723 1.9821584224700928 19
1718586203397 2.0600383281707764 20
1718586204064 1.7146086692810059 21
1718586204714 1.8908507823944092 22
1718586205386 1.9765974283218384 23
1718586206047 1.9095948934555054 24
1718586206695 1.8898550271987915 25
1718586207345 1.6471060514450073 26
1718586207963 1.4660704135894775 27
1718586208444 1.4563125371932983 28
1718586208928 1.735285997390747 29
1718586209399 1.9324158430099487 30
1718586209844 2.0928473472595215 31
1718586210468 2.070042371749878 32
1718586210961 1.765019416809082 33
1718586211429 1.6629741191864014 34
1718586211895 1.6278886795043945 35
1718586212366 1.8396610021591187 36
1718586212846 1.8680939674377441 37
1718586213329 2.164302349090576 38
1718586213807 1.8321713209152222 39
1718586214277 1.558535099029541 40
1718586214728 1.4539976119995117 41
1718586215098 1.4517534971237183 42
1718586215495 1.6836910247802734 43
1718586215895 1.6054307222366333 44
1718586216284 2.260282039642334 45
1718586216661 1.6862586736679077 46
1718586217064 1.5623530149459839 47
1718586217496 1.7101222276687622 48
1718586217907 2.025893449783325 49
