1718585678530 2.3607679870393543 0
1718585679047 2.3774959952742964 1
1718585679549 2.4435805214775934 2
1718585680042 2.5205138127009072 3
1718585680530 2.413616480650725 4
1718585681048 2.7600498640978777 5
1718585681567 2.4150007654119423 6
1718585682062 2.3589050990563853 7
1718585682567 2.335033244556851 8
1718585683045 2.3342393239339194 9
1718585683529 2.4275097449620566 10
1718585684015 2.3736254550792553 11
1718585684532 2.3335350089603 12
1718585685033 2.3267422163927995 13
1718585685553 2.3354898823632135 14
1718585686033 2.4183641451376454 15
1718585686554 2.4008069479907 16
1718585687047 2.3281422588560314 17
1718585687581 2.400880124833849 18
1718585688101 2.420297066370646 19
1718585688602 2.532523579067654 20
1718585689082 2.3244088976471513 21
1718585689581 2.3335243816728943 22
1718585690100 2.347230827366864 23
1718585690612 2.530381789913884 24
1718585691098 2.315476165877448 25
1718585691623 2.3212929655004433 26
1718585692112 2.362171279059516 27
1718585692629 2.3925617006089954 28
1718585693099 2.3628392440301402 29
1718585693594 2.3598101713039257 30
1718585694081 2.29446753749141 31
1718585694580 2.3224313259124756 32
1718585695095 2.829946416395682 33
1718585695581 2.3118700274714716 34
1718585696082 2.3328721788194446 35
1718585696578 2.400183320045471 36
1718585697081 2.3457495636410184 37
1718585697581 2.3107522902665316 38
1718585698080 2.322002719949793 39
1718585698598 3.498806088059037 40
1718585699097 2.358043772202951 41
1718585699606 2.356124511471501 42
1718585700092 2.3218490061936556 43
1718585700579 2.4096520101582564 44
1718585701062 2.354125420252482 45
1718585701558 2.3573582525606507 46
1718585702061 2.4853649492617005 47
1718585702896 2.3491407014705517 48
1718585703924 2.4449557816540755 49
