1718509885125 0.09151515151515152 0
1718509886026 0.0467151363909236 1
1718509887144 0.04480245538126593 2
1718509888162 0.09151515151515152 3
1718509889145 0.05833322935253235 4
1718509890079 0.09151515151515152 5
1718509890963 0.09151515151515152 6
1718509891881 0.09151515151515152 7
1718509892765 0.09151515151515152 8
1718509893665 0.09151515151515152 9
1718509894586 0.09151515151515152 10
1718509895467 0.09151515151515152 11
1718509896351 0.09151515151515152 12
1718509897251 0.09151515151515152 13
1718509898135 0.09151515151515152 14
1718509899019 0.09151515151515152 15
1718509899890 0.09151515151515152 16
1718509900803 0.09151515151515152 17
1718509901705 0.09151515151515152 18
1718509902599 0.09151515151515152 19
1718509903473 0.09151515151515152 20
1718509904357 0.09151515151515152 21
1718509905224 0.09151515151515152 22
1718509906128 0.09151515151515152 23
1718509906992 0.09151515151515152 24
1718509907893 0.07174370717159537 25
1718509908760 0.09151515151515152 26
1718509909630 0.09151515151515152 27
1718509910495 0.09151515151515152 28
1718509911345 0.09151515151515152 29
1718509912246 0.09151515151515152 30
1718509913113 0.09151515151515152 31
1718509913997 0.09151515151515152 32
1718509914864 0.09151515151515152 33
1718509915784 0.09151515151515152 34
1718509916649 0.09151515151515152 35
1718509917516 0.09151515151515152 36
1718509918384 0.09151515151515152 37
1718509919272 0.09151515151515152 38
1718509920135 0.09151515151515152 39
1718509921036 0.09151515151515152 40
1718509921920 0.09151515151515152 41
1718509923021 0.09151515151515152 42
1718509924125 0.09151515151515152 43
1718509925201 0.09151515151515152 44
1718509926256 0.09151515151515152 45
1718509927341 0.09151515151515152 46
1718509928325 0.11680568117107158 47
1718509929342 0.09151515151515152 48
1718509930363 0.09151515151515152 49
