1718554299642 nan 0
1718554300477 nan 1
1718554301343 nan 2
1718554302188 nan 3
1718554303026 nan 4
1718554303843 nan 5
1718554304676 nan 6
1718554305542 nan 7
1718554306392 nan 8
1718554307213 nan 9
1718554308059 nan 10
1718554308840 nan 11
1718554309658 nan 12
1718554310491 nan 13
1718554311342 nan 14
1718554312191 nan 15
1718554312991 nan 16
1718554313824 nan 17
1718554314673 nan 18
1718554315540 nan 19
1718554316405 nan 20
1718554317238 nan 21
1718554318056 nan 22
1718554318909 nan 23
1718554319739 nan 24
1718554320606 nan 25
1718554321439 nan 26
1718554322372 nan 27
1718554323555 nan 28
1718554324705 nan 29
1718554325738 nan 30
1718554326780 nan 31
1718554327788 nan 32
1718554328837 nan 33
1718554329854 nan 34
1718554330880 nan 35
1718554331923 nan 36
1718554332953 nan 37
1718554334019 nan 38
1718554335086 nan 39
1718554336203 nan 40
1718554337219 nan 41
1718554338252 nan 42
1718554339276 nan 43
1718554340302 nan 44
1718554341152 nan 45
1718554342001 nan 46
1718554342885 nan 47
1718554343801 nan 48
1718554344665 nan 49
