1718502082455 0.1676846196557468 0
1718502082922 0.1676846196557468 1
1718502083439 0.16870144284128746 2
1718502083910 0.1676846196557468 3
1718502084340 0.1676846196557468 4
1718502084790 0.1858163826278175 5
1718502085241 0.1676846196557468 6
1718502085691 0.1676846196557468 7
1718502086124 0.1676846196557468 8
1718502086542 0.1676846196557468 9
1718502086975 0.1676846196557468 10
1718502087409 0.1676846196557468 11
1718502087858 0.1676846196557468 12
1718502088293 0.1676846196557468 13
1718502088743 0.1676846196557468 14
1718502089184 0.1676846196557468 15
1718502089627 0.16870144284128746 16
1718502090078 0.1676846196557468 17
1718502090578 0.1676846196557468 18
1718502091062 0.1676846196557468 19
1718502091562 0.1676846196557468 20
1718502092079 0.1676846196557468 21
1718502092563 0.1676846196557468 22
1718502093030 0.1676846196557468 23
1718502093463 0.17224512082520863 24
1718502093881 0.1676846196557468 25
1718502094331 0.1676846196557468 26
1718502094781 0.1676846196557468 27
1718502095198 0.19573537452159653 28
1718502095648 0.1676846196557468 29
1718502096065 0.19573537452159653 30
1718502096499 0.1676846196557468 31
1718502096949 0.1676846196557468 32
1718502097400 0.19573537452159653 33
1718502097850 0.2637008609256368 34
1718502098301 0.19573537452159653 35
1718502098717 0.1676846196557468 36
1718502099134 0.1676846196557468 37
1718502099568 0.1676846196557468 38
1718502100018 0.1676846196557468 39
1718502100452 0.1676846196557468 40
1718502100902 0.1676846196557468 41
1718502101336 0.1676846196557468 42
1718502101786 0.07730502104604701 43
1718502102203 0.1676846196557468 44
1718502102654 0.1676846196557468 45
1718502103071 0.1676846196557468 46
1718502103538 0.1676846196557468 47
1718502103971 0.1074642383994902 48
1718502104405 0.1676846196557468 49
