1718453646488 0.17189631650750342 0
1718453646822 0.17189631650750342 1
1718453647184 0.17189631650750342 2
1718453647734 0.17189631650750342 3
1718453648034 0.17189631650750342 4
1718453648350 0.17189631650750342 5
1718453648650 0.17189631650750342 6
1718453648967 0.17189631650750342 7
1718453649270 0.17189631650750342 8
1718453649583 0.17189631650750342 9
1718453649903 0.17189631650750342 10
1718453650200 0.17189631650750342 11
1718453650500 0.17189631650750342 12
1718453650831 0.17189631650750342 13
1718453651133 0.17189631650750342 14
1718453651433 0.17189631650750342 15
1718453651750 0.17189631650750342 16
1718453652066 0.17189631650750342 17
1718453652400 0.17189631650750342 18
1718453652729 0.17189631650750342 19
1718453653084 0.17189631650750342 20
1718453653428 0.17189631650750342 21
1718453653769 0.17189631650750342 22
1718453654099 0.17189631650750342 23
1718453654449 0.17189631650750342 24
1718453654766 0.17189631650750342 25
1718453655100 0.17189631650750342 26
1718453655449 0.17189631650750342 27
1718453655786 0.17189631650750342 28
1718453656117 0.17189631650750342 29
1718453656465 0.17189631650750342 30
1718453656765 0.17189631650750342 31
1718453657102 0.17189631650750342 32
1718453657399 0.17189631650750342 33
1718453657750 0.17189631650750342 34
1718453658068 0.17189631650750342 35
1718453658384 0.17189631650750342 36
1718453658698 0.17189631650750342 37
1718453659018 0.17189631650750342 38
1718453659332 0.17189631650750342 39
1718453659598 0.17189631650750342 40
1718453659898 0.17189631650750342 41
1718453660181 0.17189631650750342 42
1718453660481 0.17189631650750342 43
1718453660764 0.17189631650750342 44
1718453661048 0.17189631650750342 45
1718453661318 0.17189631650750342 46
1718453661598 0.17189631650750342 47
1718453661868 0.17189631650750342 48
1718453662147 0.17189631650750342 49
