1718393899711 2.144465446472168 0
1718393900288 2.1208484172821045 1
1718393900734 1.7244460582733154 2
1718393901226 2.036705255508423 3
1718393901677 1.5387892723083496 4
1718393902173 1.8389089107513428 5
1718393902651 1.8978168964385986 6
1718393903132 1.9052674770355225 7
1718393903703 1.9451444149017334 8
1718393904280 1.9643374681472778 9
1718393904804 2.134166717529297 10
1718393905230 1.805591344833374 11
1718393905617 2.021214723587036 12
1718393906064 1.6591331958770752 13
1718393906461 2.126284122467041 14
1718393906865 1.6772428750991821 15
1718393907381 1.5779955387115479 16
1718393907925 1.597969651222229 17
1718393908472 2.3247618675231934 18
1718393909195 1.9122380018234253 19
1718393909762 2.0038983821868896 20
1718393910383 1.900052785873413 21
1718393910893 2.2257320880889893 22
1718393911364 1.894918441772461 23
1718393911747 1.8750661611557007 24
1718393912159 1.6800920963287354 25
1718393912586 2.2884557247161865 26
1718393913091 2.28705096244812 27
1718393913636 1.7654402256011963 28
1718393914241 1.5830830335617065 29
1718393914761 2.141329765319824 30
1718393920965 1.912716269493103 31
1718393921597 1.8523606061935425 32
1718393922198 1.7278002500534058 33
1718393922772 1.6806070804595947 34
1718393923321 1.7349770069122314 35
1718393923850 1.8442184925079346 36
1718393924349 1.6958930492401123 37
1718393924855 2.8298823833465576 38
1718393925350 2.0871856212615967 39
1718393925854 1.7940601110458374 40
1718393926317 2.1941614151000977 41
1718393926838 2.1652610301971436 42
1718393927353 2.006603956222534 43
1718393927907 1.717153787612915 44
1718393928402 1.99949049949646 45
1718393928923 1.7982347011566162 46
1718393929573 2.4303202629089355 47
1718393930036 1.731361985206604 48
1718393930549 1.959904432296753 49
