1718575910747 0.39107575459967825 0
1718575911134 0.11265812654284706 1
1718575911550 0.16870144284128746 2
1718575911951 0.28772241829554757 3
1718575912357 0.2504366731619303 4
1718575912765 0.4212236043889904 5
1718575913230 0.4428075785402166 6
1718575913637 0.11047775976832012 7
1718575914107 0.1605351170568562 8
1718575914548 0.24897391438788727 9
1718575914974 0.5085917939581772 10
1718575915559 0.30188500702033766 11
1718575916277 0.429567270606245 12
1718575916692 0.32457801376892875 13
1718575917090 0.319369393838706 14
1718575917487 0.15134341567667348 15
1718575917873 0.16870144284128746 16
1718575918272 0.07500273179805504 17
1718575918662 0.19573537452159653 18
1718575919063 0.19573537452159653 19
1718575919485 0.21684856655534104 20
1718575919863 0.19573537452159653 21
1718575920279 0.37520626368641746 22
1718575920691 0.40482882941925724 23
1718575921091 0.201109001696965 24
1718575921504 0.1605351170568562 25
1718575921892 0.08472313898056473 26
1718575922440 0.4082259267171348 27
1718575923279 0.19573537452159653 28
1718575924085 0.20542379073733288 29
1718575924819 0.3713928233174714 30
1718575925425 0.3894958272425128 31
1718575926275 0.17239970499446583 32
1718575926831 0.1605351170568562 33
1718575927413 0.16870144284128746 34
1718575927998 0.08505390416342248 35
1718575928647 0.19573537452159653 36
1718575929285 0.19573537452159653 37
1718575929941 0.19573537452159653 38
1718575930502 0.19573537452159653 39
1718575931071 0.5613296756505934 40
1718575931731 0.5665466507177034 41
1718575932320 0.24837558968802592 42
1718575932917 0.4143241312163804 43
1718575933501 0.09733413975363603 44
1718575934101 0.05375348985511755 45
1718575934728 0.4585683910219674 46
1718575935296 0.36324524298340505 47
1718575935886 0.36299114684282163 48
1718575936436 0.3743774458063951 49
