1718575509000 0.25345949077269053 0
1718575509684 0.2658969585808776 1
1718575510368 0.22443398056216646 2
1718575511085 0.25613013505290755 3
1718575511752 0.28127908034396004 4
1718575512335 0.30805115535427496 5
1718575512937 0.13728428493742975 6
1718575513503 0.1605351170568562 7
1718575514087 0.11992957685146968 8
1718575514655 0.1448414036797586 9
1718575515222 0.10657951634900044 10
1718575515805 0.32940320025815706 11
1718575516539 0.19573537452159653 12
1718575517123 0.09840506627469195 13
1718575517690 0.4185595433607814 14
1718575518307 0.2363696908426059 15
1718575518924 0.16870144284128746 16
1718575519491 0.19573537452159653 17
1718575520058 0.23996294366278734 18
1718575520692 0.22763946120707365 19
1718575521309 0.4917356498314163 20
1718575521877 0.19573537452159653 21
1718575522513 0.16870144284128746 22
1718575523077 0.10625752385247778 23
1718575523612 0.14397595647595648 24
1718575524061 0.17584942620166558 25
1718575524495 0.2563459282893027 26
1718575524912 0.19573537452159653 27
1718575525329 0.16870144284128746 28
1718575525795 0.3113877234932693 29
1718575526230 0.2413592448496121 30
1718575526648 0.19573537452159653 31
1718575527064 0.16870144284128746 32
1718575527481 0.19573537452159653 33
1718575527898 0.10505995647239831 34
1718575528315 0.08961148364956252 35
1718575528749 0.09027522770918422 36
1718575529181 0.2487828633006898 37
1718575529582 0.3702210959056797 38
1718575530016 0.19573537452159653 39
1718575530450 0.16870144284128746 40
1718575530883 0.12466732601512569 41
1718575531300 0.31950212365599123 42
1718575531717 0.10707621931585992 43
1718575532134 0.1066966366966367 44
1718575532568 0.3176602460514786 45
1718575532990 0.0877454834091004 46
1718575533519 0.23638072750015948 47
1718575533987 0.22784120992250845 48
1718575534486 0.10687280065375829 49
