1717604863277 0.16303030303030303 0
1717604863825 0.29454545454545455 1
1717604864381 0.32666666666666666 2
1717604864883 0.276969696969697 3
1717604865413 0.3593939393939394 4
1717604865930 0.3715151515151515 5
1717604866448 0.42424242424242425 6
1717604866971 0.33575757575757575 7
1717604867514 0.3690909090909091 8
1717604868031 0.2872727272727273 9
1717604868580 0.23575757575757575 10
1717604869102 0.30666666666666664 11
1717604869636 0.31212121212121213 12
1717604870202 0.32 13
1717604870735 0.31333333333333335 14
1717604871303 0.3206060606060606 15
1717604871819 0.2824242424242424 16
1717604872404 0.3490909090909091 17
1717604872936 0.28545454545454546 18
1717604873485 0.2727272727272727 19
1717604874018 0.30303030303030304 20
1717604874551 0.2587878787878788 21
1717604875068 0.25636363636363635 22
1717604875618 0.2581818181818182 23
1717604876167 0.28606060606060607 24
1717604876685 0.296969696969697 25
1717604877233 0.28909090909090907 26
1717604877750 0.3096969696969697 27
1717604878331 0.27575757575757576 28
1717604878863 0.30242424242424243 29
1717604879413 0.2678787878787879 30
1717604879930 0.2903030303030303 31
1717604880463 0.2903030303030303 32
1717604880985 0.2581818181818182 33
1717604881514 0.2642424242424242 34
1717604882031 0.26606060606060605 35
1717604882659 0.2642424242424242 36
1717604883176 0.3018181818181818 37
1717604883709 0.3012121212121212 38
1717604884242 0.3018181818181818 39
1717604884769 0.27151515151515154 40
1717604885293 0.27151515151515154 41
1717604885826 0.3109090909090909 42
1717604886407 0.3109090909090909 43
1717604886955 0.3103030303030303 44
1717604887536 0.3103030303030303 45
1717604888132 0.3090909090909091 46
1717604888680 0.31212121212121213 47
1717604889199 0.3193939393939394 48
1717604889731 0.3406060606060606 49
1717604890248 0.3333333333333333 50
1717604890781 0.3339393939393939 51
1717604891346 0.3339393939393939 52
1717604891895 0.3339393939393939 53
1717604892413 0.33454545454545453 54
1717604892930 0.33454545454545453 55
1717604893463 0.33454545454545453 56
1717604893980 0.33515151515151514 57
1717604894530 0.33515151515151514 58
1717604895047 0.33636363636363636 59
1717604895580 0.33636363636363636 60
1717604896111 0.33636363636363636 61
1717604896630 0.33636363636363636 62
1717604897148 0.33636363636363636 63
1717604897681 0.33636363636363636 64
1717604898215 0.33636363636363636 65
1717604898747 0.33636363636363636 66
1717604899280 0.33575757575757575 67
1717604899813 0.33575757575757575 68
1717604900331 0.3284848484848485 69
1717604900864 0.3284848484848485 70
1717604901397 0.3284848484848485 71
1717604901922 0.3284848484848485 72
1717604902448 0.3284848484848485 73
1717604902981 0.3284848484848485 74
1717604903514 0.3284848484848485 75
1717604904047 0.35818181818181816 76
1717604904580 0.35818181818181816 77
1717604905098 0.35818181818181816 78
1717604905628 0.35818181818181816 79
1717604906142 0.35818181818181816 80
1717604906659 0.35818181818181816 81
1717604907177 0.35818181818181816 82
1717604907710 0.35878787878787877 83
1717604908233 0.35878787878787877 84
1717604908761 0.35878787878787877 85
1717604909278 0.35878787878787877 86
1717604909795 0.3593939393939394 87
1717604910313 0.3593939393939394 88
1717604910973 0.3593939393939394 89
1717604911569 0.3593939393939394 90
1717604912129 0.3593939393939394 91
1717604912693 0.3593939393939394 92
1717604913290 0.3593939393939394 93
1717604914244 0.3593939393939394 94
1717604914956 0.3593939393939394 95
1717604915489 0.3593939393939394 96
1717604916041 0.36 97
1717604916565 0.36 98
1717604917091 0.36 99
1717604917644 0.36 100
1717604918161 0.36 101
1717604918694 0.3593939393939394 102
1717604919201 0.36666666666666664 103
1717604919766 0.336969696969697 104
1717604920299 0.336969696969697 105
1717604920832 0.336969696969697 106
1717604921350 0.336969696969697 107
1717604921867 0.336969696969697 108
1717604922385 0.336969696969697 109
1717604922918 0.336969696969697 110
1717604923438 0.336969696969697 111
1717604923971 0.336969696969697 112
1717604924504 0.336969696969697 113
1717604925022 0.336969696969697 114
1717604925554 0.336969696969697 115
1717604926061 0.336969696969697 116
1717604926599 0.336969696969697 117
1717604927132 0.336969696969697 118
1717604927665 0.336969696969697 119
1717604928183 0.336969696969697 120
1717604928701 0.336969696969697 121
1717604929218 0.336969696969697 122
1717604929767 0.336969696969697 123
1717604930331 0.336969696969697 124
1717604930866 0.336969696969697 125
1717604931367 0.336969696969697 126
1717604931899 0.336969696969697 127
1717604932417 0.336969696969697 128
1717604932934 0.336969696969697 129
1717604933483 0.336969696969697 130
1717604933985 0.336969696969697 131
1717604934502 0.336969696969697 132
1717604935020 0.336969696969697 133
1717604935552 0.336969696969697 134
1717604936086 0.336969696969697 135
1717604936603 0.336969696969697 136
1717604937105 0.336969696969697 137
1717604937638 0.336969696969697 138
1717604938171 0.336969696969697 139
1717604938705 0.336969696969697 140
1717604939285 0.336969696969697 141
1717604939818 0.336969696969697 142
1717604940336 0.32606060606060605 143
1717604940853 0.32606060606060605 144
1717604941386 0.32606060606060605 145
1717604941919 0.32606060606060605 146
1717604942452 0.32606060606060605 147
1717604942987 0.32606060606060605 148
1717604943688 0.32606060606060605 149
1717604944435 0.32606060606060605 150
1717604945000 0.32606060606060605 151
1717604945517 0.32606060606060605 152
1717604946050 0.32606060606060605 153
1717604946569 0.32606060606060605 154
1717604947103 0.32606060606060605 155
1717604947635 0.32606060606060605 156
1717604948168 0.32606060606060605 157
1717604948670 0.32606060606060605 158
1717604949204 0.32606060606060605 159
1717604949736 0.32606060606060605 160
1717604950254 0.32606060606060605 161
1717604950787 0.32606060606060605 162
1717604951320 0.32606060606060605 163
1717604951854 0.3290909090909091 164
1717604952387 0.3290909090909091 165
1717604952905 0.3290909090909091 166
1717604953422 0.3290909090909091 167
1717604953963 0.3290909090909091 168
1717604954481 0.3290909090909091 169
1717604955007 0.3290909090909091 170
1717604955532 0.3290909090909091 171
1717604956065 0.3290909090909091 172
1717604956610 0.3290909090909091 173
1717604957134 0.3290909090909091 174
1717604957698 0.3290909090909091 175
1717604958260 0.3290909090909091 176
1717604958861 0.3290909090909091 177
1717604959403 0.3290909090909091 178
1717604959988 0.3290909090909091 179
1717604960532 0.3290909090909091 180
1717604961268 0.3290909090909091 181
1717604961941 0.3290909090909091 182
1717604962498 0.3290909090909091 183
1717604963070 0.3290909090909091 184
1717604963784 0.3290909090909091 185
1717604964535 0.3290909090909091 186
1717604965137 0.3290909090909091 187
1717604965724 0.3290909090909091 188
1717604966260 0.32666666666666666 189
1717604966801 0.32666666666666666 190
1717604967517 0.32666666666666666 191
1717604968137 0.32666666666666666 192
1717604968723 0.32666666666666666 193
1717604969289 0.32666666666666666 194
1717604969890 0.32666666666666666 195
1717604970418 0.32666666666666666 196
1717604970984 0.32666666666666666 197
1717604971571 0.32666666666666666 198
1717604972138 0.32666666666666666 199
