1718426989930 0.3333333333333333 0
1718426990615 0.3333333333333333 1
1718426991347 0.3333333333333333 2
1718426992014 0.6666666666666666 3
1718426992646 0.3333333333333333 4
1718426993296 0.14545454545454545 5
1718426993929 0.3333333333333333 6
1718426994579 0.0 7
1718426995213 0.3333333333333333 8
1718426995872 0.3333333333333333 9
1718426996533 0.3333333333333333 10
1718426997213 0.3333333333333333 11
1718426997916 0.3333333333333333 12
1718426998596 0.3333333333333333 13
1718426999279 0.3333333333333333 14
1718426999982 0.3333333333333333 15
1718427000683 0.3333333333333333 16
1718427001395 0.45 17
1718427002095 0.3333333333333333 18
1718427003111 0.3333333333333333 19
1718427003962 0.3333333333333333 20
1718427004794 0.3333333333333333 21
1718427005614 0.5199999999999999 22
1718427006394 0.3333333333333333 23
1718427007210 0.3333333333333333 24
1718427007993 0.6666666666666666 25
1718427008793 0.3333333333333333 26
1718427009595 0.3333333333333333 27
1718427010409 0.3333333333333333 28
1718427011184 0.3333333333333333 29
1718427011926 0.3333333333333333 30
1718427012712 0.3333333333333333 31
1718427013475 0.3333333333333333 32
1718427014242 0.3333333333333333 33
1718427015042 0.3333333333333333 34
1718427015842 0.3333333333333333 35
1718427016608 0.3333333333333333 36
1718427017357 0.3333333333333333 37
1718427018108 0.3333333333333333 38
1718427018808 0.3333333333333333 39
1718427019583 0.3333333333333333 40
1718427020324 0.3333333333333333 41
1718427021124 0.3333333333333333 42
1718427021895 0.3333333333333333 43
1718427022607 0.3333333333333333 44
1718427023373 0.3333333333333333 45
1718427024011 0.3333333333333333 46
1718427024640 0.3333333333333333 47
1718427025309 0.3333333333333333 48
1718427025940 0.3333333333333333 49
