1718420901995 0.14029850746268657 0
1718420902260 0.11641791044776119 1
1718420902532 0.15074626865671642 2
1718420902818 0.11641791044776119 3
1718420903065 0.09402985074626866 4
1718420903279 0.11492537313432835 5
1718420903562 0.09402985074626866 6
1718420903812 0.11343283582089553 7
1718420904028 0.09402985074626866 8
1718420904232 0.11641791044776119 9
1718420904445 0.12985074626865672 10
1718420904661 0.14029850746268657 11
1718420904861 0.09402985074626866 12
1718420905094 0.11641791044776119 13
1718420905294 0.09402985074626866 14
1718420905495 0.11641791044776119 15
1718420905733 0.09402985074626866 16
1718420905978 0.1746268656716418 17
1718420906194 0.056716417910447764 18
1718420906411 0.11343283582089553 19
1718420906661 0.11641791044776119 20
1718420906894 0.11343283582089553 21
1718420907111 0.11641791044776119 22
1718420907333 0.10895522388059702 23
1718420907544 0.11641791044776119 24
1718420907762 0.10895522388059702 25
1718420907976 0.1 26
1718420908195 0.10895522388059702 27
1718420908411 0.11641791044776119 28
1718420908627 0.09402985074626866 29
1718420908844 0.11343283582089553 30
1718420909064 0.11641791044776119 31
1718420909294 0.11641791044776119 32
1718420909535 0.11641791044776119 33
1718420909747 0.11641791044776119 34
1718420909964 0.11343283582089553 35
1718420910182 0.11641791044776119 36
1718420910394 0.2462686567164179 37
1718420910610 0.11641791044776119 38
1718420910835 0.10895522388059702 39
1718420911064 0.1 40
1718420911289 0.11044776119402985 41
1718420911727 0.11641791044776119 42
1718420911910 0.1373134328358209 43
1718420912136 0.09402985074626866 44
1718420912344 0.11641791044776119 45
1718420912564 0.10895522388059702 46
1718420912780 0.11641791044776119 47
1718420912993 0.10149253731343283 48
1718420913197 0.10895522388059702 49
