1718553424999 15.204308679555666 0
1718553426358 -66.65696677440218 1
1718553427498 84.17135066858842 2
1718553428615 14.158321361097478 3
1718553429748 -2.9390078328519564 4
1718553430881 11.879395666514938 5
1718553431997 78.00354198523098 6
1718553433164 0.939952966585679 7
1718553434347 -62.84100672250848 8
1718553435430 85.50305502860053 9
1718553436530 -60.464359698927495 10
1718553437663 -137.40372387147607 11
1718553438780 89.3159533870107 12
1718553439863 -38.46046160454665 13
1718553440779 56.65885066026371 14
1718553441679 21.681935306805286 15
1718553442611 -6.136066655668401 16
1718553443548 26.889362310726995 17
1718553444479 -128.0970695007985 18
1718553445378 -54.62449105979631 19
1718553446313 -30.239376107204677 20
1718553447215 5.407940309870469 21
1718553448094 73.10650560630495 22
1718553449031 45.443239017397715 23
1718553449944 -20.05759851137796 24
1718553450847 -36.29464166275467 25
1718553451760 -1.4650276527853379 26
1718553452693 -122.63856211122697 27
1718553453576 -232.97125590855802 28
1718553454476 47.36796206869403 29
1718553455374 -65.6169486336447 30
1718553456276 67.7643629297958 31
1718553457192 -10.189724383231265 32
1718553458159 -163.06358708897528 33
1718553459125 24.92497993539976 34
1718553460062 -163.12000115626216 35
1718553460958 85.49421343092787 36
1718553461841 5.08997584672494 37
1718553462725 -143.0350567573123 38
1718553463656 -71.22782283323158 39
1718553464541 -143.79982510480016 40
1718553465457 -212.84066501131753 41
1718553466341 -98.7246022134925 42
1718553467224 -109.19945832972394 43
1718553468157 -158.53739077394658 44
1718553469090 -16.61562331916521 45
1718553470023 -69.37673464429588 46
1718553470973 -128.0044796812971 47
1718553471923 47.52691725075704 48
1718553472856 9.896116992673527 49
