1718364676683 0.0 0
1718364679554 0.0 1
1718364682214 0.0 2
1718364685131 0.0 3
1718364687865 0.0 4
1718364690756 0.0 5
1718364693340 0.0 6
1718364696153 0.0 7
1718364698857 0.0 8
1718364701680 0.0 9
1718364704317 0.0 10
1718364707036 0.0 11
1718364709707 0.0 12
1718364712551 0.0 13
1718364715227 0.0 14
1718364718060 0.0 15
1718364720588 0.0 16
1718364723642 0.0 17
1718364726515 0.0 18
1718364729359 0.0 19
1718364731961 0.0 20
1718364734787 0.0 21
1718364737360 0.0 22
1718364740245 0.0 23
1718364742968 0.0 24
1718364745807 0.0 25
1718364748525 0.0 26
1718364751217 0.0 27
1718364753814 0.0 28
1718364756662 0.0 29
1718364759331 0.0 30
1718364762058 0.0 31
1718364764990 0.0 32
1718364767713 0.0 33
1718364770554 0.0 34
1718364773288 0.0 35
1718364776014 0.0 36
1718364778667 0.0 37
1718364781494 0.0 38
1718364784507 0.0 39
1718364787429 0.0 40
1718364789922 0.0 41
1718364792722 0.0 42
1718364795414 0.0 43
1718364798283 0.0 44
1718364800789 0.0 45
1718364803668 0.0 46
1718364806232 0.0 47
1718364809008 0.0 48
1718364811514 0.0 49
