1718364676546 9.91588306427002 0
1718364679420 1.0577030181884766 1
1718364682046 10.093761444091797 2
1718364685001 9.955543518066406 3
1718364687726 6.071049213409424 4
1718364690618 7.0678911209106445 5
1718364693220 3.3937273025512695 6
1718364696022 4.492138862609863 7
1718364698735 4.010666847229004 8
1718364701544 4.01066780090332 9
1718364704185 5.566950798034668 10
1718364706914 5.567234039306641 11
1718364709580 3.277263641357422 12
1718364712401 6.573322296142578 13
1718364715105 4.5661773681640625 14
1718364717930 7.53109073638916 15
1718364720460 7.558626651763916 16
1718364723436 4.492138862609863 17
1718364726394 4.306457996368408 18
1718364729232 6.931639671325684 19
1718364731840 7.100591659545898 20
1718364734635 6.240960121154785 21
1718364737235 5.318835258483887 22
1718364740072 7.558627128601074 23
1718364742846 7.06400728225708 24
1718364745635 5.567233562469482 25
1718364748397 3.610039234161377 26
1718364751067 4.010684013366699 27
1718364753668 2.707496166229248 28
1718364756484 8.968952178955078 29
1718364759207 7.551693439483643 30
1718364761912 4.01066780090332 31
1718364764867 8.708057403564453 32
1718364767556 8.051724433898926 33
1718364770432 7.063457489013672 34
1718364773141 5.029262542724609 35
1718364775894 4.010667324066162 36
1718364778523 5.440450191497803 37
1718364781371 5.537444591522217 38
1718364784346 4.010667324066162 39
1718364787306 3.277263641357422 40
1718364789780 8.05077075958252 41
1718364792588 5.567233562469482 42
1718364795282 4.010667324066162 43
1718364798157 2.707496166229248 44
1718364800661 3.2772634029388428 45
1718364803533 3.277261257171631 46
1718364806097 3.610038995742798 47
1718364808883 4.010667324066162 48
1718364811383 3.610039234161377 49
