1718535340324 0.1605351170568562 0
1718535342807 0.1605351170568562 1
1718535345273 0.1605351170568562 2
1718535347740 0.1605351170568562 3
1718535350198 0.1605351170568562 4
1718535352722 0.1605351170568562 5
1718535355238 0.1605351170568562 6
1718535357741 0.1605351170568562 7
1718535360254 0.1605351170568562 8
1718535363020 0.1605351170568562 9
1718535366353 0.1605351170568562 10
1718535369669 0.1605351170568562 11
1718535372867 0.1605351170568562 12
1718535375418 0.1605351170568562 13
1718535378034 0.1605351170568562 14
1718535380517 0.1605351170568562 15
1718535383166 0.1605351170568562 16
1718535385632 0.1605351170568562 17
1718535388098 0.1605351170568562 18
1718535390554 0.1605351170568562 19
1718535393014 0.1605351170568562 20
1718535395466 0.1605351170568562 21
1718535398046 0.1605351170568562 22
1718535400513 0.1605351170568562 23
1718535402995 0.1605351170568562 24
1718535405515 0.1605351170568562 25
1718535407945 0.1605351170568562 26
1718535410379 0.1605351170568562 27
1718535412844 0.1605351170568562 28
1718535415295 0.1605351170568562 29
1718535417859 0.1605351170568562 30
1718535420542 0.1605351170568562 31
1718535423417 0.1605351170568562 32
1718535426708 0.1605351170568562 33
1718535430007 0.1605351170568562 34
1718535433158 0.1605351170568562 35
1718535435696 0.1605351170568562 36
1718535438172 0.1605351170568562 37
1718535440655 0.1605351170568562 38
1718535443104 0.1605351170568562 39
1718535445587 0.1605351170568562 40
1718535448075 0.1605351170568562 41
1718535450552 0.1605351170568562 42
1718535453286 0.1605351170568562 43
1718535455787 0.1605351170568562 44
1718535458254 0.1605351170568562 45
1718535460753 0.1605351170568562 46
1718535463217 0.1605351170568562 47
1718535465933 0.1605351170568562 48
1718535468369 0.1605351170568562 49
