1718439479140 0.21343283582089553 0
1718439479372 0.06865671641791045 1
1718439479589 0.09253731343283582 2
1718439479840 0.11492537313432835 3
1718439480089 0.09253731343283582 4
1718439480369 0.11492537313432835 5
1718439480605 0.09253731343283582 6
1718439480836 0.11492537313432835 7
1718439481072 0.09253731343283582 8
1718439481289 0.11492537313432835 9
1718439481521 0.09253731343283582 10
1718439481738 0.11492537313432835 11
1718439481972 0.09253731343283582 12
1718439482205 0.11492537313432835 13
1718439482588 0.09253731343283582 14
1718439482928 0.11492537313432835 15
1718439483288 0.09253731343283582 16
1718439483638 0.11492537313432835 17
1718439483938 0.09253731343283582 18
1718439484269 0.09701492537313433 19
1718439484571 0.06567164179104477 20
1718439484888 0.11343283582089553 21
1718439485271 0.07313432835820896 22
1718439485572 0.11343283582089553 23
1718439485872 0.07313432835820896 24
1718439486173 0.11343283582089553 25
1718439486471 0.07313432835820896 26
1718439486770 0.11343283582089553 27
1718439487058 0.07313432835820896 28
1718439487422 0.11343283582089553 29
1718439487987 0.07313432835820896 30
1718439488290 0.11343283582089553 31
1718439488587 0.07313432835820896 32
1718439488870 0.11343283582089553 33
1718439489187 0.07313432835820896 34
1718439489487 0.11343283582089553 35
1718439489770 0.07313432835820896 36
1718439490074 0.11343283582089553 37
1718439490370 0.08656716417910448 38
1718439490670 0.09402985074626866 39
1718439490956 0.09402985074626866 40
1718439491274 0.09402985074626866 41
1718439491575 0.09402985074626866 42
1718439491871 0.09402985074626866 43
1718439492170 0.09402985074626866 44
1718439492470 0.09402985074626866 45
1718439492754 0.09402985074626866 46
1718439493057 0.09402985074626866 47
1718439493352 0.09402985074626866 48
1718439493636 0.09402985074626866 49
