1718439479122 -2.9285056591033936 0
1718439479339 -80.45967102050781 1
1718439479572 -505.36993408203125 2
1718439479811 -5677.78759765625 3
1718439480072 -33908.265625 4
1718439480341 -377732.90625 5
1718439480576 -2258628.0 6
1718439480811 -25155824.0 7
1718439481039 -150420384.0 8
1718439481272 -1675325696.0 9
1718439481488 -10017685504.0 10
1718439481722 -111573221376.0 11
1718439481940 -667157266432.0 12
1718439482170 -7430546653184.0 13
1718439482527 -44431294070784.0 14
1718439482871 -494859118968832.0 15
1718439483227 -2959032482529280.0 16
1718439483592 -3.2956598322200576e+16 17
1718439483905 -1.9706550340603085e+17 18
1718439484228 -2.055487510103982e+18 19
1718439484538 -1.0162336275277808e+19 20
1718439484855 -7.14542744155812e+19 21
1718439485238 -6.914732573747461e+20 22
1718439485539 -4.80963216989925e+21 23
1718439485829 -4.605433220704747e+22 24
1718439486138 -3.203114978813078e+23 25
1718439486439 -3.067123131543494e+24 26
1718439486729 -2.1332084630469803e+25 27
1718439487029 -2.042640622018869e+26 28
1718439487372 -1.420673190931642e+27 29
1718439487954 -1.3603564108517032e+28 30
1718439488252 -9.461389696797668e+28 31
1718439488555 -9.05969311450658e+29 32
1718439488837 -6.301090016983283e+30 33
1718439489154 -6.033569361104983e+31 34
1718439489454 -4.196395838251679e+32 35
1718439489730 -4.0182317399114846e+33 36
1718439490038 -2.794713516392773e+34 37
1718439490337 nan 38
1718439490637 nan 39
1718439490921 nan 40
1718439491223 nan 41
1718439491531 nan 42
1718439491837 nan 43
1718439492137 nan 44
1718439492432 nan 45
1718439492720 nan 46
1718439493018 nan 47
1718439493303 nan 48
1718439493604 nan 49
