1718510978661 0.10303030303030303 0
1718510979160 0.10303030303030303 1
1718510979642 0.09151515151515152 2
1718510980130 0.15333333333333332 3
1718510980610 0.09151515151515152 4
1718510981080 0.10303030303030303 5
1718510981544 0.10303030303030303 6
1718510982063 0.10303030303030303 7
1718510982563 0.10303030303030303 8
1718510983015 0.10303030303030303 9
1718510983478 0.10909090909090909 10
1718510983964 0.10303030303030303 11
1718510984413 0.1006060606060606 12
1718510984912 0.10303030303030303 13
1718510985367 0.10303030303030303 14
1718510985849 0.10303030303030303 15
1718510986337 0.10303030303030303 16
1718510986851 0.09151515151515152 17
1718510987345 0.09212121212121212 18
1718510987832 0.10848484848484849 19
1718510988282 0.10848484848484849 20
1718510988732 0.09212121212121212 21
1718510989219 0.10303030303030303 22
1718510989669 0.1703030303030303 23
1718510990137 0.10303030303030303 24
1718510990600 0.10303030303030303 25
1718510991070 0.15333333333333332 26
1718510991534 0.10303030303030303 27
1718510992035 0.10303030303030303 28
1718510992502 0.10121212121212121 29
1718510992956 0.10303030303030303 30
1718510993436 0.07454545454545454 31
1718510993936 0.10303030303030303 32
1718510994436 0.07696969696969697 33
1718510994920 0.10909090909090909 34
1718510995408 0.09151515151515152 35
1718510995879 0.09151515151515152 36
1718510996338 0.10303030303030303 37
1718510996824 0.10303030303030303 38
1718510997322 0.1315151515151515 39
1718510997839 0.10303030303030303 40
1718510998339 0.09333333333333334 41
1718510998823 0.09151515151515152 42
1718510999276 0.09151515151515152 43
1718510999740 0.10303030303030303 44
1718511000257 0.16787878787878788 45
1718511000741 0.10303030303030303 46
1718511001227 0.09151515151515152 47
1718511001692 0.09151515151515152 48
1718511002142 0.09151515151515152 49
