1718383772323 0.2 0
1718383772693 0.2 1
1718383773030 0.2 2
1718383773339 0.2 3
1718383773664 0.2 4
1718383773970 0.2 5
1718383774282 0.2 6
1718383774589 0.2 7
1718383774902 0.2 8
1718383775203 0.2 9
1718383775527 0.2 10
1718383775836 0.2 11
1718383776142 0.2 12
1718383776470 0.2 13
1718383776785 0.2 14
1718383777090 0.2 15
1718383777398 0.2 16
1718383777742 0.2 17
1718383778068 0.2 18
1718383778380 0.2 19
1718383778713 0.2 20
1718383779031 0.2 21
1718383779368 0.2 22
1718383779706 0.2 23
1718383780031 0.2 24
1718383780391 0.2 25
1718383780725 0.2 26
1718383781043 0.2 27
1718383781369 0.2 28
1718383781723 0.2 29
1718383782057 0.2 30
1718383782380 0.2 31
1718383782715 0.2 32
1718383783034 0.2 33
1718383783384 0.2 34
1718383783852 0.2 35
1718383784193 0.2 36
1718383784535 0.2 37
1718383784859 0.2 38
1718383785174 0.2 39
1718383785494 0.2 40
1718383785825 0.2 41
1718383786140 0.2 42
1718383786462 0.2 43
1718383786786 0.2 44
1718383787101 0.2 45
1718383787410 0.2 46
1718383787742 0.2 47
1718383788065 0.2 48
1718383788381 0.2 49
