1718510536461 0.867816091954023 0
1718510537362 1.0 1
1718510538263 1.0 2
1718510539180 1.0 3
1718510540097 1.0 4
1718510540982 1.0 5
1718510542049 1.0 6
1718510542933 1.0 7
1718510543838 1.0 8
1718510544705 1.0 9
1718510545621 1.0 10
1718510546502 1.0 11
1718510547382 1.0 12
1718510548286 1.0 13
1718510549204 1.0 14
1718510550072 1.0 15
1718510550956 0.5279503105590062 16
1718510551840 1.0 17
1718510552699 0.5168195718654435 18
1718510553641 0.534375 19
1718510554543 0.2526158445440957 20
1718510555397 1.0 21
1718510556310 0.5168195718654435 22
1718510557214 1.0 23
1718510558111 1.0 24
1718510558978 1.0 25
1718510559852 1.0 26
1718510560729 1.0 27
1718510561633 1.0 28
1718510562546 1.0 29
1718510563432 1.0 30
1718510564283 0.5 31
1718510565200 1.0 32
1718510566102 1.0 33
1718510567001 1.0 34
1718510567879 1.0 35
1718510568756 1.0 36
1718510569636 1.0 37
1718510570541 1.0 38
1718510571421 1.0 39
1718510572298 1.0 40
1718510573195 1.0 41
1718510574056 1.0 42
1718510574940 1.0 43
1718510575808 1.0 44
1718510576743 1.0 45
1718510577642 1.0 46
1718510578576 1.0 47
1718510579477 1.0 48
1718510580382 1.0 49
