1718393932571 1.8944910764694214 0
1718393933203 1.6214970350265503 1
1718393933752 1.9528250694274902 2
1718393934287 1.404133677482605 3
1718393934805 2.453144073486328 4
1718393935319 2.0026559829711914 5
1718393935824 2.4325644969940186 6
1718393936354 2.2854902744293213 7
1718393936875 2.1877658367156982 8
1718393937409 2.189497232437134 9
1718393937977 1.4437730312347412 10
1718393938543 2.382112741470337 11
1718393939144 1.3133506774902344 12
1718393939694 1.3862403631210327 13
1718393940272 2.092667818069458 14
1718393940814 1.854819655418396 15
1718393941384 2.154005765914917 16
1718393941960 1.250709891319275 17
1718393952036 2.062059164047241 18
1718393952737 1.805871844291687 19
1718393953317 1.9508963823318481 20
1718393953835 2.318281412124634 21
1718393954386 1.7111713886260986 22
1718393954939 1.701812982559204 23
1718393955476 2.075833559036255 24
1718393956127 2.0991876125335693 25
1718393956761 2.037349224090576 26
1718393957354 2.295865774154663 27
1718393957961 2.2385222911834717 28
1718393958522 1.641829252243042 29
1718393967047 1.7047901153564453 30
1718393976539 1.9248729944229126 31
1718393977071 1.8850396871566772 32
1718393977705 1.9175772666931152 33
1718393978261 1.864410638809204 34
1718393978823 2.081735134124756 35
1718393979357 1.7273112535476685 36
1718393979907 1.8407570123672485 37
1718393980459 1.9302270412445068 38
1718393980991 1.7520954608917236 39
1718393981613 1.789595127105713 40
1718393982179 1.7495054006576538 41
1718393986618 2.1270341873168945 42
1718393987179 2.071779727935791 43
1718393987746 2.2429885864257812 44
1718393988296 1.8884258270263672 45
1718393988851 2.3628015518188477 46
1718393989425 2.2017953395843506 47
1718393989981 1.7191542387008667 48
1718393990533 1.6060293912887573 49
