1718532549624 0.1858163826278175 0
1718532550293 0.18681318681318682 1
1718532550907 0.1858163826278175 2
1718532551540 0.1858163826278175 3
1718532552140 0.1858163826278175 4
1718532552759 0.18681318681318682 5
1718532553405 0.09268507971741127 6
1718532554106 0.1858163826278175 7
1718532554696 0.18681318681318682 8
1718532555275 0.1858163826278175 9
1718532555876 0.1858163826278175 10
1718532556456 0.1858163826278175 11
1718532557006 0.1858163826278175 12
1718532557606 0.1747787610619469 13
1718532558172 0.18681318681318682 14
1718532558655 0.1858163826278175 15
1718532559197 0.1858163826278175 16
1718532559672 0.18681318681318682 17
1718532560194 0.1858163826278175 18
1718532560696 0.18681318681318682 19
1718532561172 0.1858163826278175 20
1718532561672 0.1858163826278175 21
1718532562138 0.1858163826278175 22
1718532562704 0.1858163826278175 23
1718532563254 0.18681318681318682 24
1718532563740 0.1858163826278175 25
1718532564238 0.1858163826278175 26
1718532564737 0.18681318681318682 27
1718532565256 0.18681318681318682 28
1718532565738 0.10084774927639684 29
1718532566237 0.07620286520090626 30
1718532566704 0.1858163826278175 31
1718532567223 0.18681318681318682 32
1718532567720 0.1676846196557468 33
1718532568203 0.1858163826278175 34
1718532568721 0.1858163826278175 35
1718532569236 0.18681318681318682 36
1718532569703 0.1858163826278175 37
1718532570220 0.1858163826278175 38
1718532570720 0.18681318681318682 39
1718532571203 0.1858163826278175 40
1718532571705 0.1858163826278175 41
1718532572203 0.1858163826278175 42
1718532572686 0.1858163826278175 43
1718532573189 0.18681318681318682 44
1718532573670 0.1858163826278175 45
1718532574169 0.18681318681318682 46
1718532574652 0.1858163826278175 47
1718532575152 0.1858163826278175 48
1718532575655 0.18681318681318682 49
