1718384646690 0.0 0
1718384647061 0.0 1
1718384647504 0.0 2
1718384647873 0.08571428571428572 3
1718384648257 0.11428571428571428 4
1718384648649 0.2 5
1718384649024 0.17142857142857143 6
1718384649397 0.2 7
1718384649766 0.2571428571428571 8
1718384650143 0.2571428571428571 9
1718384650519 0.17142857142857143 10
1718384650881 0.05714285714285714 11
1718384651243 0.05714285714285714 12
1718384651673 0.08571428571428572 13
1718384652095 0.11428571428571428 14
1718384652558 0.14285714285714285 15
1718384652955 0.14285714285714285 16
1718384653345 0.14285714285714285 17
1718384653733 0.14285714285714285 18
1718384654132 0.14285714285714285 19
1718384654534 0.14285714285714285 20
1718384654889 0.14285714285714285 21
1718384655213 0.14285714285714285 22
1718384655595 0.14285714285714285 23
1718384655951 0.14285714285714285 24
1718384656294 0.14285714285714285 25
1718384656652 0.14285714285714285 26
1718384656988 0.14285714285714285 27
1718384657314 0.14285714285714285 28
1718384657634 0.14285714285714285 29
1718384657960 0.14285714285714285 30
1718384658281 0.14285714285714285 31
1718384658610 0.14285714285714285 32
1718384658939 0.14285714285714285 33
1718384659276 0.14285714285714285 34
1718384659612 0.14285714285714285 35
1718384659935 0.14285714285714285 36
1718384660316 0.14285714285714285 37
1718384660669 0.14285714285714285 38
1718384660995 0.14285714285714285 39
1718384661313 0.14285714285714285 40
1718384661636 0.14285714285714285 41
1718384661947 0.14285714285714285 42
1718384662265 0.14285714285714285 43
1718384662604 0.14285714285714285 44
1718384662920 0.14285714285714285 45
1718384663240 0.14285714285714285 46
1718384663572 0.14285714285714285 47
1718384663889 0.14285714285714285 48
1718384664213 0.14285714285714285 49
