1718415539867 0.0 0
1718415540600 0.0 1
1718415541300 0.0 2
1718415542016 0.0 3
1718415542983 0.0 4
1718415543883 0.0 5
1718415544783 0.0 6
1718415545666 0.0 7
1718415546562 0.0 8
1718415547482 0.0 9
1718415548367 0.0 10
1718415549247 0.0 11
1718415550116 0.0 12
1718415550965 0.0 13
1718415551815 0.0 14
1718415552698 0.0 15
1718415553565 0.0 16
1718415554465 0.0 17
1718415555347 0.0 18
1718415556165 0.0 19
1718415557030 0.0 20
1718415557865 0.0 21
1718415558665 0.0 22
1718415559513 0.0 23
1718415560330 0.0 24
1718415561179 0.0 25
1718415562013 0.0 26
1718415562746 0.0 27
1718415563479 0.0 28
1718415564196 0.0 29
1718415564929 0.0 30
1718415565612 0.0 31
1718415566312 0.0 32
1718415567028 0.0 33
1718415567745 0.0 34
1718415568461 0.0 35
1718415569178 0.0 36
1718415569894 0.0 37
1718415570611 0.0 38
1718415571311 0.0 39
1718415572011 0.0 40
1718415572727 0.0 41
1718415573444 0.0 42
1718415574160 0.0 43
1718415574865 0.0 44
1718415575565 0.0 45
1718415576277 0.0 46
1718415576976 0.0 47
1718415577676 0.0 48
1718415578393 0.0 49
