1718415539884 0.0 0
1718415540633 0.0 1
1718415541333 0.0 2
1718415542033 0.0 3
1718415543016 0.0 4
1718415543916 0.0 5
1718415544816 0.0 6
1718415545699 0.0 7
1718415546583 0.0 8
1718415547516 0.0 9
1718415548400 0.0 10
1718415549265 0.0 11
1718415550147 0.0 12
1718415550999 0.0 13
1718415551847 0.0 14
1718415552732 0.0 15
1718415553598 0.0 16
1718415554497 0.0 17
1718415555365 0.0 18
1718415556197 0.0 19
1718415557047 0.0 20
1718415557880 0.0 21
1718415558696 0.0 22
1718415559546 0.0 23
1718415560364 0.0 24
1718415561196 0.0 25
1718415562029 0.0 26
1718415562779 0.0 27
1718415563496 0.0 28
1718415564228 0.0 29
1718415564945 0.0 30
1718415565628 0.0 31
1718415566345 0.0 32
1718415567062 0.0 33
1718415567765 0.0 34
1718415568478 0.0 35
1718415569211 0.0 36
1718415569911 0.0 37
1718415570628 0.0 38
1718415571327 0.0 39
1718415572044 0.0 40
1718415572744 0.0 41
1718415573465 0.0 42
1718415574177 0.0 43
1718415574877 0.0 44
1718415575577 0.0 45
1718415576293 0.0 46
1718415577009 0.0 47
1718415577710 0.0 48
1718415578409 0.0 49
