1718547912367 0.1605351170568562 0
1718547917824 0.1605351170568562 1
1718547922633 0.1605351170568562 2
1718547927264 0.1605351170568562 3
1718547931863 0.1605351170568562 4
1718547936398 0.1605351170568562 5
1718547941011 0.1605351170568562 6
1718547945560 0.1605351170568562 7
1718547950109 0.1605351170568562 8
1718547955075 0.1605351170568562 9
1718547960041 0.1605351170568562 10
1718547965191 0.1605351170568562 11
1718547970409 0.1605351170568562 12
1718547975821 0.1605351170568562 13
1718547980837 0.1605351170568562 14
1718547985436 0.1605351170568562 15
1718547990535 0.1605351170568562 16
1718547995067 0.1605351170568562 17
1718547999633 0.1605351170568562 18
1718548004185 0.1605351170568562 19
1718548008731 0.1605351170568562 20
1718548013201 0.1605351170568562 21
1718548017766 0.1605351170568562 22
1718548022612 0.1605351170568562 23
1718548027837 0.1605351170568562 24
1718548033093 0.1605351170568562 25
1718548038507 0.1605351170568562 26
1718548043040 0.1605351170568562 27
1718548047557 0.1605351170568562 28
1718548052091 0.1605351170568562 29
1718548056506 0.1605351170568562 30
1718548061021 0.1605351170568562 31
1718548065653 0.1605351170568562 32
1718548070469 0.1605351170568562 33
1718548075018 0.1605351170568562 34
1718548079567 0.1605351170568562 35
1718548084584 0.1605351170568562 36
1718548089865 0.1605351170568562 37
1718548095242 0.1605351170568562 38
1718548100413 0.1605351170568562 39
1718548104946 0.1605351170568562 40
1718548109411 0.1605351170568562 41
1718548114094 0.1605351170568562 42
1718548118460 0.1605351170568562 43
1718548123196 0.1605351170568562 44
1718548127841 0.1605351170568562 45
1718548132311 0.1605351170568562 46
1718548136840 0.1605351170568562 47
1718548141491 0.1605351170568562 48
1718548146771 0.1605351170568562 49
