1718550556680 nan 0
1718550561643 nan 1
1718550566246 nan 2
1718550570727 nan 3
1718550575160 nan 4
1718550579625 nan 5
1718550584094 nan 6
1718550588674 nan 7
1718550593273 nan 8
1718550597888 nan 9
1718550602808 nan 10
1718550608206 nan 11
1718550613435 nan 12
1718550618765 nan 13
1718550623457 nan 14
1718550627959 nan 15
1718550632615 nan 16
1718550637147 nan 17
1718550641746 nan 18
1718550646379 nan 19
1718550650877 nan 20
1718550655444 nan 21
1718550659976 nan 22
1718550665042 nan 23
1718550670324 nan 24
1718550675556 nan 25
1718550680789 nan 26
1718550685372 nan 27
1718550689924 nan 28
1718550694470 nan 29
1718550699052 nan 30
1718550703534 nan 31
1718550708057 nan 32
1718550712482 nan 33
1718550717032 nan 34
1718550721531 nan 35
1718550726746 nan 36
1718550731912 nan 37
1718550737261 nan 38
1718550742060 nan 39
1718550746576 nan 40
1718550751092 nan 41
1718550755491 nan 42
1718550760071 nan 43
1718550764589 nan 44
1718550769455 nan 45
1718550774021 nan 46
1718550778703 nan 47
1718550783683 nan 48
1718550788968 nan 49
