1718437675244 nan 0
1718437677342 nan 1
1718437679443 nan 2
1718437681548 nan 3
1718437684314 nan 4
1718437687408 nan 5
1718437690441 nan 6
1718437693174 nan 7
1718437695973 nan 8
1718437698075 nan 9
1718437700189 nan 10
1718437702305 nan 11
1718437704405 nan 12
1718437706504 nan 13
1718437708622 nan 14
1718437710673 nan 15
1718437712787 nan 16
1718437714903 nan 17
1718437717037 nan 18
1718437719185 nan 19
1718437721301 nan 20
1718437723418 nan 21
1718437725519 nan 22
1718437727636 nan 23
1718437729800 nan 24
1718437732039 nan 25
1718437734082 nan 26
1718437736165 nan 27
1718437738284 nan 28
1718437740498 nan 29
1718437742847 nan 30
1718437745748 nan 31
1718437748630 nan 32
1718437751429 nan 33
1718437754212 nan 34
1718437756680 nan 35
1718437758811 nan 36
1718437760927 nan 37
1718437763043 nan 38
1718437765246 nan 39
1718437767383 nan 40
1718437769492 nan 41
1718437771582 nan 42
1718437773644 nan 43
1718437775724 nan 44
1718437777809 nan 45
1718437780223 nan 46
1718437782465 nan 47
1718437784538 nan 48
1718437786622 nan 49
