1718329429735 0.2571428571428571 0
1718329430092 0.2857142857142857 1
1718329430403 0.2 2
1718329430701 0.42857142857142855 3
1718329431029 0.4 4
1718329431333 0.2857142857142857 5
1718329431634 0.17142857142857143 6
1718329431945 0.17142857142857143 7
1718329432247 0.17142857142857143 8
1718329432554 0.2 9
1718329432859 0.17142857142857143 10
1718329433151 0.3142857142857143 11
1718329433445 0.2571428571428571 12
1718329433742 0.3142857142857143 13
1718329434042 0.3142857142857143 14
1718329434336 0.17142857142857143 15
1718329434633 0.2571428571428571 16
1718329434959 0.2 17
1718329435282 0.34285714285714286 18
1718329435643 0.17142857142857143 19
1718329435983 0.17142857142857143 20
1718329436338 0.22857142857142856 21
1718329436657 0.2857142857142857 22
1718329436971 0.17142857142857143 23
1718329437299 0.17142857142857143 24
1718329437600 0.11428571428571428 25
1718329437905 0.17142857142857143 26
1718329438214 0.2 27
1718329438571 0.2 28
1718329438870 0.08571428571428572 29
1718329439177 0.22857142857142856 30
1718329439485 0.2 31
1718329439800 0.11428571428571428 32
1718329440128 0.14285714285714285 33
1718329440434 0.11428571428571428 34
1718329440751 0.11428571428571428 35
1718329441160 0.14285714285714285 36
1718329441461 0.08571428571428572 37
1718329441756 0.08571428571428572 38
1718329442059 0.08571428571428572 39
1718329442432 0.08571428571428572 40
1718329442764 0.08571428571428572 41
1718329443118 0.08571428571428572 42
1718329443451 0.08571428571428572 43
1718329443753 0.08571428571428572 44
1718329444060 0.08571428571428572 45
1718329444361 0.08571428571428572 46
1718329444667 0.08571428571428572 47
1718329444970 0.2 48
1718329445272 0.22857142857142856 49
