1718584821539 0.5232049572634945 0
1718584823024 0.9201894148018281 1
1718584824384 -0.36605047125559675 2
1718584825776 0.38196038884417804 3
1718584827136 0.3229225085418941 4
1718584828416 0.2416187974997963 5
1718584829690 0.1363107363922138 6
1718584830841 0.4489787017420266 7
1718584831918 -1.4713645243957432 8
1718584832931 0.5451115345803932 9
1718584833971 0.5129470057155361 10
1718584835004 0.5901857097727956 11
1718584836108 0.5887561325760573 12
1718584837319 -0.9607637740540214 13
1718584838316 0.4322322986477478 14
1718584839137 0.43575110565154906 15
1718584840030 0.5338919962735695 16
1718584841002 0.3602661797764184 17
1718584841875 0.4985010222254269 18
1718584842715 -0.4215329486096624 19
1718584843590 0.5561306645351531 20
1718584844449 0.37867683315104594 21
1718584845292 0.2261178840452165 22
1718584846232 0.52403908690302 23
1718584847149 0.3007015596817437 24
1718584848092 0.5937833767544354 25
1718584848980 0.21223798713658226 26
1718584849877 0.48397367691249693 27
1718584850816 -0.4337495492222838 28
1718584851739 -0.24719616088701146 29
1718584852627 0.43726413479653603 30
1718584853903 -0.9470801285519856 31
1718584854985 0.36115671158483886 32
1718584856251 0.3938171954944307 33
1718584857162 0.572637246359748 34
1718584858076 0.45475741451221197 35
1718584859013 0.22818186658100537 36
1718584859959 0.5467846630548037 37
1718584860922 0.32838306101885717 38
1718584861851 -0.22702116953577178 39
1718584863563 -3.807624785083821 40
1718584865250 0.3717193878354772 41
1718584866815 0.6160985254179239 42
1718584868080 -1.0208508439971982 43
1718584869273 -0.31344922239399775 44
1718584870520 0.48655672485286017 45
1718584872174 0.43837446079487075 46
1718584873546 0.5958280525073807 47
1718584874976 0.3162672516583638 48
1718584876366 -1.1013373355825578 49
