1718370842292 5.7296013832092285 0
1718370844751 5.7296013832092285 1
1718370847043 5.202324867248535 2
1718370849226 4.62269401550293 3
1718370851501 4.62269401550293 4
1718370853689 4.62269401550293 5
1718370855851 4.6226935386657715 6
1718370858064 5.202324867248535 7
1718370860157 4.62269401550293 8
1718370862401 4.036442756652832 9
1718370864519 4.036442756652832 10
1718370866730 4.03644323348999 11
1718370868927 3.5384364128112793 12
1718370871113 3.5384366512298584 13
1718370873415 3.5384366512298584 14
1718370875641 3.5384366512298584 15
1718370877839 3.5384366512298584 16
1718370880086 4.03644323348999 17
1718370882375 3.5384366512298584 18
1718370884587 3.1806440353393555 19
1718370886817 2.9162003993988037 20
1718370889001 3.1806440353393555 21
1718370891232 2.9162003993988037 22
1718370893444 2.9162001609802246 23
1718370895518 3.1806440353393555 24
1718370897746 7.288876533508301 25
1718370899870 9.049298286437988 26
1718370902112 10.70818042755127 27
1718370904928 10.593085289001465 28
1718370907244 10.591009140014648 29
1718370909517 10.590103149414062 30
1718370911742 10.586874961853027 31
1718370913981 10.584754943847656 32
1718370916225 10.583393096923828 33
1718370918465 10.582263946533203 34
1718370920569 10.581075668334961 35
1718370922767 10.579756736755371 36
1718370924807 10.57841682434082 37
1718370927056 10.577238082885742 38
1718370929283 10.57632064819336 39
1718370931407 10.575681686401367 40
1718370933637 10.575287818908691 41
1718370935863 10.5750732421875 42
1718370938104 8.627676010131836 43
1718370940320 8.63156509399414 44
1718370942517 8.63156509399414 45
1718370944636 8.63156509399414 46
1718370946849 8.631566047668457 47
1718370949085 8.631566047668457 48
1718370951228 8.63156509399414 49
