1718445382310 0.18181818181818182 0
1718445383094 0.18181818181818182 1
1718445383891 0.18181818181818182 2
1718445384610 0.18181818181818182 3
1718445385359 0.18181818181818182 4
1718445386026 0.18181818181818182 5
1718445386662 0.18181818181818182 6
1718445387279 0.18181818181818182 7
1718445387909 0.18181818181818182 8
1718445388563 0.18181818181818182 9
1718445389226 0.18181818181818182 10
1718445389959 0.18181818181818182 11
1718445390642 0.18181818181818182 12
1718445391292 0.18181818181818182 13
1718445391976 0.18181818181818182 14
1718445392627 0.18181818181818182 15
1718445393278 0.18181818181818182 16
1718445393925 0.18181818181818182 17
1718445394585 0.18181818181818182 18
1718445395245 0.18181818181818182 19
1718445395891 0.18181818181818182 20
1718445396524 0.18181818181818182 21
1718445397124 0.18181818181818182 22
1718445397741 0.18181818181818182 23
1718445398344 0.18181818181818182 24
1718445398974 0.18181818181818182 25
1718445399607 0.18181818181818182 26
1718445400290 0.18181818181818182 27
1718445400940 0.18181818181818182 28
1718445401574 0.18181818181818182 29
1718445402173 0.18181818181818182 30
1718445402790 0.18181818181818182 31
1718445403406 0.18181818181818182 32
1718445404023 0.18181818181818182 33
1718445404639 0.18181818181818182 34
1718445405264 0.18181818181818182 35
1718445405872 0.18181818181818182 36
1718445406472 0.18181818181818182 37
1718445407105 0.18181818181818182 38
1718445407722 0.18181818181818182 39
1718445408322 0.18181818181818182 40
1718445408989 0.18181818181818182 41
1718445409606 0.18181818181818182 42
1718445410240 0.18181818181818182 43
1718445410860 0.18181818181818182 44
1718445411462 0.18181818181818182 45
1718445412071 0.18181818181818182 46
1718445412688 0.18181818181818182 47
1718445413304 0.18181818181818182 48
1718445413921 0.18181818181818182 49
