1718330132787 0.11428571428571428 0
1718330133203 0.11428571428571428 1
1718330133553 0.11428571428571428 2
1718330133869 0.11428571428571428 3
1718330134164 0.11428571428571428 4
1718330134458 0.11428571428571428 5
1718330134747 0.11428571428571428 6
1718330135045 0.11428571428571428 7
1718330135346 0.11428571428571428 8
1718330135637 0.11428571428571428 9
1718330135930 0.11428571428571428 10
1718330136224 0.11428571428571428 11
1718330136523 0.11428571428571428 12
1718330136815 0.11428571428571428 13
1718330137111 0.11428571428571428 14
1718330137414 0.11428571428571428 15
1718330137708 0.11428571428571428 16
1718330138037 0.11428571428571428 17
1718330138351 0.11428571428571428 18
1718330138640 0.11428571428571428 19
1718330138929 0.11428571428571428 20
1718330139232 0.11428571428571428 21
1718330139526 0.11428571428571428 22
1718330139827 0.11428571428571428 23
1718330140142 0.11428571428571428 24
1718330140454 0.11428571428571428 25
1718330140745 0.11428571428571428 26
1718330141069 0.11428571428571428 27
1718330141510 0.11428571428571428 28
1718330141815 0.11428571428571428 29
1718330142233 0.11428571428571428 30
1718330142545 0.11428571428571428 31
1718330142843 0.11428571428571428 32
1718330143143 0.11428571428571428 33
1718330143464 0.11428571428571428 34
1718330143772 0.11428571428571428 35
1718330144073 0.11428571428571428 36
1718330144389 0.11428571428571428 37
1718330144689 0.11428571428571428 38
1718330144992 0.11428571428571428 39
1718330145301 0.11428571428571428 40
1718330145623 0.11428571428571428 41
1718330145921 0.11428571428571428 42
1718330146229 0.11428571428571428 43
1718330146526 0.11428571428571428 44
1718330146830 0.11428571428571428 45
1718330147127 0.11428571428571428 46
1718330147440 0.11428571428571428 47
1718330147747 0.11428571428571428 48
1718330148045 0.11428571428571428 49
