1718506827512 8.55139467706876 0
1718506832632 6.464140958427316 1
1718506837753 4.1862315151685205 2
1718506842844 7.6493419001352425 3
1718506847996 -17.074690069185145 4
1718506853081 9.393516533893727 5
1718506858235 -27.906420434173853 6
1718506863607 -13.814291351598326 7
1718506869692 -21.889957925821392 8
1718506875464 6.078019565080821 9
1718506880605 8.285458430094208 10
1718506885705 9.112454862501046 11
1718506890776 -6.646829161874454 12
1718506895879 -10.3073066141527 13
1718506901016 10.027022557184635 14
1718506906178 -24.19845565579657 15
1718506911257 -13.92469092560883 16
1718506916447 -24.925670282268257 17
1718506921620 -18.804037870048894 18
1718506927436 -24.870724791391574 19
1718506933059 1.0538810293361625 20
1718506938344 -6.112384931994294 21
1718506943431 2.1862793097956104 22
1718506948485 1.5007769991753648 23
1718506953539 -8.49952559257502 24
1718506958678 2.56975658905772 25
1718506963713 -12.129198836332337 26
1718506968804 8.025568632951984 27
1718506973869 7.635054679521871 28
1718506979008 -17.570645738624776 29
1718506984579 7.950704130469977 30
1718506990433 6.206965310627182 31
1718506996125 9.69967738055566 32
1718507001224 2.841615688524577 33
1718507006431 -10.430159851256036 34
1718507011518 -6.07387620160811 35
1718507016653 8.99622925180634 36
1718507021656 -8.951052170598828 37
1718507026694 9.714520069541331 38
1718507031781 5.966968196664654 39
1718507036951 -5.75151717617617 40
1718507042255 6.96409396500162 41
1718507048193 3.6409635049698963 42
1718507053864 -6.41438494711638 43
1718507059034 -27.364853047475883 44
1718507064071 -8.986302483888656 45
1718507069142 8.585303877520843 46
1718507074246 7.051789485588192 47
1718507079349 3.520755298287648 48
1718507084553 9.689463363105192 49
