1718506827568 0.10242424242424242 0
1718506832665 0.10242424242424242 1
1718506837803 0.1332393809029323 2
1718506842890 0.029560219890054973 3
1718506848027 0.10242424242424242 4
1718506853133 0.10242424242424242 5
1718506858285 0.10242424242424242 6
1718506863672 0.10242424242424242 7
1718506869743 0.10242424242424242 8
1718506875516 0.10242424242424242 9
1718506880639 0.10242424242424242 10
1718506885738 0.10242424242424242 11
1718506890827 0.10242424242424242 12
1718506895913 0.10242424242424242 13
1718506901070 0.043647712481273464 14
1718506906220 0.10242424242424242 15
1718506911307 0.10242424242424242 16
1718506916478 0.10242424242424242 17
1718506921670 0.10242424242424242 18
1718506927486 0.10242424242424242 19
1718506933107 0.10242424242424242 20
1718506938398 0.10242424242424242 21
1718506943486 0.10242424242424242 22
1718506948535 0.10242424242424242 23
1718506953597 0.10242424242424242 24
1718506958728 0.10242424242424242 25
1718506963747 0.10242424242424242 26
1718506968850 0.10242424242424242 27
1718506973905 0.10242424242424242 28
1718506979060 0.10242424242424242 29
1718506984645 0.0477044146960928 30
1718506990483 0.04082219858183215 31
1718506996171 0.10242424242424242 32
1718507001275 0.10242424242424242 33
1718507006462 0.10242424242424242 34
1718507011566 0.10242424242424242 35
1718507016703 0.0499220432362894 36
1718507021702 0.10242424242424242 37
1718507026731 0.26770747544192597 38
1718507031831 0.10242424242424242 39
1718507036989 0.10242424242424242 40
1718507042341 0.10242424242424242 41
1718507048259 0.10242424242424242 42
1718507053919 0.10242424242424242 43
1718507059075 0.10242424242424242 44
1718507064126 0.10242424242424242 45
1718507069190 0.10242424242424242 46
1718507074283 0.10242424242424242 47
1718507079383 0.10242424242424242 48
1718507084603 0.10242424242424242 49
