1718390370234 0.02255547046661377 0
1718390370471 -0.0004265308380126953 1
1718390370705 -0.006817340850830078 2
1718390370950 0.04880708456039429 3
1718390371220 -0.21287155151367188 4
1718390371459 0.05998241901397705 5
1718390371690 0.06036001443862915 6
1718390371936 0.22448259592056274 7
1718390372180 0.11949306726455688 8
1718390372416 0.050042569637298584 9
1718390372654 0.03436356782913208 10
1718390372891 0.0412447452545166 11
1718390373122 0.04946088790893555 12
1718390373356 0.04526907205581665 13
1718390373588 0.004959404468536377 14
1718390373817 -0.09407061338424683 15
1718390374082 0.0428239107131958 16
1718390374352 -0.028715550899505615 17
1718390374601 0.07300394773483276 18
1718390374828 0.10243803262710571 19
1718390375074 0.021334588527679443 20
1718390375309 -0.12591981887817383 21
1718390375749 0.15050917863845825 22
1718390375982 0.125984787940979 23
1718390376221 -0.08823812007904053 24
1718390376454 0.10867208242416382 25
1718390376691 0.06277608871459961 26
1718390376927 0.008916020393371582 27
1718390377165 0.016045570373535156 28
1718390377396 0.06592261791229248 29
1718390377650 0.07861107587814331 30
1718390377889 0.07464379072189331 31
1718390378140 -0.000747978687286377 32
1718390378374 -0.013685882091522217 33
1718390378601 -0.22280073165893555 34
1718390378840 0.17190557718276978 35
1718390379100 0.06741732358932495 36
1718390379350 0.039204537868499756 37
1718390379592 0.05765193700790405 38
1718390379831 -0.022692322731018066 39
1718390380083 -0.0769844651222229 40
1718390380333 0.1805589199066162 41
1718390380573 0.026730775833129883 42
1718390380814 0.06559669971466064 43
1718390381063 -0.09045809507369995 44
1718390381306 0.07555657625198364 45
1718390381549 0.027158737182617188 46
1718390381786 0.10644000768661499 47
1718390382037 -0.024610400199890137 48
1718390382284 0.057922422885894775 49
