1718450629728 nan 0
1718450633664 nan 1
1718450637709 nan 2
1718450642061 nan 3
1718450647024 nan 4
1718450651677 nan 5
1718450656423 nan 6
1718450661038 nan 7
1718450665454 nan 8
1718450669353 nan 9
1718450673269 nan 10
1718450677152 nan 11
1718450681017 nan 12
1718450684954 nan 13
1718450688818 nan 14
1718450692765 nan 15
1718450696631 nan 16
1718450700647 nan 17
1718450705063 nan 18
1718450709812 nan 19
1718450714478 nan 20
1718450719160 nan 21
1718450723727 nan 22
1718450727725 nan 23
1718450731624 nan 24
1718450735573 nan 25
1718450739423 nan 26
1718450743339 nan 27
1718450747240 nan 28
1718450751170 nan 29
1718450755236 nan 30
1718450759102 nan 31
1718450763205 nan 32
1718450767823 nan 33
1718450772350 nan 34
1718450776899 nan 35
1718450781448 nan 36
1718450785797 nan 37
1718450789679 nan 38
1718450793629 nan 39
1718450797528 nan 40
1718450801394 nan 41
1718450805260 nan 42
1718450809126 nan 43
1718450813059 nan 44
1718450816941 nan 45
1718450820807 nan 46
1718450825289 nan 47
1718450829905 nan 48
1718450834621 nan 49
