1718415695670 0.11370468139648438 0
1718415696003 -0.09044766426086426 1
1718415696353 -0.05950188636779785 2
1718415696719 -0.07555007934570312 3
1718415697019 -0.013030052185058594 4
1718415697370 -0.05942845344543457 5
1718415697686 -0.06552314758300781 6
1718415698002 -0.0067882537841796875 7
1718415698352 0.4979090690612793 8
1718415698671 1.0973737239837646 9
1718415698986 -0.013875484466552734 10
1718415699319 -0.1373615264892578 11
1718415699636 0.029985427856445312 12
1718415699968 -0.025377750396728516 13
1718415700319 -0.08553147315979004 14
1718415700635 -0.08920478820800781 15
1718415700952 -0.0616917610168457 16
1718415701319 -0.3758113384246826 17
1718415701652 -0.0317075252532959 18
1718415701970 -0.0743093490600586 19
1718415702335 0.01936483383178711 20
1718415702671 -0.03359341621398926 21
1718415703002 -0.0683596134185791 22
1718415703352 -0.026626110076904297 23
1718415703685 -0.015850543975830078 24
1718415704018 -0.03128671646118164 25
1718415704402 6.457097053527832 26
1718415704735 -0.05269193649291992 27
1718415705051 0.726776123046875 28
1718415705451 -0.07396459579467773 29
1718415705772 -0.022185325622558594 30
1718415706084 -0.04509902000427246 31
1718415706436 -0.07406377792358398 32
1718415706768 0.004712343215942383 33
1718415707085 -0.026404380798339844 34
1718415707434 -0.022056102752685547 35
1718415707773 -0.04434633255004883 36
1718415708101 0.5786194801330566 37
1718415708434 -0.4519994258880615 38
1718415708767 -0.09782075881958008 39
1718415709087 -0.09501266479492188 40
1718415709417 -0.06846380233764648 41
1718415709751 0.007556438446044922 42
1718415710074 0.07252788543701172 43
1718415710417 -0.04966592788696289 44
1718415710750 -0.09153270721435547 45
1718415711074 -1.384648084640503 46
1718415711432 -0.03910541534423828 47
1718415711750 -0.03503918647766113 48
1718415712083 -0.053526878356933594 49
