1718371546662 0.0 0
1718371547304 0.0 1
1718371547944 0.0 2
1718371548579 0.0 3
1718371549222 0.0 4
1718371549874 0.0 5
1718371550563 0.0 6
1718371551253 0.0 7
1718371551959 0.0 8
1718371552622 0.0 9
1718371553277 0.0 10
1718371553936 0.0 11
1718371554608 0.0 12
1718371555274 0.0 13
1718371555932 0.0 14
1718371556595 0.0 15
1718371557222 0.0 16
1718371557901 0.0 17
1718371558575 0.0 18
1718371559213 0.0 19
1718371559869 0.0 20
1718371560529 0.0 21
1718371561174 0.0 22
1718371561830 0.0 23
1718371562584 0.0 24
1718371563384 0.0 25
1718371564106 0.0 26
1718371564839 0.0 27
1718371565544 0.0 28
1718371566234 0.0 29
1718371566958 0.0 30
1718371567680 0.0 31
1718371568416 1.0 32
1718371569043 0.0 33
1718371569702 0.0 34
1718371570346 0.0 35
1718371570980 0.0 36
1718371571619 0.0 37
1718371572250 0.0 38
1718371572927 0.0 39
1718371573553 0.0 40
1718371574197 0.0 41
1718371574840 0.0 42
1718371575487 0.0 43
1718371576114 0.0 44
1718371576773 0.0 45
1718371577400 0.0 46
1718371578043 0.0 47
1718371578702 0.0 48
1718371579329 0.0 49
