1718371546536 2.1528923511505127 0
1718371547179 2.1340537071228027 1
1718371547829 2.232750654220581 2
1718371548469 1.7825359106063843 3
1718371549112 2.1645731925964355 4
1718371549764 2.194051742553711 5
1718371550448 2.217252016067505 6
1718371551127 2.1203510761260986 7
1718371551848 1.9067977666854858 8
1718371552506 2.268066883087158 9
1718371553154 2.088874101638794 10
1718371553822 2.1361312866210938 11
1718371554497 2.3588321208953857 12
1718371555145 2.110534906387329 13
1718371555821 2.261605739593506 14
1718371556485 2.2978360652923584 15
1718371557112 2.3274271488189697 16
1718371557774 2.1534910202026367 17
1718371558458 1.912351369857788 18
1718371559101 2.3397488594055176 19
1718371559750 2.243885040283203 20
1718371560408 2.244781494140625 21
1718371561061 2.311265468597412 22
1718371561715 2.3112213611602783 23
1718371562411 2.279193878173828 24
1718371563243 1.9359586238861084 25
1718371563968 2.279139995574951 26
1718371564698 2.3746964931488037 27
1718371565403 2.1011173725128174 28
1718371566109 2.3112659454345703 29
1718371566817 2.2791690826416016 30
1718371567538 2.3112621307373047 31
1718371568244 2.0709738731384277 32
1718371568934 2.373201370239258 33
1718371569593 2.09301495552063 34
1718371570236 2.3373451232910156 35
1718371570879 2.3112616539001465 36
1718371571493 2.399461030960083 37
1718371572136 2.2110915184020996 38
1718371572801 2.076017379760742 39
1718371573444 2.2791521549224854 40
1718371574071 2.2315802574157715 41
1718371574730 1.7910534143447876 42
1718371575361 2.2813563346862793 43
1718371576005 2.204665422439575 44
1718371576648 2.203254222869873 45
1718371577275 2.282477855682373 46
1718371577934 2.3589518070220947 47
1718371578576 2.3112621307373047 48
1718371579220 2.2038731575012207 49
