1718534786500 0.10242424242424242 0
1718534789252 0.10242424242424242 1
1718534792216 0.10242424242424242 2
1718534794882 0.10242424242424242 3
1718534797581 0.10242424242424242 4
1718534800381 0.10242424242424242 5
1718534803266 0.10242424242424242 6
1718534806200 0.10242424242424242 7
1718534808940 0.10242424242424242 8
1718534811662 0.10242424242424242 9
1718534814412 0.10242424242424242 10
1718534817144 0.10242424242424242 11
1718534819894 0.10242424242424242 12
1718534822926 0.10242424242424242 13
1718534826626 0.10242424242424242 14
1718534830226 0.10242424242424242 15
1718534833558 0.10242424242424242 16
1718534836307 0.10242424242424242 17
1718534839023 0.10242424242424242 18
1718534841725 0.10242424242424242 19
1718534844535 0.10242424242424242 20
1718534847421 0.10242424242424242 21
1718534850272 0.10242424242424242 22
1718534853003 0.10242424242424242 23
1718534855772 0.10242424242424242 24
1718534858445 0.10242424242424242 25
1718534861388 0.10242424242424242 26
1718534864148 0.10242424242424242 27
1718534866868 0.10242424242424242 28
1718534869567 0.10242424242424242 29
1718534872533 0.10242424242424242 30
1718534875253 0.10242424242424242 31
1718534877966 0.10242424242424242 32
1718534880815 0.10242424242424242 33
1718534884140 0.10242424242424242 34
1718534887829 0.10242424242424242 35
1718534891446 0.10242424242424242 36
1718534894546 0.10242424242424242 37
1718534897434 0.10242424242424242 38
1718534900144 0.10242424242424242 39
1718534902863 0.10242424242424242 40
1718534905566 0.10242424242424242 41
1718534908326 0.10242424242424242 42
1718534911145 0.10242424242424242 43
1718534913916 0.10242424242424242 44
1718534916641 0.10242424242424242 45
1718534919307 0.10242424242424242 46
1718534922057 0.10242424242424242 47
1718534924758 0.10242424242424242 48
1718534927472 0.10242424242424242 49
