1718524341802 0.16870144284128746 0
1718524342262 0.16870144284128746 1
1718524342723 0.16870144284128746 2
1718524343193 0.16870144284128746 3
1718524343724 0.16870144284128746 4
1718524344223 0.16870144284128746 5
1718524344705 0.16870144284128746 6
1718524345205 0.16870144284128746 7
1718524345705 0.16870144284128746 8
1718524346158 0.16870144284128746 9
1718524346592 0.16870144284128746 10
1718524347055 0.16870144284128746 11
1718524347505 0.16870144284128746 12
1718524347990 0.16870144284128746 13
1718524348455 0.16870144284128746 14
1718524348955 0.16870144284128746 15
1718524349454 0.16870144284128746 16
1718524349925 0.16870144284128746 17
1718524350388 0.16870144284128746 18
1718524350854 0.16870144284128746 19
1718524351326 0.16870144284128746 20
1718524351771 0.16870144284128746 21
1718524352227 0.16870144284128746 22
1718524352670 0.16870144284128746 23
1718524353137 0.16870144284128746 24
1718524353604 0.16870144284128746 25
1718524354103 0.16870144284128746 26
1718524354572 0.16870144284128746 27
1718524355040 0.16870144284128746 28
1718524355503 0.16870144284128746 29
1718524355970 0.16870144284128746 30
1718524356439 0.16870144284128746 31
1718524356870 0.16870144284128746 32
1718524357286 0.16870144284128746 33
1718524357755 0.16870144284128746 34
1718524358203 0.16870144284128746 35
1718524358706 0.16870144284128746 36
1718524359201 0.16870144284128746 37
1718524359672 0.16870144284128746 38
1718524360120 0.16870144284128746 39
1718524360568 0.16870144284128746 40
1718524361038 0.16870144284128746 41
1718524361487 0.16870144284128746 42
1718524361919 0.16870144284128746 43
1718524362369 0.16870144284128746 44
1718524362838 0.16870144284128746 45
1718524363270 0.16870144284128746 46
1718524363703 0.16870144284128746 47
1718524364138 0.16870144284128746 48
1718524364585 0.16870144284128746 49
