1718494351476 0.18242424242424243 0
1718494351793 0.10848484848484849 1
1718494352110 0.11575757575757575 2
1718494352443 0.22606060606060607 3
1718494352776 0.20606060606060606 4
1718494353077 0.17757575757575758 5
1718494353407 0.10848484848484849 6
1718494353724 0.2224242424242424 7
1718494354045 0.19818181818181818 8
1718494354341 0.10909090909090909 9
1718494354675 0.13696969696969696 10
1718494355141 0.1812121212121212 11
1718494355458 0.09212121212121212 12
1718494355759 0.16303030303030303 13
1718494356092 0.2012121212121212 14
1718494356409 0.1618181818181818 15
1718494356712 0.09212121212121212 16
1718494357060 0.10848484848484849 17
1718494357377 0.10848484848484849 18
1718494357710 0.16545454545454547 19
1718494358027 0.2084848484848485 20
1718494358331 0.11515151515151516 21
1718494358626 0.0993939393939394 22
1718494358944 0.20484848484848484 23
1718494359245 0.1096969696969697 24
1718494359545 0.09212121212121212 25
1718494359845 0.09212121212121212 26
1718494360161 0.10848484848484849 27
1718494360462 0.10848484848484849 28
1718494360762 0.09212121212121212 29
1718494361079 0.19757575757575757 30
1718494361396 0.19575757575757577 31
1718494361726 0.20545454545454545 32
1718494362030 0.10848484848484849 33
1718494362330 0.09212121212121212 34
1718494362634 0.09151515151515152 35
1718494362947 0.09212121212121212 36
1718494363264 0.17575757575757575 37
1718494363581 0.2006060606060606 38
1718494363881 0.19454545454545455 39
1718494364182 0.10848484848484849 40
1718494364499 0.09151515151515152 41
1718494364816 0.10848484848484849 42
1718494365143 0.10787878787878788 43
1718494365439 0.10909090909090909 44
1718494365736 0.08727272727272728 45
1718494366050 0.18181818181818182 46
1718494366371 0.20606060606060606 47
1718494366687 0.10848484848484849 48
1718494367000 0.1484848484848485 49
