1718532836667 1.0 0
1718532837134 1.0 1
1718532837634 1.0 2
1718532838084 1.0 3
1718532838560 0.7151515151515152 4
1718532839034 1.0 5
1718532839517 1.0 6
1718532839986 1.0 7
1718532840517 1.0 8
1718532841016 1.0 9
1718532841516 1.0 10
1718532842055 1.0 11
1718532842717 1.0 12
1718532843386 1.0 13
1718532844067 1.0 14
1718532844699 1.0 15
1718532845316 1.0 16
1718532845932 1.0 17
1718532846515 1.0 18
1718532847131 1.0 19
1718532847715 1.0 20
1718532848382 1.0 21
1718532849015 1.0 22
1718532849681 1.0 23
1718532850315 1.0 24
1718532850937 1.0 25
1718532851533 1.0 26
1718532852148 1.0 27
1718532852739 1.0 28
1718532853347 0.5247524752475248 29
1718532853935 0.49834983498349833 30
1718532854549 1.0 31
1718532855083 0.45896656534954405 32
1718532855614 1.0 33
1718532856147 0.470404984423676 34
1718532856680 1.0 35
1718532857197 1.0 36
1718532857746 0.53125 37
1718532858280 1.0 38
1718532858763 1.0 39
1718532859236 1.0 40
1718532859742 0.46504559270516715 41
1718532860244 1.0 42
1718532860732 1.0 43
1718532861238 1.0 44
1718532861695 0.5233644859813084 45
1718532862179 1.0 46
1718532862679 1.0 47
1718532863162 1.0 48
1718532863645 1.0 49
