1718585329540 0.1676846196557468 0
1718585330070 0.1676846196557468 1
1718585330550 0.12452040815892843 2
1718585331039 0.19573537452159653 3
1718585331556 0.1676846196557468 4
1718585332052 0.10622969299118097 5
1718585332536 0.1858163826278175 6
1718585333050 0.1676846196557468 7
1718585333535 0.1947483588621444 8
1718585334021 0.1676846196557468 9
1718585334521 0.1676846196557468 10
1718585335021 0.16870144284128746 11
1718585335533 0.09882977308719884 12
1718585336039 0.19573537452159653 13
1718585336540 0.1947483588621444 14
1718585337082 0.1676846196557468 15
1718585337583 0.287819874283968 16
1718585338070 0.11351884822416532 17
1718585338565 0.1947483588621444 18
1718585339051 0.1676846196557468 19
1718585339578 0.32599246592225967 20
1718585340087 0.1676846196557468 21
1718585340597 0.19573537452159653 22
1718585341084 0.1676846196557468 23
1718585341590 0.1753540650433464 24
1718585342096 0.19573537452159653 25
1718585343074 0.14141938366624565 26
1718585344113 0.1676846196557468 27
1718585345060 0.11246309816166802 28
1718585345883 0.1676846196557468 29
1718585346633 0.1676846196557468 30
1718585347383 0.19573537452159653 31
1718585348127 0.16870144284128746 32
1718585348854 0.27793078831518503 33
1718585349641 0.1676846196557468 34
1718585350395 0.11997508025149284 35
1718585351157 0.16870144284128746 36
1718585351898 0.38211476466795613 37
1718585352647 0.1858163826278175 38
1718585353415 0.1676846196557468 39
1718585354161 0.1676846196557468 40
1718585354920 0.19573537452159653 41
1718585355690 0.10806225864656582 42
1718585356596 0.1676846196557468 43
1718585357364 0.1676846196557468 44
1718585358113 0.16870144284128746 45
1718585358910 0.1676846196557468 46
1718585359662 0.08426744130180096 47
1718585360431 0.1676846196557468 48
1718585361180 0.1676846196557468 49
