1718427919164 2.2967286109924316 0
1718427919414 2.283351182937622 1
1718427919681 2.2875571250915527 2
1718427919963 2.3592076301574707 3
1718427920230 2.3075599670410156 4
1718427920499 2.2986018657684326 5
1718427920747 2.2968270778656006 6
1718427920981 2.290623426437378 7
1718427921234 2.237307548522949 8
1718427921481 2.3063480854034424 9
1718427921730 2.280385971069336 10
1718427921981 2.346327304840088 11
1718427922247 2.3787903785705566 12
1718427922497 2.30136775970459 13
1718427922763 2.2999072074890137 14
1718427923013 2.2999024391174316 15
1718427923281 2.297614812850952 16
1718427923550 2.288661241531372 17
1718427923830 2.2675888538360596 18
1718427924081 2.3083133697509766 19
1718427924581 2.300276041030884 20
1718427924796 2.2867519855499268 21
1718427925013 2.3191614151000977 22
1718427925216 2.533416986465454 23
1718427925433 2.9776155948638916 24
1718427925663 3.0220987796783447 25
1718427925881 2.4769904613494873 26
1718427926113 2.3517587184906006 27
1718427926330 2.274904489517212 28
1718427926563 2.2205214500427246 29
1718427926796 2.307382822036743 30
1718427927046 2.287684679031372 31
1718427927296 2.3082356452941895 32
1718427927549 2.271606683731079 33
1718427927783 2.2840590476989746 34
1718427927999 2.303744316101074 35
1718427928212 2.3281145095825195 36
1718427928446 2.3824071884155273 37
1718427928663 2.509033679962158 38
1718427928896 2.3099825382232666 39
1718427929112 2.305011510848999 40
1718427929345 2.3003103733062744 41
1718427929585 2.2917916774749756 42
1718427929833 2.2803456783294678 43
1718427930085 2.3841745853424072 44
1718427930312 2.7607319355010986 45
1718427930549 2.7955708503723145 46
1718427930778 4.387753486633301 47
1718427931012 2.3760643005371094 48
1718427931229 2.2979485988616943 49
