1718383154479 0.13716542720794678 0
1718383154795 0.4927867650985718 1
1718383155126 0.29458725452423096 2
1718383155500 -0.1178656816482544 3
1718383155826 0.15008866786956787 4
1718383156159 0.11616134643554688 5
1718383156475 0.11411106586456299 6
1718383156799 0.03244173526763916 7
1718383157123 0.04439401626586914 8
1718383157444 0.10668313503265381 9
1718383157763 -0.017870426177978516 10
1718383158082 -0.017325639724731445 11
1718383158404 -0.3300071954727173 12
1718383158723 -0.3500121831893921 13
1718383159057 -0.03222799301147461 14
1718383159388 0.37355971336364746 15
1718383159713 0.10907375812530518 16
1718383160046 -0.14819705486297607 17
1718383160386 -0.23010683059692383 18
1718383160706 -0.38091254234313965 19
1718383161035 0.02517986297607422 20
1718383161376 0.18637609481811523 21
1718383161705 0.029237985610961914 22
1718383162030 0.09899282455444336 23
1718383162372 0.2382204532623291 24
1718383162721 -0.14861845970153809 25
1718383163042 -0.18052101135253906 26
1718383163418 0.08473968505859375 27
1718383163745 -0.5700377225875854 28
1718383164070 -0.00945425033569336 29
1718383164416 -0.17478883266448975 30
1718383164740 0.15055406093597412 31
1718383165052 -0.8067770004272461 32
1718383165400 -0.00013756752014160156 33
1718383165745 -0.0077991485595703125 34
1718383166070 0.04764413833618164 35
1718383166417 0.0376276969909668 36
1718383166747 -0.14040720462799072 37
1718383167075 0.18329238891601562 38
1718383167409 0.030149340629577637 39
1718383167736 -0.05335354804992676 40
1718383168073 -0.15596258640289307 41
1718383168413 0.06438887119293213 42
1718383168762 -0.1487259864807129 43
1718383169088 -0.28513240814208984 44
1718383169432 -0.1557612419128418 45
1718383169763 0.03515756130218506 46
1718383170084 0.029435396194458008 47
1718383170403 -0.06725990772247314 48
1718383170721 -0.04004776477813721 49
