1718383154527 0.5469135802469136 0
1718383154847 0.4265993265993266 1
1718383155183 0.4779556192599671 2
1718383155553 0.2842740120622918 3
1718383155879 0.610576923076923 4
1718383156209 0.4639118457300276 5
1718383156527 0.4271515151515151 6
1718383156847 0.4906410256410257 7
1718383157178 0.4369488536155203 8
1718383157495 0.6010101010101011 9
1718383157811 0.3605047126786257 10
1718383158136 0.45673693351711925 11
1718383158457 0.25389978213507625 12
1718383158787 0.34403880070546733 13
1718383159109 0.4242713807931199 14
1718383159439 0.5020631148082129 15
1718383159766 0.49753949753949755 16
1718383160096 0.4058641975308642 17
1718383160436 0.43606701940035264 18
1718383160756 0.08333333333333333 19
1718383161087 0.4495583364004417 20
1718383161428 0.5576007326007326 21
1718383161759 0.21260221260221257 22
1718383162078 0.5638542285601109 23
1718383162424 0.22101449275362317 24
1718383162773 0.20512820512820512 25
1718383163092 0.39987179487179486 26
1718383163470 0.4685064935064934 27
1718383163798 0.29368279569892475 28
1718383164123 0.34518518518518515 29
1718383164467 0.28174603174603174 30
1718383164792 0.672471887305647 31
1718383165103 0.3846153846153846 32
1718383165451 0.20512820512820512 33
1718383165792 0.20512820512820512 34
1718383166123 0.14789915966386555 35
1718383166470 0.45408305462653287 36
1718383166799 0.35254745254745257 37
1718383167129 0.4970355731225296 38
1718383167461 0.41153964533465914 39
1718383167788 0.3789473684210526 40
1718383168127 0.27349624060150374 41
1718383168463 0.21400346534036377 42
1718383168814 0.40177133655394526 43
1718383169142 0.39661208356860533 44
1718383169483 0.2571428571428571 45
1718383169815 0.562049062049062 46
1718383170134 0.478395061728395 47
1718383170450 0.1971014492753623 48
1718383170772 0.4173789173789173 49
