1718392772144 0.3004830917874396 0
1718392772519 0.3004830917874396 1
1718392772887 0.3004830917874396 2
1718392773257 0.3004830917874396 3
1718392773620 0.3004830917874396 4
1718392773961 0.3004830917874396 5
1718392774313 0.3004830917874396 6
1718392774661 0.3004830917874396 7
1718392775032 0.3004830917874396 8
1718392775447 0.3004830917874396 9
1718392775788 0.3004830917874396 10
1718392776200 0.3004830917874396 11
1718392776888 0.3004830917874396 12
1718392777297 0.3004830917874396 13
1718392777709 0.3004830917874396 14
1718392778065 0.3004830917874396 15
1718392778420 0.3004830917874396 16
1718392778802 0.3004830917874396 17
1718392779196 0.3004830917874396 18
1718392779616 0.3004830917874396 19
1718392779976 0.3004830917874396 20
1718392780353 0.3004830917874396 21
1718392780720 0.3004830917874396 22
1718392781086 0.3004830917874396 23
1718392781464 0.3004830917874396 24
1718392781844 0.3004830917874396 25
1718392782202 0.3004830917874396 26
1718392782567 0.3004830917874396 27
1718392782928 0.3004830917874396 28
1718392783288 0.3004830917874396 29
1718392783650 0.3004830917874396 30
1718392784002 0.3004830917874396 31
1718392784380 0.3004830917874396 32
1718392784762 0.3004830917874396 33
1718392785123 0.3004830917874396 34
1718392785486 0.3004830917874396 35
1718392785847 0.3004830917874396 36
1718392786241 0.20256410256410257 37
1718392786603 0.24847058823529414 38
1718392786965 0.24847058823529414 39
1718392787345 0.24847058823529414 40
1718392787726 0.24847058823529414 41
1718392788081 0.24847058823529414 42
1718392788472 0.24847058823529414 43
1718392788831 0.24847058823529414 44
1718392789211 0.24847058823529414 45
1718392789567 0.24847058823529414 46
1718392789942 0.24847058823529414 47
1718392790290 0.24847058823529414 48
1718392790671 0.24847058823529414 49
