1718551747695 1.0 0
1718551752628 1.0 1
1718551757777 1.0 2
1718551762443 1.0 3
1718551766890 1.0 4
1718551771391 1.0 5
1718551775940 1.0 6
1718551780506 1.0 7
1718551785071 1.0 8
1718551789680 1.0 9
1718551794253 1.0 10
1718551798702 1.0 11
1718551803618 1.0 12
1718551808933 1.0 13
1718551814153 1.0 14
1718551819398 1.0 15
1718551823997 1.0 16
1718551828596 1.0 17
1718551833232 1.0 18
1718551837961 1.0 19
1718551842477 1.0 20
1718551847020 1.0 21
1718551851622 1.0 22
1718551856357 1.0 23
1718551860906 1.0 24
1718551865722 1.0 25
1718551870555 1.0 26
1718551875504 1.0 27
1718551880389 1.0 28
1718551884935 1.0 29
1718551889454 1.0 30
1718551893949 1.0 31
1718551898416 1.0 32
1718551902968 1.0 33
1718551907648 1.0 34
1718551912113 1.0 35
1718551916707 1.0 36
1718551921261 1.0 37
1718551926277 1.0 38
1718551931026 1.0 39
1718551935992 1.0 40
1718551940859 1.0 41
1718551945373 1.0 42
1718551949956 1.0 43
1718551954614 1.0 44
1718551959190 1.0 45
1718551963753 1.0 46
1718551968335 1.0 47
1718551973318 1.0 48
1718551977883 1.0 49
