1718553932232 0.1605351170568562 0
1718553933063 0.1605351170568562 1
1718553933932 0.1605351170568562 2
1718553934765 0.1605351170568562 3
1718553935598 0.1605351170568562 4
1718553936398 0.1605351170568562 5
1718553937264 0.1605351170568562 6
1718553938131 0.1605351170568562 7
1718553938964 0.1605351170568562 8
1718553939814 0.1605351170568562 9
1718553940680 0.1605351170568562 10
1718553941530 0.1605351170568562 11
1718553942349 0.1605351170568562 12
1718553943164 0.1605351170568562 13
1718553943963 0.1605351170568562 14
1718553944780 0.1605351170568562 15
1718553945638 0.1605351170568562 16
1718553946479 0.1605351170568562 17
1718553947343 0.1605351170568562 18
1718553948178 0.1605351170568562 19
1718553948995 0.1605351170568562 20
1718553949851 0.1605351170568562 21
1718553950662 0.1605351170568562 22
1718553951512 0.1605351170568562 23
1718553952378 0.1605351170568562 24
1718553953281 0.1605351170568562 25
1718553954161 0.1605351170568562 26
1718553954961 0.1605351170568562 27
1718553955761 0.1605351170568562 28
1718553956597 0.1605351170568562 29
1718553957427 0.1605351170568562 30
1718553958252 0.1605351170568562 31
1718553959093 0.1605351170568562 32
1718553959927 0.1605351170568562 33
1718553960777 0.1605351170568562 34
1718553961629 0.1605351170568562 35
1718553962679 0.1605351170568562 36
1718553963913 0.1605351170568562 37
1718553965059 0.1605351170568562 38
1718553966192 0.1605351170568562 39
1718553967313 0.1605351170568562 40
1718553968392 0.1605351170568562 41
1718553969558 0.1605351170568562 42
1718553970791 0.1605351170568562 43
1718553972041 0.1605351170568562 44
1718553973207 0.1605351170568562 45
1718553974291 0.1605351170568562 46
1718553975374 0.1605351170568562 47
1718553976476 0.1605351170568562 48
1718553977590 0.1605351170568562 49
