1718585139925 0.603448275862069 0
1718585140415 1.0 1
1718585140926 0.9109195402298851 2
1718585141465 0.7672413793103449 3
1718585141977 1.0 4
1718585142495 1.0 5
1718585143014 0.5316091954022989 6
1718585143536 1.0 7
1718585144026 1.0 8
1718585144533 0.47988505747126436 9
1718585145017 1.0 10
1718585145514 0.5264797507788161 11
1718585146027 1.0 12
1718585146548 0.9683908045977011 13
1718585147035 0.7583081570996979 14
1718585147546 1.0 15
1718585148054 1.0 16
1718585148595 0.6551724137931034 17
1718585149075 1.0 18
1718585149608 1.0 19
1718585150112 1.0 20
1718585150609 1.0 21
1718585151108 1.0 22
1718585151685 0.53125 23
1718585152305 0.2414448669201521 24
1718585152897 1.0 25
1718585153416 1.0 26
1718585153923 1.0 27
1718585154451 1.0 28
1718585154940 1.0 29
1718585155433 1.0 30
1718585155929 1.0 31
1718585156426 0.5991983967935872 32
1718585156931 0.4885057471264368 33
1718585157434 1.0 34
1718585157934 1.0 35
1718585158449 1.0 36
1718585158952 1.0 37
1718585159472 0.4015748031496063 38
1718585159965 1.0 39
1718585160494 1.0 40
1718585160997 1.0 41
1718585161484 1.0 42
1718585161997 0.5517241379310345 43
1718585162958 0.9798850574712644 44
1718585164043 1.0 45
1718585165059 1.0 46
1718585165969 1.0 47
1718585166795 1.0 48
1718585167592 1.0 49
