1718373710292 0.6094725131988525 0
1718373710973 0.6094725131988525 1
1718373711770 0.6094725131988525 2
1718373712492 0.6094727516174316 3
1718373713123 0.6094725131988525 4
1718373713860 0.6094725131988525 5
1718373714694 0.6094725131988525 6
1718373715434 0.6094725131988525 7
1718373716152 0.6094725131988525 8
1718373716944 0.609472393989563 9
1718373717732 0.6094725131988525 10
1718373718439 0.6094725131988525 11
1718373719218 0.6094725131988525 12
1718373719923 0.6094725131988525 13
1718373720652 0.6094725131988525 14
1718373721323 0.6094725131988525 15
1718373722044 0.6094725131988525 16
1718373722906 0.6094725131988525 17
1718373723718 0.6094725131988525 18
1718373724493 0.6094725131988525 19
1718373725235 0.6094725131988525 20
1718373725956 0.6094725131988525 21
1718373726662 0.609472393989563 22
1718373727959 0.6094725131988525 23
1718373728790 0.609472393989563 24
1718373729588 0.6094725131988525 25
1718373730431 0.609472393989563 26
1718373731195 0.6094725131988525 27
1718373731972 0.6094725131988525 28
1718373732716 0.6094725131988525 29
1718373733372 0.609472393989563 30
1718373733962 0.6094725131988525 31
1718373734548 0.6094725131988525 32
1718373735148 0.6094725131988525 33
1718373735765 0.6094725131988525 34
1718373736366 0.6094725131988525 35
1718373736968 0.6094725131988525 36
1718373737548 0.6094725131988525 37
1718373738204 0.6094725131988525 38
1718373738929 0.6094725131988525 39
1718373739567 0.609472393989563 40
1718373740212 0.6094725131988525 41
1718373740831 0.6094727516174316 42
1718373741484 0.6094727516174316 43
1718373742119 0.6094725131988525 44
1718373742783 0.6094725131988525 45
1718373743438 0.6094729900360107 46
1718373744175 0.6094725131988525 47
1718373744921 0.6094725131988525 48
1718373745548 0.609472393989563 49
