1718546605614 nan 0
1718546606074 nan 1
1718546606541 nan 2
1718546607011 nan 3
1718546607490 nan 4
1718546607940 nan 5
1718546608416 nan 6
1718546608888 nan 7
1718546609323 nan 8
1718546609773 nan 9
1718546610227 nan 10
1718546610689 nan 11
1718546611140 nan 12
1718546611600 nan 13
1718546612056 nan 14
1718546612506 nan 15
1718546612939 nan 16
1718546613409 nan 17
1718546613856 nan 18
1718546614338 nan 19
1718546614799 nan 20
1718546615254 nan 21
1718546615705 nan 22
1718546616154 nan 23
1718546616602 nan 24
1718546617070 nan 25
1718546617518 nan 26
1718546617995 nan 27
1718546618492 nan 28
1718546618991 nan 29
1718546619421 nan 30
1718546619874 nan 31
1718546620341 nan 32
1718546620788 nan 33
1718546621257 nan 34
1718546621688 nan 35
1718546622157 nan 36
1718546622591 nan 37
1718546623037 nan 38
1718546623471 nan 39
1718546623937 nan 40
1718546624387 nan 41
1718546624841 nan 42
1718546625304 nan 43
1718546625737 nan 44
1718546626203 nan 45
1718546626656 nan 46
1718546627120 nan 47
1718546627553 nan 48
1718546628020 nan 49
