1718517083212 0.19581838923170408 0
1718517083563 0.222542968739543 1
1718517083882 0.4803268871366256 2
1718517084211 0.10848484848484848 3
1718517084534 0.16879842706968984 4
1718517084867 0.10848484848484848 5
1718517085200 0.06567385562610414 6
1718517085534 0.04202919652496029 7
1718517085854 0.08727272727272728 8
1718517086207 0.10848484848484848 9
1718517086534 0.20265063053795446 10
1718517086867 0.05982732029023934 11
1718517087300 0.09212121212121212 12
1718517087651 0.10848484848484848 13
1718517087966 0.10848484848484848 14
1718517088283 0.08800484785105706 15
1718517088583 0.10848484848484848 16
1718517088917 0.17097318266149436 17
1718517089283 0.10848484848484848 18
1718517089586 0.308773096564539 19
1718517089903 0.10848484848484848 20
1718517090233 0.09212121212121212 21
1718517090566 0.10848484848484848 22
1718517090883 0.10848484848484848 23
1718517091199 0.10848484848484848 24
1718517091533 0.10848484848484848 25
1718517091866 0.40548764366441714 26
1718517092183 0.10848484848484848 27
1718517092518 0.10848484848484848 28
1718517092866 0.5812545454545455 29
1718517093220 0.059167543811053866 30
1718517093615 0.09151515151515152 31
1718517093969 0.2702461892156778 32
1718517094332 0.10848484848484848 33
1718517094718 0.10848484848484848 34
1718517095063 0.10848484848484848 35
1718517095399 0.10848484848484848 36
1718517095715 0.40311340716111127 37
1718517096058 0.10848484848484848 38
1718517096382 0.09212121212121212 39
1718517096715 0.10848484848484848 40
1718517097032 0.10251236900311363 41
1718517097482 0.10848484848484848 42
1718517097818 0.03167437175139102 43
1718517098147 0.10848484848484848 44
1718517098468 0.05444108761329305 45
1718517098798 0.10848484848484848 46
1718517099131 0.10848484848484848 47
1718517099459 0.08500315438721237 48
1718517099781 0.0029723686174624505 49
