1718382659795 0.4857142857142857 0
1718382660125 0.34285714285714286 1
1718382660429 0.3142857142857143 2
1718382660774 0.11428571428571428 3
1718382661092 0.11428571428571428 4
1718382661411 0.45714285714285713 5
1718382661742 0.2 6
1718382662048 0.2571428571428571 7
1718382662440 0.22857142857142856 8
1718382662841 0.4 9
1718382663236 0.4 10
1718382663624 0.42857142857142855 11
1718382664177 0.11428571428571428 12
1718382664554 0.45714285714285713 13
1718382664956 0.22857142857142856 14
1718382665354 0.08571428571428572 15
1718382665752 0.22857142857142856 16
1718382666158 0.14285714285714285 17
1718382666666 0.2571428571428571 18
1718382667076 0.17142857142857143 19
1718382667470 0.2857142857142857 20
1718382667878 0.11428571428571428 21
1718382668259 0.4 22
1718382668650 0.4 23
1718382669045 0.4 24
1718382669454 0.4 25
1718382669851 0.11428571428571428 26
1718382670230 0.4 27
1718382670624 0.11428571428571428 28
1718382671019 0.4857142857142857 29
1718382671396 0.22857142857142856 30
1718382671783 0.3142857142857143 31
1718382672157 0.2571428571428571 32
1718382672548 0.11428571428571428 33
1718382672942 0.3142857142857143 34
1718382673288 0.05714285714285714 35
1718382673623 0.2857142857142857 36
1718382673957 0.3142857142857143 37
1718382674281 0.2571428571428571 38
1718382674626 0.37142857142857144 39
1718382674965 0.11428571428571428 40
1718382675291 0.11428571428571428 41
1718382675615 0.2857142857142857 42
1718382675938 0.37142857142857144 43
1718382676250 0.42857142857142855 44
1718382676561 0.2 45
1718382676883 0.11428571428571428 46
1718382677199 0.2 47
1718382677520 0.42857142857142855 48
1718382677829 0.17142857142857143 49
