1718387436303 0.6865671641791045 0
1718387436522 0.746268656716418 1
1718387436751 0.7731343283582089 2
1718387437007 0.8029850746268656 3
1718387437273 0.8029850746268656 4
1718387437624 0.8 5
1718387437880 0.7910447761194029 6
1718387438122 0.7880597014925373 7
1718387438357 0.817910447761194 8
1718387438589 0.8208955223880597 9
1718387438850 0.8029850746268656 10
1718387439089 0.817910447761194 11
1718387439327 0.8238805970149253 12
1718387439560 0.808955223880597 13
1718387439805 0.7820895522388059 14
1718387440023 0.8328358208955224 15
1718387440253 0.8388059701492537 16
1718387440505 0.8328358208955224 17
1718387440741 0.8388059701492537 18
1718387441031 0.8507462686567164 19
1718387441279 0.8119402985074626 20
1718387441551 0.8328358208955224 21
1718387441820 0.8149253731343283 22
1718387442079 0.826865671641791 23
1718387442319 0.8328358208955224 24
1718387442729 0.8059701492537313 25
1718387442961 0.8 26
1718387443190 0.8208955223880597 27
1718387443421 0.8208955223880597 28
1718387443655 0.8507462686567164 29
1718387443885 0.8507462686567164 30
1718387444120 0.826865671641791 31
1718387444361 0.808955223880597 32
1718387444601 0.8238805970149253 33
1718387444843 0.8298507462686567 34
1718387445095 0.8298507462686567 35
1718387445319 0.826865671641791 36
1718387445549 0.8626865671641791 37
1718387445777 0.8507462686567164 38
1718387446028 0.8656716417910447 39
1718387446271 0.8059701492537313 40
1718387446510 0.8328358208955224 41
1718387446749 0.7671641791044777 42
1718387446996 0.8119402985074626 43
1718387447254 0.8298507462686567 44
1718387447493 0.844776119402985 45
1718387447737 0.826865671641791 46
1718387447984 0.8417910447761194 47
1718387448215 0.8477611940298507 48
1718387448444 0.8626865671641791 49
