1718539043032 0.10787878787878788 0
1718539043362 0.09212121212121212 1
1718539043696 0.10787878787878788 2
1718539044046 0.10848484848484849 3
1718539044395 0.09212121212121212 4
1718539044746 0.09575757575757576 5
1718539045095 0.09151515151515152 6
1718539045445 0.09212121212121212 7
1718539045915 0.11333333333333333 8
1718539046265 0.09151515151515152 9
1718539046595 0.09212121212121212 10
1718539046962 0.09575757575757576 11
1718539047295 0.10848484848484849 12
1718539047631 0.10787878787878788 13
1718539047995 0.10787878787878788 14
1718539048338 0.09212121212121212 15
1718539048661 0.09151515151515152 16
1718539049045 0.10787878787878788 17
1718539049394 0.10848484848484849 18
1718539049744 0.09212121212121212 19
1718539050098 0.10303030303030303 20
1718539050444 0.09575757575757576 21
1718539050794 0.09151515151515152 22
1718539051144 0.10848484848484849 23
1718539051511 0.09212121212121212 24
1718539051861 0.09151515151515152 25
1718539052211 0.10848484848484849 26
1718539052547 0.09818181818181818 27
1718539052894 0.09212121212121212 28
1718539053244 0.10848484848484849 29
1718539053596 0.09151515151515152 30
1718539053944 0.09212121212121212 31
1718539054277 0.09818181818181818 32
1718539054627 0.09151515151515152 33
1718539054993 0.09212121212121212 34
1718539055327 0.10484848484848484 35
1718539055643 0.10848484848484849 36
1718539056127 0.09818181818181818 37
1718539056477 0.09151515151515152 38
1718539056826 0.10848484848484849 39
1718539057213 0.09818181818181818 40
1718539057576 0.09575757575757576 41
1718539057960 0.10303030303030303 42
1718539058309 0.09151515151515152 43
1718539058643 0.10848484848484849 44
1718539059009 0.10787878787878788 45
1718539059359 0.09151515151515152 46
1718539059676 0.09818181818181818 47
1718539060026 0.10848484848484849 48
1718539060359 0.09818181818181818 49
