1718388535454 0.2893993854522705 0
1718388535674 0.30554118752479553 1
1718388535936 0.29887619614601135 2
1718388536192 0.3859311044216156 3
1718388536439 0.3640688955783844 4
1718388536689 0.3053431808948517 5
1718388536931 0.29464268684387207 6
1718388537162 0.29025396704673767 7
1718388537393 0.26976826786994934 8
1718388537615 0.29109951853752136 9
1718388537848 0.2837614417076111 10
1718388538109 0.29984545707702637 11
1718388538351 0.2998209297657013 12
1718388538587 0.28629010915756226 13
1718388538832 0.29655399918556213 14
1718388539067 0.2925601601600647 15
1718388539313 0.38257086277008057 16
1718388539551 0.43391573429107666 17
1718388539799 0.4235479235649109 18
1718388540044 0.3060618042945862 19
1718388540274 0.29631078243255615 20
1718388540512 0.31980493664741516 21
1718388540751 0.28740403056144714 22
1718388540984 0.26561233401298523 23
1718388541210 0.2651441693305969 24
1718388541443 0.25691744685173035 25
1718388541676 0.2854178547859192 26
1718388541921 0.27532467246055603 27
1718388542157 0.2778858542442322 28
1718388542466 0.2896363139152527 29
1718388542788 0.27570852637290955 30
1718388543102 0.2724910080432892 31
1718388543438 0.25071555376052856 32
1718388543753 0.2486116588115692 33
1718388544072 0.2586844861507416 34
1718388544339 0.2640772759914398 35
1718388544623 0.2535053491592407 36
1718388544912 0.2481611967086792 37
1718388545182 0.25016137957572937 38
1718388545644 0.2764292359352112 39
1718388545920 0.2541391849517822 40
1718388546193 0.30981671810150146 41
1718388546462 0.2729308307170868 42
1718388546735 0.2824026644229889 43
1718388547022 0.2738450765609741 44
1718388547302 0.24633224308490753 45
1718388547586 0.323161780834198 46
1718388547871 0.33722013235092163 47
1718388548152 0.3858613967895508 48
1718388548425 0.30982765555381775 49
