1718393660311 0.3275073766708374 0
1718393660800 -0.12440741062164307 1
1718393661256 0.07236170768737793 2
1718393661774 -0.6880356073379517 3
1718393662233 0.07778680324554443 4
1718393662729 0.04538464546203613 5
1718393663172 -0.12632012367248535 6
1718393663564 0.21436119079589844 7
1718393663958 -0.056790947914123535 8
1718393664379 -0.0818319320678711 9
1718393664813 -0.09551477432250977 10
1718393665227 -0.6512060165405273 11
1718393665617 -0.2829923629760742 12
1718393665990 -0.25818300247192383 13
1718393666420 -0.3604085445404053 14
1718393666827 -0.05315232276916504 15
1718393667252 -0.3514080047607422 16
1718393667750 -0.28392887115478516 17
1718393668216 0.48054957389831543 18
1718393668671 -0.11187434196472168 19
1718393669090 0.22437524795532227 20
1718393669501 0.09425938129425049 21
1718393669925 -0.10155260562896729 22
1718393670316 -0.02349686622619629 23
1718393670714 0.024677634239196777 24
1718393671096 -0.4594697952270508 25
1718393671487 -0.2391124963760376 26
1718393671899 -0.19971323013305664 27
1718393672298 -0.8586786985397339 28
1718393672693 -0.1062476634979248 29
1718393673139 0.34929192066192627 30
1718393673540 -1.2729614973068237 31
1718393673999 -0.37083375453948975 32
1718393674403 -0.33092963695526123 33
1718393674801 -0.3566473722457886 34
1718393675191 -0.6167213916778564 35
1718393675578 -0.30235815048217773 36
1718393675979 -0.22459053993225098 37
1718393676366 -0.537184476852417 38
1718393676773 -0.10140180587768555 39
1718393677151 0.12532174587249756 40
1718393677532 -0.07864093780517578 41
1718393677934 -0.018716931343078613 42
1718393678308 0.14110302925109863 43
1718393678700 -0.5179727077484131 44
1718393679097 -0.2565455436706543 45
1718393679476 -0.20652270317077637 46
1718393679890 -0.2824767827987671 47
1718393680285 -0.37583065032958984 48
1718393680694 -0.6785238981246948 49
