1718375995910 0.4 0
1718375996572 0.4 1
1718375997183 0.4 2
1718375997823 0.4 3
1718375998449 0.4 4
1718375999055 0.4 5
1718375999672 0.4 6
1718376000364 0.4 7
1718376001034 0.4 8
1718376001734 0.4 9
1718376002513 0.4 10
1718376003257 0.4 11
1718376003942 0.4 12
1718376004610 0.4 13
1718376005505 0.4 14
1718376006245 0.4 15
1718376007029 0.4 16
1718376007863 0.4 17
1718376008638 0.4 18
1718376009424 0.4 19
1718376010541 0.4 20
1718376011413 0.4 21
1718376012297 0.4 22
1718376013130 0.4 23
1718376013855 0.4 24
1718376014659 0.4 25
1718376015665 0.4 26
1718376016374 0.4 27
1718376017069 0.4 28
1718376017708 0.4 29
1718376018353 0.4 30
1718376018993 0.4 31
1718376019626 0.4 32
1718376020258 0.4 33
1718376020883 0.4 34
1718376021500 0.4 35
1718376022110 0.4 36
1718376022727 0.4 37
1718376023344 0.4 38
1718376023963 0.4 39
1718376024572 0.4 40
1718376025190 0.4 41
1718376025808 0.4 42
1718376026416 0.4 43
1718376027042 0.4 44
1718376027664 0.4 45
1718376028285 0.4 46
1718376028897 0.4 47
1718376029508 0.4 48
1718376030120 0.4 49
