1718420687854 2.437145471572876 0
1718420688187 2.3129515647888184 1
1718420688471 2.3383123874664307 2
1718420688771 2.308589458465576 3
1718420689087 2.8802287578582764 4
1718420689387 2.3396241664886475 5
1718420689691 2.9863882064819336 6
1718420690004 2.400165557861328 7
1718420690308 2.3645179271698 8
1718420690621 4.5306315422058105 9
1718420690920 3.3869056701660156 10
1718420691220 3.3548941612243652 11
1718420691520 2.6646833419799805 12
1718420691820 2.623565196990967 13
1718420692140 2.3133299350738525 14
1718420692420 2.3763232231140137 15
1718420692703 2.69097638130188 16
1718420693003 2.3635401725769043 17
1718420693386 2.506763219833374 18
1718420693686 2.5596847534179688 19
1718420694003 2.7109131813049316 20
1718420694320 2.481306314468384 21
1718420694619 2.311546564102173 22
1718420694957 2.288233757019043 23
1718420695253 2.31172513961792 24
1718420695586 2.407684564590454 25
1718420695936 2.4003005027770996 26
1718420696252 2.2834880352020264 27
1718420696569 2.540822744369507 28
1718420696905 2.3338675498962402 29
1718420697223 2.389779567718506 30
1718420697519 2.4059054851531982 31
1718420697836 2.421799421310425 32
1718420698135 2.484654188156128 33
1718420698439 4.528138160705566 34
1718420698738 4.72707462310791 35
1718420699059 2.349518299102783 36
1718420699419 2.4261245727539062 37
1718420699801 2.3395469188690186 38
1718420700135 2.3485829830169678 39
1718420700502 2.309246301651001 40
1718420700852 2.373159170150757 41
1718420701222 2.4409146308898926 42
1718420701518 2.348802328109741 43
1718420701818 2.365767002105713 44
1718420702118 4.166073799133301 45
1718420702506 2.3085777759552 46
1718420702901 2.529351234436035 47
1718420703318 2.295301914215088 48
1718420703762 2.377102851867676 49
