1718515326837 -0.1998360034083415 0
1718515327782 0.046889032283987664 1
1718515328720 0.4047197530249136 2
1718515329677 0.47121389229768873 3
1718515330581 0.08251381634803234 4
1718515331439 0.48580432941017504 5
1718515332356 0.19999337932309746 6
1718515333256 -2.3288210504521936 7
1718515334126 0.43480978336662046 8
1718515335045 -0.9247522801632582 9
1718515335925 -0.811434508893135 10
1718515336692 0.19500878034054248 11
1718515337459 0.5020294443130062 12
1718515338243 -0.3688679872352796 13
1718515339061 0.36521957637443103 14
1718515339878 -0.1948911408151992 15
1718515340678 -0.16471764381953058 16
1718515341462 0.27075602292798884 17
1718515342296 -1.4019293129740662 18
1718515343097 0.4361732458432086 19
1718515343864 0.4566393154527959 20
1718515344618 0.006986005079255619 21
1718515345449 -0.03762071600924388 22
1718515346233 -0.7059656967139794 23
1718515347019 -0.7611903569133291 24
1718515347834 -0.7516732610145449 25
1718515348621 -1.7005041536703636 26
1718515349354 0.41322214036762084 27
1718515350122 0.44386209122253595 28
1718515350891 0.5517654935734568 29
1718515351787 -2.358135511545184 30
1718515352572 -2.7023725341424205 31
1718515353379 -0.17896960014565844 32
1718515354172 0.5220592977880947 33
1718515354999 0.43623187360263227 34
1718515355756 0.29015967526192155 35
1718515356557 -0.4587325740054631 36
1718515357341 0.48726882157094975 37
1718515358125 -1.3135553848306718 38
1718515358909 0.5836628984941288 39
1718515359710 -1.105607980398073 40
1718515360509 0.18406156767606197 41
1718515361294 0.4889462844298902 42
1718515362065 0.013889288791754328 43
1718515362845 0.20512627032157882 44
1718515363663 0.4503510621326212 45
1718515364446 0.3855531438881865 46
1718515365234 -3.5124061247548712 47
1718515366014 0.14431892597583662 48
1718515366781 0.3693817938711246 49
