1718383738001 0.08571428571428572 0
1718383738347 0.08571428571428572 1
1718383738696 0.08571428571428572 2
1718383739007 0.08571428571428572 3
1718383739336 0.08571428571428572 4
1718383739647 0.08571428571428572 5
1718383739959 0.08571428571428572 6
1718383740286 0.08571428571428572 7
1718383740597 0.08571428571428572 8
1718383740910 0.08571428571428572 9
1718383741220 0.08571428571428572 10
1718383741532 0.08571428571428572 11
1718383741844 0.08571428571428572 12
1718383742163 0.08571428571428572 13
1718383742560 0.08571428571428572 14
1718383742938 0.08571428571428572 15
1718383743333 0.08571428571428572 16
1718383743700 0.08571428571428572 17
1718383744066 0.08571428571428572 18
1718383744466 0.08571428571428572 19
1718383744860 0.08571428571428572 20
1718383745250 0.08571428571428572 21
1718383745615 0.08571428571428572 22
1718383745986 0.08571428571428572 23
1718383746416 0.08571428571428572 24
1718383746814 0.08571428571428572 25
1718383747185 0.08571428571428572 26
1718383747575 0.08571428571428572 27
1718383747944 0.08571428571428572 28
1718383748315 0.08571428571428572 29
1718383748681 0.08571428571428572 30
1718383749048 0.08571428571428572 31
1718383749424 0.08571428571428572 32
1718383749784 0.08571428571428572 33
1718383750159 0.08571428571428572 34
1718383750543 0.08571428571428572 35
1718383750906 0.08571428571428572 36
1718383751280 0.08571428571428572 37
1718383751641 0.08571428571428572 38
1718383752006 0.08571428571428572 39
1718383752378 0.08571428571428572 40
1718383752742 0.08571428571428572 41
1718383753108 0.08571428571428572 42
1718383753493 0.08571428571428572 43
1718383753830 0.08571428571428572 44
1718383754139 0.08571428571428572 45
1718383754464 0.08571428571428572 46
1718383754771 0.08571428571428572 47
1718383755081 0.08571428571428572 48
1718383755402 0.08571428571428572 49
