1718379936097 0.4 0
1718379936835 0.3333333333333333 1
1718379937513 0.0 2
1718379938171 0.48888888888888893 3
1718379938838 0.7777777777777777 4
1718379939521 0.5333333333333333 5
1718379940193 0.3333333333333333 6
1718379940862 0.5833333333333333 7
1718379941552 0.5714285714285714 8
1718379942318 0.8333333333333334 9
1718379943014 0.48888888888888893 10
1718379943733 0.3333333333333333 11
1718379944436 0.3333333333333333 12
1718379945125 0.0 13
1718379945840 0.16666666666666666 14
1718379946537 0.5714285714285714 15
1718379947213 0.3333333333333333 16
1718379947916 0.3333333333333333 17
1718379948600 0.16666666666666666 18
1718379949282 0.48888888888888893 19
1718379949976 0.3333333333333333 20
1718379950691 0.3333333333333333 21
1718379951362 0.3333333333333333 22
1718379952024 0.2 23
1718379952692 0.8333333333333334 24
1718379953351 0.3333333333333333 25
1718379954019 0.0 26
1718379954688 0.4 27
1718379955348 0.8333333333333334 28
1718379956011 0.3333333333333333 29
1718379956672 0.5714285714285714 30
1718379957333 0.3333333333333333 31
1718379957993 0.13333333333333333 32
1718379958659 0.0 33
1718379959310 0.0 34
1718379959975 0.3333333333333333 35
1718379960653 0.3333333333333333 36
1718379961316 0.3333333333333333 37
1718379961990 0.3333333333333333 38
1718379962836 0.13333333333333333 39
1718379963622 0.13333333333333333 40
1718379964410 0.2222222222222222 41
1718379965155 0.4444444444444444 42
1718379965954 0.7555555555555555 43
1718379966733 0.48888888888888893 44
1718379967497 0.4 45
1718379968261 0.3333333333333333 46
1718379969074 0.3333333333333333 47
1718379969843 0.3333333333333333 48
1718379970634 0.3333333333333333 49
