1718446561598 2.3785014152526855 0
1718446561829 5.880738258361816 1
1718446562064 10.05358600616455 2
1718446562395 23.68242073059082 3
1718446563064 22.36260986328125 4
1718446563428 29.274457931518555 5
1718446563794 28.400793075561523 6
1718446564128 29.188674926757812 7
1718446564461 26.56534194946289 8
1718446564828 25.69403839111328 9
1718446565161 30.847219467163086 10
1718446565478 30.863374710083008 11
1718446565778 31.24129867553711 12
1718446566094 33.0126953125 13
1718446566427 21.983484268188477 14
1718446566727 17.635725021362305 15
1718446567027 40.08592224121094 16
1718446567347 45.035213470458984 17
1718446567694 18.159330368041992 18
1718446568010 21.502296447753906 19
1718446568328 23.021728515625 20
1718446568648 25.65380096435547 21
1718446568948 26.992324829101562 22
1718446569282 28.0881290435791 23
1718446569596 29.675704956054688 24
1718446569927 31.973649978637695 25
1718446570310 31.032445907592773 26
1718446570649 26.56532859802246 27
1718446570960 29.135046005249023 28
1718446571283 28.38467025756836 29
1718446571593 29.206571578979492 30
1718446571897 30.184608459472656 31
1718446572226 25.341018676757812 32
1718446572550 18.304214477539062 33
1718446572864 24.340829849243164 34
1718446573193 28.519695281982422 35
1718446573497 32.70486831665039 36
1718446573809 34.30923080444336 37
1718446574126 40.931053161621094 38
1718446574451 40.50801467895508 39
1718446574780 46.757484436035156 40
1718446575129 55.25258255004883 41
1718446575475 54.323631286621094 42
1718446575786 15.485401153564453 43
1718446576092 35.905128479003906 44
1718446576409 50.17857360839844 45
1718446576709 61.59907150268555 46
1718446577025 68.64454650878906 47
1718446577351 71.18202209472656 48
1718446577659 77.00448608398438 49
