1718385445031 0.24292325973510742 0
1718385445338 0.24347233772277832 1
1718385445682 0.24391484260559082 2
1718385446030 0.24427390098571777 3
1718385446344 0.2445681095123291 4
1718385446675 0.2448108196258545 5
1718385446989 0.24501252174377441 6
1718385447302 0.24518060684204102 7
1718385447617 0.24532341957092285 8
1718385447938 0.24544358253479004 9
1718385448254 0.24554657936096191 10
1718385448575 0.24563384056091309 11
1718385448891 0.24570989608764648 12
1718385449204 0.2457749843597412 13
1718385449522 0.24583077430725098 14
1718385449840 0.2458796501159668 15
1718385450154 0.24592137336730957 16
1718385450484 0.2459578514099121 17
1718385450814 0.24598908424377441 18
1718385451126 0.24601531028747559 19
1718385451451 0.24603819847106934 20
1718385451787 0.24605703353881836 21
1718385452107 0.24607205390930176 22
1718385452443 0.24608540534973145 23
1718385452782 0.2460944652557373 24
1718385453101 0.24610233306884766 25
1718385453416 0.2461073398590088 26
1718385453748 0.246110200881958 27
1718385454064 0.24611115455627441 28
1718385454381 0.2461106777191162 29
1718385454722 0.2461085319519043 30
1718385455042 0.24610424041748047 31
1718385455361 0.24609851837158203 32
1718385455699 0.2460923194885254 33
1718385456043 0.24608445167541504 34
1718385456369 0.24607515335083008 35
1718385456703 0.2460651397705078 36
1718385457017 0.24605441093444824 37
1718385457339 0.24604225158691406 38
1718385457666 0.24602937698364258 39
1718385457987 0.2460157871246338 40
1718385458306 0.2460017204284668 41
1718385458631 0.2459867000579834 42
1718385458954 0.2459712028503418 43
1718385459287 0.2459549903869629 44
1718385459614 0.24593853950500488 45
1718385459940 0.24592185020446777 46
1718385460263 0.24590420722961426 47
1718385460565 0.24588656425476074 48
1718385460891 0.24586820602416992 49
