1718378157466 1.792351484298706 0
1718378158138 1.7415237426757812 1
1718378158784 2.2603018283843994 2
1718378159478 2.299254894256592 3
1718378160221 2.3113913536071777 4
1718378160893 2.3157105445861816 5
1718378161566 2.317502021789551 6
1718378162304 2.3183789253234863 7
1718378163034 2.3188750743865967 8
1718378163786 2.319188356399536 9
1718378164567 2.3194005489349365 10
1718378165305 2.319551944732666 11
1718378165955 2.3196635246276855 12
1718378166665 2.3197474479675293 13
1718378167494 2.3198113441467285 14
1718378168299 2.319859743118286 15
1718378169298 2.3198962211608887 16
1718378170120 2.3199234008789062 17
1718378170778 2.3199431896209717 18
1718378171412 2.319955825805664 19
1718378172091 2.3199639320373535 20
1718378172716 2.319967269897461 21
1718378173345 2.319967746734619 22
1718378173981 2.31996488571167 23
1718378174616 2.319960594177246 24
1718378175234 2.3199543952941895 25
1718378175872 2.3199474811553955 26
1718378176508 2.3199398517608643 27
1718378177120 2.3199310302734375 28
1718378177760 2.3199222087860107 29
1718378178376 2.319913625717163 30
1718378179012 2.3199057579040527 31
1718378179653 2.319897413253784 32
1718378180274 2.319889783859253 33
1718378180909 2.2567813396453857 34
1718378181539 2.151212692260742 35
1718378182171 2.1593217849731445 36
1718378182798 2.1619162559509277 37
1718378183530 2.1630966663360596 38
1718378184219 2.1636404991149902 39
1718378184864 2.1638991832733154 40
1718378185483 2.164029121398926 41
1718378186119 2.1640985012054443 42
1718378186794 2.164138078689575 43
1718378187443 2.1641602516174316 44
1718378188088 2.164173126220703 45
1718378188756 2.164179563522339 46
1718378189402 2.16418194770813 47
1718378190076 2.1641814708709717 48
1718378190732 2.1641793251037598 49
