1718328638980 0.3744419642857143 0
1718328639326 0.3744419642857143 1
1718328639621 0.3744419642857143 2
1718328639924 0.3744419642857143 3
1718328640223 0.3744419642857143 4
1718328640507 0.3744419642857143 5
1718328640791 0.3744419642857143 6
1718328641083 0.3744419642857143 7
1718328641367 0.3744419642857143 8
1718328641647 0.3744419642857143 9
1718328641932 0.3744419642857143 10
1718328642223 0.3744419642857143 11
1718328642505 0.3744419642857143 12
1718328642793 0.3744419642857143 13
1718328643087 0.3744419642857143 14
1718328643369 0.3744419642857143 15
1718328643651 0.3744419642857143 16
1718328643936 0.3744419642857143 17
1718328644275 0.3744419642857143 18
1718328644576 0.3744419642857143 19
1718328644910 0.3744419642857143 20
1718328645249 0.3744419642857143 21
1718328645562 0.3744419642857143 22
1718328645870 0.3744419642857143 23
1718328646184 0.3744419642857143 24
1718328646476 0.3744419642857143 25
1718328646776 0.3744419642857143 26
1718328647125 0.3744419642857143 27
1718328647426 0.3744419642857143 28
1718328647746 0.3744419642857143 29
1718328648171 0.3744419642857143 30
1718328648716 0.3744419642857143 31
1718328649176 0.3744419642857143 32
1718328649488 0.3744419642857143 33
1718328649796 0.3744419642857143 34
1718328650111 0.3744419642857143 35
1718328650422 0.3744419642857143 36
1718328650738 0.3744419642857143 37
1718328651046 0.3744419642857143 38
1718328651369 0.3744419642857143 39
1718328651683 0.3744419642857143 40
1718328652009 0.3744419642857143 41
1718328652344 0.3744419642857143 42
1718328652668 0.3744419642857143 43
1718328653005 0.3744419642857143 44
1718328653344 0.3744419642857143 45
1718328653751 0.3744419642857143 46
1718328654137 0.3744419642857143 47
1718328654498 0.3744419642857143 48
1718328654854 0.3744419642857143 49
