1718423419151 -0.00632476806640625 0
1718423423382 -0.09205818176269531 1
1718423427319 -1.1237907409667969 2
1718423431368 0.007370948791503906 3
1718423435413 0.022438764572143555 4
1718423439598 0.25745201110839844 5
1718423443428 0.5517864227294922 6
1718423447378 -0.00928044319152832 7
1718423451360 0.8757286071777344 8
1718423455288 0.4641990661621094 9
1718423459092 -9.149974822998047 10
1718423463227 2.983043670654297 11
1718423467790 41.992645263671875 12
1718423472339 0.21047210693359375 13
1718423476805 -27.068899154663086 14
1718423481304 0.1588592529296875 15
1718423485320 -0.6417403221130371 16
1718423489203 0.23181724548339844 17
1718423493035 23.41013526916504 18
1718423496868 0.5234241485595703 19
1718423500853 -6.849149703979492 20
1718423504753 15.326850891113281 21
1718423508582 -6.538097381591797 22
1718423512481 22.148162841796875 23
1718423516314 -2.6989846229553223 24
1718423520230 -0.08427667617797852 25
1718423524479 -2.3075103759765625 26
1718423529095 0.9515151977539062 27
1718423533712 0.06785202026367188 28
1718423538309 -0.6114501953125 29
1718423542692 -0.009700298309326172 30
1718423546525 0.5012588500976562 31
1718423550326 -1.55411958694458 32
1718423554259 -13.391884803771973 33
1718423558139 21.54391860961914 34
1718423561972 -40.92561721801758 35
1718423565859 -0.00554966926574707 36
1718423569687 1.5150985717773438 37
1718423573503 -31.1461124420166 38
1718423577352 0.5225753784179688 39
1718423581168 1.0417098999023438 40
1718423585404 19.57050132751465 41
1718423589720 -0.003532886505126953 42
1718423594232 0.4940071105957031 43
1718423598798 -23.68807601928711 44
1718423603247 0.025360107421875 45
1718423607046 0.7798995971679688 46
1718423610929 0.018756866455078125 47
1718423614911 0.8355712890625 48
1718423618770 -11.598068237304688 49
