1718369694027 4.036845684051514 0
1718369696517 3.5390233993530273 1
1718369699025 3.181058168411255 2
1718369701584 4.036845684051514 3
1718369704591 4.036845684051514 4
1718369707333 2.9164929389953613 5
1718369709764 3.181058168411255 6
1718369712249 2.688417911529541 7
1718369714650 3.539034605026245 8
1718369717146 6.213543891906738 9
1718369719628 6.221801280975342 10
1718369722139 6.2251129150390625 11
1718369724622 3.8059990406036377 12
1718369726929 3.804080009460449 13
1718369729483 3.804478168487549 14
1718369731852 5.625668525695801 15
1718369734336 9.580313682556152 16
1718369736816 9.088199615478516 17
1718369739343 8.614616394042969 18
1718369741760 7.154691219329834 19
1718369744334 4.622382164001465 20
1718369746766 5.2011237144470215 21
1718369749161 3.539022922515869 22
1718369751684 3.5390233993530273 23
1718369754164 3.5390233993530273 24
1718369756454 9.785568237304688 25
1718369758981 6.554806232452393 26
1718369761287 6.160180568695068 27
1718369764057 6.1994709968566895 28
1718369766735 7.154690742492676 29
1718369769234 7.154691219329834 30
1718369771755 7.154691696166992 31
1718369774266 1.9532970190048218 32
1718369776761 8.610126495361328 33
1718369779165 8.610459327697754 34
1718369781661 8.610457420349121 35
1718369784172 8.610459327697754 36
1718369786562 8.610458374023438 37
1718369789031 5.2011237144470215 38
1718369791540 4.622381687164307 39
1718369794014 6.210817813873291 40
1718369796272 7.154693126678467 41
1718369798784 7.143228530883789 42
1718369801498 5.72762393951416 43
1718369804010 4.622381687164307 44
1718369806300 4.622382164001465 45
1718369808635 4.622366428375244 46
1718369811083 4.036844253540039 47
1718369813597 2.9165024757385254 48
1718369815934 2.688418388366699 49
