1718427497697 2.641920804977417 0
1718427498156 3.764784812927246 1
1718427498550 3.264470338821411 2
1718427498930 2.3008062839508057 3
1718427499280 2.413017511367798 4
1718427499630 2.326409339904785 5
1718427499980 3.007533550262451 6
1718427500330 2.4172756671905518 7
1718427500696 2.359062671661377 8
1718427501080 2.2957375049591064 9
1718427501450 2.338287115097046 10
1718427501796 3.3092751502990723 11
1718427502198 3.680920362472534 12
1718427502579 2.312087059020996 13
1718427502957 3.0121092796325684 14
1718427503363 2.321742057800293 15
1718427503757 2.4372498989105225 16
1718427504163 2.728287696838379 17
1718427504613 3.01847767829895 18
1718427504929 3.2457845211029053 19
1718427505277 2.645113468170166 20
1718427505596 2.5576491355895996 21
1718427505912 2.506218433380127 22
1718427506245 2.28892183303833 23
1718427506583 2.6702377796173096 24
1718427506896 4.332038879394531 25
1718427507245 2.2951083183288574 26
1718427507562 5.895040512084961 27
1718427507878 2.30517315864563 28
1718427508228 4.336726665496826 29
1718427508561 5.992647171020508 30
1718427508882 2.355821371078491 31
1718427509212 2.3813092708587646 32
1718427509528 3.861359119415283 33
1718427509845 5.168954849243164 34
1718427510211 2.4966824054718018 35
1718427510529 4.568960189819336 36
1718427510848 3.6692864894866943 37
1718427511178 4.54932165145874 38
1718427511499 3.5808897018432617 39
1718427511815 4.901617050170898 40
1718427512145 7.062941074371338 41
1718427512477 2.4971671104431152 42
1718427512794 2.3025197982788086 43
1718427513112 3.679640054702759 44
1718427513444 8.400496482849121 45
1718427513759 2.31510329246521 46
1718427514044 3.747438907623291 47
1718427514394 2.4595940113067627 48
1718427514694 3.0858547687530518 49
