1718388875740 0.055224448442459106 0
1718388875998 -0.027619987726211548 1
1718388876246 0.019661247730255127 2
1718388876486 -0.021493136882781982 3
1718388876720 -0.01156705617904663 4
1718388876968 0.06629359722137451 5
1718388877206 0.04772511124610901 6
1718388877431 0.010654330253601074 7
1718388877670 0.05305156111717224 8
1718388877916 0.026089489459991455 9
1718388878334 0.0035913288593292236 10
1718388878575 -0.006451070308685303 11
1718388878819 -0.0210416316986084 12
1718388879048 0.026373237371444702 13
1718388879283 0.026297271251678467 14
1718388879515 -0.0016276538372039795 15
1718388879754 -0.03487512469291687 16
1718388879983 0.02590954303741455 17
1718388880207 0.00048094987869262695 18
1718388880433 -0.00852954387664795 19
1718388880655 -0.07516050338745117 20
1718388880895 0.031602174043655396 21
1718388881129 -0.004918158054351807 22
1718388881354 -0.05876976251602173 23
1718388881592 -0.004594773054122925 24
1718388881826 0.010137438774108887 25
1718388882063 -0.05059430003166199 26
1718388882300 0.036948204040527344 27
1718388882535 -0.04196953773498535 28
1718388882785 -0.059513866901397705 29
1718388883022 0.021576106548309326 30
1718388883260 -0.04316064715385437 31
1718388883506 -0.1258317530155182 32
1718388883739 0.03419911861419678 33
1718388884003 0.005335330963134766 34
1718388884253 0.007783412933349609 35
1718388884486 -0.02948737144470215 36
1718388884716 -0.008180052042007446 37
1718388884974 -0.05012279748916626 38
1718388885206 0.020713508129119873 39
1718388885447 -0.02456679940223694 40
1718388885689 -0.08195614814758301 41
1718388885941 0.06192201375961304 42
1718388886185 -0.024293988943099976 43
1718388886426 0.00021445751190185547 44
1718388886666 0.019525468349456787 45
1718388886919 -0.020490705966949463 46
1718388887154 -0.0401800274848938 47
1718388887387 -0.10052907466888428 48
1718388887805 0.020161837339401245 49
