1718388875799 0.8901205012197806 0
1718388876057 0.8907265492114892 1
1718388876301 0.8753493509057423 2
1718388876542 0.8475211527181326 3
1718388876784 0.8249114394044158 4
1718388877021 0.8448706435839786 5
1718388877259 0.8702290496409425 6
1718388877485 0.863264305729017 7
1718388877726 0.8822373949839979 8
1718388877974 0.8774882685537128 9
1718388878380 0.8759364464096276 10
1718388878630 0.8814848980342597 11
1718388878878 0.84043879608369 12
1718388879100 0.8783108538728708 13
1718388879335 0.8767134225002146 14
1718388879568 0.8937494352457911 15
1718388879812 0.8665092196445014 16
1718388880030 0.875568072293767 17
1718388880258 0.8745976691641272 18
1718388880483 0.870780724706433 19
1718388880707 0.846865245996804 20
1718388880949 0.868591855174335 21
1718388881181 0.8504421211226314 22
1718388881407 0.856992934580167 23
1718388881643 0.8754795327506214 24
1718388881876 0.9011446503696894 25
1718388882121 0.8690754114077 26
1718388882357 0.8887313617467816 27
1718388882591 0.8885547926289079 28
1718388882845 0.8597191805146515 29
1718388883077 0.8596086121750742 30
1718388883318 0.867846494060434 31
1718388883561 0.7886459560872824 32
1718388883795 0.8557475930774159 33
1718388884061 0.8510103003106363 34
1718388884311 0.880184470868785 35
1718388884545 0.8731610246306178 36
1718388884773 0.8726220867421662 37
1718388885032 0.8630032995941265 38
1718388885265 0.8679169614832387 39
1718388885502 0.8648816909916904 40
1718388885747 0.8331319108609034 41
1718388886000 0.8540906945833877 42
1718388886243 0.872435468869701 43
1718388886485 0.8791692576703433 44
1718388886733 0.9031590108452273 45
1718388886976 0.8916206611516403 46
1718388887210 0.8859379836534268 47
1718388887440 0.8456850508320175 48
1718388887859 0.8812017166973247 49
