1718388875667 0.4939108192920685 0
1718388875921 0.4645332098007202 1
1718388876169 0.5230724811553955 2
1718388876412 0.5198715329170227 3
1718388876646 0.5571387410163879 4
1718388876895 0.5776786804199219 5
1718388877131 0.5327892303466797 6
1718388877365 0.4899318516254425 7
1718388877597 0.5332152843475342 8
1718388877843 0.48967209458351135 9
1718388878279 0.4766817092895508 10
1718388878487 0.46899208426475525 11
1718388878741 0.46445900201797485 12
1718388878976 0.5065560340881348 13
1718388879209 0.47358062863349915 14
1718388879443 0.446688175201416 15
1718388879680 0.44668957591056824 16
1718388879914 0.4673360586166382 17
1718388880140 0.46407777070999146 18
1718388880368 0.450771301984787 19
1718388880590 0.4555699825286865 20
1718388880822 0.49810120463371277 21
1718388881059 0.44514405727386475 22
1718388881286 0.4250016212463379 23
1718388881521 0.45443400740623474 24
1718388881748 0.44159969687461853 25
1718388881988 0.41183358430862427 26
1718388882229 0.44211283326148987 27
1718388882463 0.40341079235076904 28
1718388882710 0.433495432138443 29
1718388882953 0.477538526058197 30
1718388883186 0.4268740117549896 31
1718388883432 0.45625588297843933 32
1718388883665 0.5576602816581726 33
1718388883924 0.48094144463539124 34
1718388884179 0.4427865147590637 35
1718388884414 0.42528146505355835 36
1718388884647 0.44426923990249634 37
1718388884899 0.4480767548084259 38
1718388885134 0.47240692377090454 39
1718388885379 0.44357404112815857 40
1718388885617 0.4615825414657593 41
1718388885865 0.5193039774894714 42
1718388886110 0.458622008562088 43
1718388886353 0.44454893469810486 44
1718388886592 0.43180206418037415 45
1718388886850 0.3919351398944855 46
1718388887081 0.39580366015434265 47
1718388887318 0.4035528302192688 48
1718388887746 0.47324466705322266 49
