1718377734712 0.0 0
1718377735419 0.0 1
1718377736048 0.0 2
1718377736694 0.0 3
1718377737339 0.0 4
1718377737961 0.0 5
1718377738621 0.0 6
1718377739379 0.0 7
1718377740232 0.0 8
1718377740933 0.0 9
1718377741649 0.0 10
1718377742390 0.0 11
1718377743094 0.0 12
1718377743798 0.0 13
1718377744481 0.0 14
1718377745594 0.0 15
1718377746354 0.0 16
1718377747154 0.0 17
1718377747833 0.0 18
1718377748532 0.0 19
1718377749228 0.0 20
1718377749906 0.0 21
1718377750581 0.0 22
1718377751211 0.0 23
1718377751859 0.0 24
1718377752511 0.0 25
1718377753137 0.0 26
1718377753770 0.0 27
1718377754431 0.0 28
1718377755065 0.0 29
1718377755715 0.0 30
1718377756348 0.0 31
1718377756982 0.0 32
1718377757647 0.0 33
1718377758279 0.0 34
1718377758916 0.0 35
1718377759598 0.0 36
1718377760227 0.0 37
1718377760896 0.0 38
1718377761548 0.0 39
1718377762185 0.0 40
1718377762835 0.0 41
1718377763471 0.0 42
1718377764133 0.0 43
1718377764770 0.0 44
1718377765462 0.0 45
1718377766138 0.0 46
1718377766897 0.0 47
1718377767548 0.0 48
1718377768183 0.0 49
