1718328545516 -0.649761438369751 0
1718328545897 -0.48189377784729004 1
1718328546713 -0.4804563522338867 2
1718328547106 -0.513748049736023 3
1718328547462 -0.529991865158081 4
1718328547818 -0.5005979537963867 5
1718328548162 -0.3082864284515381 6
1718328548520 -0.3013916015625 7
1718328548838 -0.2982790470123291 8
1718328549131 -0.2974278926849365 9
1718328549421 -0.29756617546081543 10
1718328549704 -0.2980060577392578 11
1718328549998 -0.3068556785583496 12
1718328550278 -0.4128458499908447 13
1718328550578 -0.3672029972076416 14
1718328550884 -0.36014676094055176 15
1718328551187 -0.3559596538543701 16
1718328551483 -0.35323023796081543 17
1718328551780 -0.35131096839904785 18
1718328552095 -0.34987759590148926 19
1718328552502 -0.3487536907196045 20
1718328552823 -0.3478403091430664 21
1718328553183 -0.3470742702484131 22
1718328553500 -0.3464169502258301 23
1718328553811 -0.3458425998687744 24
1718328554167 -0.3453342914581299 25
1718328554473 -0.3448781967163086 26
1718328554774 -0.3444652557373047 27
1718328555090 -0.3440895080566406 28
1718328555407 -0.34374523162841797 29
1718328555713 -0.3434286117553711 30
1718328556042 -0.34313535690307617 31
1718328556371 -0.3428640365600586 32
1718328556718 -0.34261083602905273 33
1718328557175 -0.3423752784729004 34
1718328557563 -0.34215450286865234 35
1718328558005 -0.3419473171234131 36
1718328558312 -0.3417530059814453 37
1718328558663 -0.3415699005126953 38
1718328559080 -0.3413968086242676 39
1718328559396 -0.341233491897583 40
1718328559780 -0.6280856132507324 41
1718328560097 -0.6177783012390137 42
1718328560412 -0.6168310642242432 43
1718328560726 -0.6180882453918457 44
1718328561052 -0.6196002960205078 45
1718328561364 -0.6208653450012207 46
1718328561658 -0.6218054294586182 47
1718328561978 -0.622460126876831 48
1718328562266 -0.6228904724121094 49
