1718553658468 1.0 0
1718553659302 1.0 1
1718553660134 1.0 2
1718553660951 1.0 3
1718553661801 1.0 4
1718553662835 1.0 5
1718553664000 1.0 6
1718553665035 1.0 7
1718553666051 1.0 8
1718553667034 1.0 9
1718553668034 1.0 10
1718553669034 1.0 11
1718553670017 1.0 12
1718553671034 1.0 13
1718553672059 1.0 14
1718553673117 1.0 15
1718553674236 1.0 16
1718553675216 1.0 17
1718553676199 1.0 18
1718553677216 1.0 19
1718553678199 1.0 20
1718553679232 1.0 21
1718553680232 1.0 22
1718553681065 1.0 23
1718553681898 1.0 24
1718553682731 1.0 25
1718553683564 1.0 26
1718553684398 1.0 27
1718553685231 1.0 28
1718553686079 1.0 29
1718553686917 1.0 30
1718553687785 1.0 31
1718553688634 1.0 32
1718553689462 1.0 33
1718553690280 1.0 34
1718553691098 1.0 35
1718553691946 1.0 36
1718553692839 1.0 37
1718553693796 1.0 38
1718553694849 1.0 39
1718553695779 1.0 40
1718553696765 1.0 41
1718553697695 1.0 42
1718553698635 1.0 43
1718553699511 1.0 44
1718553700422 1.0 45
1718553701318 1.0 46
1718553702211 1.0 47
1718553703081 1.0 48
1718553703894 1.0 49
