1718494201327 0.43212121212121213 0
1718494201646 0.48787878787878786 1
1718494201944 0.437874251497006 2
1718494202325 0.21549966009517335 3
1718494202728 0.21462747778537253 4
1718494203145 0.403030303030303 5
1718494203544 0.5051264524948735 6
1718494203912 0.5836363636363636 7
1718494204279 0.5103030303030303 8
1718494204629 0.583030303030303 9
1718494204963 0.5922844175491679 10
1718494205351 0.4016641452344932 11
1718494205720 0.3606060606060606 12
1718494206081 0.33515151515151514 13
1718494206444 0.4962178517397882 14
1718494206798 0.49575757575757573 15
1718494207180 0.5503030303030303 16
1718494207564 0.5696969696969697 17
1718494207898 0.44168900804289546 18
1718494208264 0.5093378607809848 19
1718494208636 0.1606060606060606 20
1718494208999 0.27048458149779736 21
1718494209566 0.4966216216216216 22
1718494209944 0.4727272727272727 23
1718494210299 0.5884848484848485 24
1718494210655 0.5466666666666666 25
1718494211017 0.5951742627345844 26
1718494211405 0.3967828418230563 27
1718494211768 0.3751515151515151 28
1718494212139 0.38727272727272727 29
1718494212506 0.5222972972972973 30
1718494212852 0.47393939393939394 31
1718494213169 0.41353887399463807 32
1718494213490 0.5836947094535994 33
1718494213802 0.5033512064343163 34
1718494214120 0.44436997319034854 35
1718494214453 0.5745454545454546 36
1718494214754 0.6554959785522788 37
1718494215070 0.5327272727272727 38
1718494215387 0.48326771653543305 39
1718494215704 0.2945945945945946 40
1718494216038 0.44363636363636366 41
1718494216355 0.5242424242424243 42
1718494216685 0.54 43
1718494216993 0.4624242424242424 44
1718494217325 0.39080459770114945 45
1718494217622 0.4932795698924731 46
1718494217926 0.4296969696969697 47
1718494218239 0.2781557067271353 48
1718494218540 0.5197010869565217 49
