1718538355844 nan 0
1718538356285 nan 1
1718538356764 nan 2
1718538357197 nan 3
1718538357647 nan 4
1718538358097 nan 5
1718538358558 nan 6
1718538358984 nan 7
1718538359439 nan 8
1718538359897 nan 9
1718538360365 nan 10
1718538360800 nan 11
1718538361231 nan 12
1718538361659 nan 13
1718538362097 nan 14
1718538362680 nan 15
1718538363313 nan 16
1718538363946 nan 17
1718538364533 nan 18
1718538365066 nan 19
1718538365612 nan 20
1718538366149 nan 21
1718538366696 nan 22
1718538367265 nan 23
1718538367843 nan 24
1718538368362 nan 25
1718538368995 nan 26
1718538369545 nan 27
1718538370098 nan 28
1718538370638 nan 29
1718538371195 nan 30
1718538371737 nan 31
1718538372278 nan 32
1718538372861 nan 33
1718538373428 nan 34
1718538374011 nan 35
1718538374598 nan 36
1718538375177 nan 37
1718538375744 nan 38
1718538376314 nan 39
1718538376847 nan 40
1718538377360 nan 41
1718538377893 nan 42
1718538378393 nan 43
1718538378877 nan 44
1718538379310 nan 45
1718538379776 nan 46
1718538380193 nan 47
1718538380660 nan 48
1718538381076 nan 49
