1718538355781 nan 0
1718538356230 nan 1
1718538356716 nan 2
1718538357143 nan 3
1718538357597 nan 4
1718538358047 nan 5
1718538358497 nan 6
1718538358941 nan 7
1718538359380 nan 8
1718538359847 nan 9
1718538360297 nan 10
1718538360745 nan 11
1718538361163 nan 12
1718538361597 nan 13
1718538362047 nan 14
1718538362580 nan 15
1718538363196 nan 16
1718538363846 nan 17
1718538364446 nan 18
1718538364979 nan 19
1718538365539 nan 20
1718538366062 nan 21
1718538366612 nan 22
1718538367179 nan 23
1718538367749 nan 24
1718538368282 nan 25
1718538368916 nan 26
1718538369466 nan 27
1718538370012 nan 28
1718538370545 nan 29
1718538371111 nan 30
1718538371645 nan 31
1718538372211 nan 32
1718538372744 nan 33
1718538373344 nan 34
1718538373928 nan 35
1718538374511 nan 36
1718538375094 nan 37
1718538375664 nan 38
1718538376226 nan 39
1718538376779 nan 40
1718538377294 nan 41
1718538377827 nan 42
1718538378327 nan 43
1718538378826 nan 44
1718538379259 nan 45
1718538379710 nan 46
1718538380142 nan 47
1718538380593 nan 48
1718538381026 nan 49
