1718331768456 0.39692115664655714 0
1718331768757 0.3698245614035088 1
1718331769075 0.33738425925925924 2
1718331769420 0.2977832512315271 3
1718331769725 0.46388888888888885 4
1718331770025 0.3488888888888889 5
1718331770328 0.487225193107546 6
1718331770627 0.4344458786649456 7
1718331770927 0.33390937019969275 8
1718331771236 0.28148148148148144 9
1718331771538 0.471986531986532 10
1718331771833 0.4979707792207792 11
1718331772133 0.34772727272727266 12
1718331772428 0.35816578483245143 13
1718331772726 0.2526936026936027 14
1718331773024 0.29270729270729273 15
1718331773325 0.3394736842105263 16
1718331773621 0.49540089540089544 17
1718331773928 0.4431848852901485 18
1718331774242 0.36261850277868585 19
1718331774548 0.47141660082836556 20
1718331774847 0.4728431372549019 21
1718331775161 0.23902439024390248 22
1718331775457 0.3333333333333333 23
1718331775756 0.4255555555555555 24
1718331776088 0.2620320855614973 25
1718331776390 0.42255639097744363 26
1718331776693 0.27756410256410263 27
1718331777003 0.4285714285714286 28
1718331777323 0.3458110516934046 29
1718331777632 0.425 30
1718331777935 0.5033068783068783 31
1718331778259 0.37503924646781794 32
1718331778574 0.34552341597796143 33
1718331778873 0.34604108309990667 34
1718331779187 0.49302364302364304 35
1718331779521 0.3370223978919631 36
1718331779821 0.5303807303807303 37
1718331780150 0.5285403050108932 38
1718331780450 0.36797720797720795 39
1718331780753 0.640932400932401 40
1718331781053 0.23065015479876164 41
1718331781404 0.43408714837286266 42
1718331781716 0.4917874396135265 43
1718331782021 0.3752525252525252 44
1718331782418 0.38223668914206005 45
1718331782762 0.487719298245614 46
1718331783102 0.3560224089635855 47
1718331783456 0.4127943667585612 48
1718331783795 0.175 49
