1718415423523 0.1 0
1718415424406 0.1 1
1718415425240 0.1 2
1718415426073 0.1 3
1718415426923 0.1 4
1718415427772 0.1 5
1718415428639 0.1 6
1718415429590 0.1 7
1718415430456 0.1 8
1718415431355 0.1 9
1718415432188 0.1 10
1718415433056 0.1 11
1718415433989 0.1 12
1718415434855 0.1 13
1718415435738 0.1 14
1718415436604 0.1 15
1718415437437 0.1 16
1718415438337 0.1 17
1718415439187 0.1 18
1718415440037 0.1 19
1718415440920 0.1 20
1718415441803 0.1 21
1718415442553 0.1 22
1718415443269 0.1 23
1718415444019 0.1 24
1718415444836 0.1 25
1718415445569 0.1 26
1718415446252 0.1 27
1718415446969 0.1 28
1718415447718 0.1 29
1718415448417 0.1 30
1718415449135 0.1 31
1718415449851 0.1 32
1718415450568 0.1 33
1718415451268 0.1 34
1718415452001 0.1 35
1718415452734 0.1 36
1718415453434 0.1 37
1718415454151 0.1 38
1718415454867 0.1 39
1718415455567 0.1 40
1718415456267 0.1 41
1718415456967 0.1 42
1718415457750 0.1 43
1718415458516 0.1 44
1718415459333 0.1 45
1718415460049 0.1 46
1718415460749 0.1 47
1718415461432 0.1 48
1718415462132 0.1 49
