1718452142918 45.781375885009766 0
1718452143846 12.099447250366211 1
1718452144746 183.7602081298828 2
1718452145613 196.98704528808594 3
1718452146463 107.315185546875 4
1718452147329 55.30440139770508 5
1718452148179 205.39907836914062 6
1718452149096 99.27783966064453 7
1718452149997 156.27264404296875 8
1718452150945 113.85658264160156 9
1718452151877 117.59291076660156 10
1718452152799 70.93028259277344 11
1718452153745 184.091796875 12
1718452154661 150.5159454345703 13
1718452155688 67.75758361816406 14
1718452156565 82.68097686767578 15
1718452157461 97.00013732910156 16
1718452158362 28.293338775634766 17
1718452159314 114.327392578125 18
1718452160143 75.91580200195312 19
1718452160960 89.12620544433594 20
1718452161759 140.16610717773438 21
1718452162562 29.75491714477539 22
1718452163426 79.12188720703125 23
1718452164280 23.26327896118164 24
1718452165096 48.650882720947266 25
1718452165942 136.29002380371094 26
1718452166712 82.1761474609375 27
1718452167525 112.5412368774414 28
1718452168258 204.76451110839844 29
1718452168988 110.6594467163086 30
1718452169691 68.5487289428711 31
1718452170408 84.16352844238281 32
1718452171141 201.3688507080078 33
1718452171858 154.2714080810547 34
1718452172580 108.39494323730469 35
1718452173307 97.55391693115234 36
1718452174027 164.76339721679688 37
1718452174740 198.29251098632812 38
1718452175462 25.52227020263672 39
1718452176190 131.42999267578125 40
1718452176906 107.0721664428711 41
1718452177640 35.73260498046875 42
1718452178363 39.01580810546875 43
1718452179073 93.21980285644531 44
1718452179789 160.20907592773438 45
1718452180506 88.34765625 46
1718452181222 16.155414581298828 47
1718452181959 63.14890670776367 48
1718452182689 54.257911682128906 49
