1718512922875 1.0 0
1718512926431 1.0 1
1718512929647 1.0 2
1718512932565 1.0 3
1718512935121 1.0 4
1718512937669 1.0 5
1718512940204 1.0 6
1718512942701 1.0 7
1718512945158 1.0 8
1718512947793 1.0 9
1718512950262 1.0 10
1718512952797 1.0 11
1718512955334 1.0 12
1718512957918 1.0 13
1718512960422 1.0 14
1718512962938 1.0 15
1718512965440 1.0 16
1718512967962 1.0 17
1718512970493 1.0 18
1718512972946 1.0 19
1718512975448 1.0 20
1718512977949 1.0 21
1718512980471 1.0 22
1718512983281 1.0 23
1718512986572 1.0 24
1718512989691 1.0 25
1718512992510 1.0 26
1718512995045 1.0 27
1718512997581 1.0 28
1718513000099 1.0 29
1718513002718 1.0 30
1718513005420 1.0 31
1718513007938 1.0 32
1718513010440 1.0 33
1718513012975 1.0 34
1718513015594 1.0 35
1718513018463 1.0 36
1718513021098 1.0 37
1718513023633 1.0 38
1718513026152 1.0 39
1718513028821 1.0 40
1718513031909 1.0 41
1718513034577 1.0 42
1718513037143 1.0 43
1718513039779 1.0 44
1718513042481 1.0 45
1718513045800 1.0 46
1718513049036 1.0 47
1718513052021 1.0 48
1718513054608 1.0 49
