1718373559031 0.2 0
1718373559754 0.4 1
1718373560377 0.4 2
1718373561015 0.4 3
1718373561659 0.4 4
1718373562290 0.4 5
1718373562942 0.4 6
1718373563776 0.4 7
1718373564429 0.4 8
1718373565120 0.4 9
1718373565801 0.4 10
1718373566470 0.4 11
1718373567520 0.4 12
1718373568449 0.4 13
1718373569362 0.4 14
1718373570012 0.4 15
1718373570747 0.4 16
1718373571563 0.4 17
1718373572885 0.4 18
1718373573572 0.4 19
1718373574237 0.4 20
1718373574874 0.4 21
1718373575595 0.4 22
1718373576278 0.4 23
1718373576953 0.4 24
1718373577606 0.4 25
1718373578224 0.4 26
1718373578872 0.4 27
1718373579655 0.4 28
1718373580481 0.4 29
1718373581343 0.4 30
1718373582113 0.4 31
1718373582757 0.4 32
1718373583346 0.4 33
1718373583958 0.4 34
1718373584692 0.4 35
1718373585319 0.4 36
1718373585947 0.4 37
1718373586583 0.4 38
1718373587204 0.4 39
1718373588050 0.4 40
1718373588703 0.4 41
1718373589322 0.4 42
1718373589969 0.4 43
1718373590744 0.4 44
1718373591550 0.4 45
1718373592346 0.4 46
1718373593180 0.4 47
1718373593953 0.4 48
1718373595011 0.4 49
