1718373558922 2.256362199783325 0
1718373559659 2.4448461532592773 1
1718373560271 2.7281575202941895 2
1718373560916 2.7843432426452637 3
1718373561560 2.7914910316467285 4
1718373562179 2.7927279472351074 5
1718373562844 2.792813777923584 6
1718373563670 2.7926297187805176 7
1718373564318 2.7923882007598877 8
1718373565016 2.7921502590179443 9
1718373565701 2.7919318675994873 10
1718373566359 2.7917351722717285 11
1718373567319 2.7915596961975098 12
1718373568293 2.791402578353882 13
1718373569261 2.7912638187408447 14
1718373569913 2.7911410331726074 15
1718373570637 2.7910332679748535 16
1718373571413 2.790937900543213 17
1718373572743 2.7908549308776855 18
1718373573466 2.790783643722534 19
1718373574131 2.7907214164733887 20
1718373574766 2.790668487548828 21
1718373575475 2.7906241416931152 22
1718373576182 2.7905867099761963 23
1718373576857 2.7905564308166504 24
1718373577498 2.790532112121582 25
1718373578121 2.790513515472412 26
1718373578778 2.7905004024505615 27
1718373579521 2.7904915809631348 28
1718373580336 2.790487289428711 29
1718373581181 2.790487289428711 30
1718373582013 2.7904906272888184 31
1718373582658 2.7904975414276123 32
1718373583265 2.7905068397521973 33
1718373583864 2.7905197143554688 34
1718373584598 2.790534496307373 35
1718373585237 2.7905521392822266 36
1718373585863 2.7905712127685547 37
1718373586480 2.790593385696411 38
1718373587094 2.790616512298584 39
1718373587960 2.7906417846679688 40
1718373588596 2.7906672954559326 41
1718373589214 2.7906956672668457 42
1718373589869 2.790724515914917 43
1718373590586 2.7907543182373047 44
1718373591387 2.7907848358154297 45
1718373592190 2.7908167839050293 46
1718373593025 2.790848970413208 47
1718373593826 2.790881872177124 48
1718373594917 2.7909152507781982 49
