1718401231134 0.19402985074626866 0
1718401231334 0.21940298507462686 1
1718401231550 0.3119402985074627 2
1718401231783 0.11641791044776119 3
1718401232007 0.17761194029850746 4
1718401232217 0.11343283582089553 5
1718401232417 0.1328358208955224 6
1718401232851 0.09850746268656717 7
1718401233036 0.26417910447761195 8
1718401233234 0.11044776119402985 9
1718401233434 0.11343283582089553 10
1718401233651 0.1328358208955224 11
1718401233851 0.17761194029850746 12
1718401234068 0.11044776119402985 13
1718401234268 0.12388059701492538 14
1718401234469 0.24925373134328357 15
1718401234669 0.10895522388059702 16
1718401234902 0.11641791044776119 17
1718401235102 0.11343283582089553 18
1718401235319 0.11641791044776119 19
1718401235519 0.11641791044776119 20
1718401235720 0.1208955223880597 21
1718401235920 0.1626865671641791 22
1718401236120 0.14925373134328357 23
1718401236337 0.14328358208955225 24
1718401236554 0.11641791044776119 25
1718401236754 0.20298507462686566 26
1718401236954 0.1537313432835821 27
1718401237154 0.09402985074626866 28
1718401237354 0.21194029850746268 29
1718401237590 0.23880597014925373 30
1718401237790 0.1761194029850746 31
1718401238007 0.11641791044776119 32
1718401238205 0.20149253731343283 33
1718401238424 0.22388059701492538 34
1718401238638 0.21343283582089553 35
1718401238854 0.11641791044776119 36
1718401239072 0.11343283582089553 37
1718401239272 0.18358208955223881 38
1718401239489 0.25223880597014925 39
1718401239706 0.1417910447761194 40
1718401239923 0.11641791044776119 41
1718401240123 0.10895522388059702 42
1718401240323 0.16865671641791044 43
1718401240540 0.10149253731343283 44
1718401240740 0.16417910447761194 45
1718401240957 0.2 46
1718401241157 0.11641791044776119 47
1718401241340 0.09402985074626866 48
1718401241557 0.14776119402985075 49
