1718516283308 0.1858163826278175 0
1718516283892 0.19573537452159653 1
1718516284425 0.1858163826278175 2
1718516284975 0.1858163826278175 3
1718516285525 0.1858163826278175 4
1718516286092 0.18681318681318682 5
1718516286641 0.1858163826278175 6
1718516287158 0.1858163826278175 7
1718516287708 0.1858163826278175 8
1718516288224 0.1858163826278175 9
1718516288760 0.1858163826278175 10
1718516289293 0.1858163826278175 11
1718516289860 0.1858163826278175 12
1718516290394 0.1858163826278175 13
1718516290927 0.19573537452159653 14
1718516291440 0.1858163826278175 15
1718516291962 0.1858163826278175 16
1718516292523 0.1858163826278175 17
1718516293040 0.10037021610485489 18
1718516293588 0.08991662289031667 19
1718516294089 0.4424925981900332 20
1718516294840 0.1858163826278175 21
1718516295440 0.1858163826278175 22
1718516295926 0.1858163826278175 23
1718516296406 0.1858163826278175 24
1718516296872 0.1858163826278175 25
1718516297326 0.1858163826278175 26
1718516297772 0.19573537452159653 27
1718516298191 0.19573537452159653 28
1718516298639 0.1858163826278175 29
1718516299055 0.1858163826278175 30
1718516299472 0.1858163826278175 31
1718516299899 0.1858163826278175 32
1718516300322 0.1858163826278175 33
1718516300755 0.1858163826278175 34
1718516301194 0.1858163826278175 35
1718516301622 0.1858163826278175 36
1718516302037 0.1858163826278175 37
1718516302467 0.18681318681318682 38
1718516302921 0.16870144284128746 39
1718516303371 0.19573537452159653 40
1718516303788 0.1858163826278175 41
1718516304188 0.1858163826278175 42
1718516304621 0.1858163826278175 43
1718516305041 0.18681318681318682 44
1718516305487 0.1858163826278175 45
1718516305937 0.1858163826278175 46
1718516306387 0.0635824896036474 47
1718516306821 0.1858163826278175 48
1718516307253 0.1858163826278175 49
