1718331227096 2.1926941871643066 0
1718331227426 2.192619562149048 1
1718331227722 2.1925559043884277 2
1718331228023 2.192500352859497 3
1718331228327 2.1924500465393066 4
1718331228621 2.1924033164978027 5
1718331228905 2.192359447479248 6
1718331229203 2.1923162937164307 7
1718331229490 2.192274570465088 8
1718331229774 2.192232370376587 9
1718331230052 2.192189931869507 10
1718331230346 2.1921467781066895 11
1718331230635 2.192103624343872 12
1718331230918 2.192058801651001 13
1718331231225 2.192013740539551 14
1718331231509 2.1919679641723633 15
1718331231794 2.1919212341308594 16
1718331232115 2.1918745040893555 17
1718331232406 2.1918270587921143 18
1718331232696 2.191779613494873 19
1718331232979 2.1917314529418945 20
1718331233278 2.191683292388916 21
1718331233567 2.1916348934173584 22
1718331233861 2.19158673286438 23
1718331234162 2.1915390491485596 24
1718331234455 2.19149112701416 25
1718331234758 2.191443920135498 26
1718331235045 2.191396951675415 27
1718331235349 2.191349744796753 28
1718331235658 2.1913037300109863 29
1718331235955 2.191258192062378 30
1718331236266 2.1912126541137695 31
1718331236566 2.1911683082580566 32
1718331236865 2.191124200820923 33
1718331237178 2.191080331802368 34
1718331237486 2.191037178039551 35
1718331237794 2.1909947395324707 36
1718331238091 2.190952777862549 37
1718331238394 2.190911293029785 38
1718331238684 2.190870523452759 39
1718331238973 2.1908302307128906 40
1718331239269 2.1907906532287598 41
1718331239558 2.190751552581787 42
1718331239850 2.1907124519348145 43
1718331240158 2.190674066543579 44
1718331240449 2.19063663482666 45
1718331240741 2.190599203109741 46
1718331241033 2.1905627250671387 47
1718331241339 2.190525770187378 48
1718331241633 2.1904900074005127 49
