1718380277715 0.4 0
1718380278404 0.6 1
1718380279102 0.4 2
1718380279776 0.6 3
1718380280438 0.4 4
1718380281112 0.4 5
1718380281792 0.2 6
1718380282447 0.2 7
1718380283121 0.2 8
1718380283813 0.2 9
1718380284512 0.2 10
1718380285209 0.2 11
1718380285922 0.4 12
1718380286612 0.6 13
1718380287334 0.6 14
1718380288068 0.2 15
1718380288777 0.2 16
1718380289487 0.4 17
1718380290196 0.2 18
1718380290896 0.0 19
1718380291579 0.2 20
1718380292281 0.2 21
1718380292978 0.4 22
1718380293655 0.0 23
1718380294339 0.0 24
1718380295012 0.4 25
1718380295673 0.2 26
1718380296391 0.2 27
1718380297075 0.2 28
1718380297749 0.4 29
1718380298432 0.0 30
1718380299161 0.0 31
1718380299896 0.2 32
1718380300568 0.2 33
1718380301238 0.2 34
1718380301908 0.6 35
1718380302622 0.4 36
1718380303313 0.4 37
1718380303990 0.4 38
1718380304657 0.4 39
1718380305349 0.4 40
1718380306014 0.4 41
1718380306674 0.2 42
1718380307354 0.2 43
1718380308029 0.4 44
1718380308711 0.4 45
1718380309377 0.2 46
1718380310062 0.4 47
1718380310723 0.2 48
1718380311396 0.2 49
