1718399939185 -0.10686039924621582 0
1718399939822 -0.06700754165649414 1
1718399940485 0.06115007400512695 2
1718399941103 -0.20672059059143066 3
1718399941737 -0.09531164169311523 4
1718399942455 -0.29941534996032715 5
1718399943238 -0.11997413635253906 6
1718399943972 -0.16999602317810059 7
1718399944756 -0.9004044532775879 8
1718399945557 -0.3231189250946045 9
1718399946291 0.03667759895324707 10
1718399947074 -0.263561487197876 11
1718399947842 -0.11844420433044434 12
1718399948629 -0.07722020149230957 13
1718399949414 -0.5712227821350098 14
1718399950161 -0.1636371612548828 15
1718399950931 -0.20183992385864258 16
1718399951695 -0.0043087005615234375 17
1718399952462 -0.10102510452270508 18
1718399953232 -0.2286694049835205 19
1718399953997 -0.13274359703063965 20
1718399954747 -0.1873786449432373 21
1718399955498 -0.742363691329956 22
1718399956234 -0.13250446319580078 23
1718399957031 -0.11509442329406738 24
1718399957783 -0.31751084327697754 25
1718399958550 -0.31252527236938477 26
1718399959317 -0.17337989807128906 27
1718399960068 -0.7447829246520996 28
1718399960818 -0.2362651824951172 29
1718399961452 -1.0864217281341553 30
1718399962070 -0.08091092109680176 31
1718399962686 -0.2258756160736084 32
1718399963320 -0.17763400077819824 33
1718399963954 -0.21656489372253418 34
1718399964588 -0.29956650733947754 35
1718399965221 -0.533480167388916 36
1718399965855 -0.16758370399475098 37
1718399966489 -0.2533700466156006 38
1718399967123 -0.3970484733581543 39
1718399967757 -0.21367645263671875 40
1718399968374 -0.027779102325439453 41
1718399968991 -0.2950594425201416 42
1718399969625 -0.18518424034118652 43
1718399970274 -0.04282236099243164 44
1718399970892 -0.13978791236877441 45
1718399971526 -0.15059590339660645 46
1718399972146 -0.2535064220428467 47
1718399972777 0.0035932064056396484 48
1718399973410 -0.30274033546447754 49
