1718392069823 0.36974789915966383 0
1718392070195 0.36974789915966383 1
1718392070562 0.36974789915966383 2
1718392070956 0.36974789915966383 3
1718392071336 0.36974789915966383 4
1718392071722 0.36974789915966383 5
1718392072097 0.36974789915966383 6
1718392072460 0.36974789915966383 7
1718392072915 0.36974789915966383 8
1718392073270 0.36974789915966383 9
1718392073660 0.36974789915966383 10
1718392074041 0.36974789915966383 11
1718392074438 0.36974789915966383 12
1718392074819 0.36974789915966383 13
1718392075181 0.36974789915966383 14
1718392075600 0.36974789915966383 15
1718392075991 0.36974789915966383 16
1718392076584 0.5305250305250305 17
1718392076982 0.569327731092437 18
1718392077346 0.569327731092437 19
1718392077739 0.569327731092437 20
1718392078106 0.569327731092437 21
1718392078480 0.569327731092437 22
1718392078850 0.569327731092437 23
1718392079226 0.569327731092437 24
1718392079604 0.569327731092437 25
1718392079998 0.569327731092437 26
1718392080389 0.569327731092437 27
1718392080782 0.569327731092437 28
1718392081142 0.569327731092437 29
1718392081506 0.569327731092437 30
1718392081868 0.569327731092437 31
1718392082307 0.569327731092437 32
1718392082877 0.569327731092437 33
1718392083365 0.569327731092437 34
1718392084008 0.569327731092437 35
1718392084643 0.569327731092437 36
1718392085070 0.569327731092437 37
1718392085487 0.10810810810810811 38
1718392085914 0.10810810810810811 39
1718392086367 0.10810810810810811 40
1718392086792 0.10810810810810811 41
1718392087332 0.10810810810810811 42
1718392087774 0.10810810810810811 43
1718392088239 0.10810810810810811 44
1718392088645 0.10810810810810811 45
1718392089060 0.10810810810810811 46
1718392089574 0.10810810810810811 47
1718392090034 0.10810810810810811 48
1718392090463 0.10810810810810811 49
