1717625322023 4.95617108856267 0
1717625322152 4.95617108856267 0
1717625332407 5.154669734876759 1
1717625332505 5.154669734876759 1
1717625342260 5.301067659020806 2
1717625342323 5.301067659020806 2
1717625351815 5.300165510137803 3
1717625351931 5.300165510137803 3
1717625360908 5.298632312677362 4
1717625361013 5.298632312677362 4
1717625369488 5.299360844387893 5
1717625369528 5.299360844387893 5
1717625377994 5.299643696369175 6
1717625378110 5.299643696369175 6
1717625387203 5.299739912093889 7
1717625387346 5.299739912093889 7
1717625396902 5.299787698478571 8
1717625396955 5.299787698478571 8
1717625407468 5.299816373060508 9
1717625407515 5.299816373060508 9
1717625418991 5.299835585209525 10
1717625419039 5.299835585209525 10
1717625430539 5.299849433315058 11
1717625438037 5.299849433315058 11
1717625449604 5.299859900532372 12
1717625449674 5.299859900532372 12
1717625461379 5.299868099646807 13
1717625461533 5.299868099646807 13
1717625471286 5.299874696177965 14
1717625471321 5.299874696177965 14
1717625483923 5.299880147433971 15
1717625484089 5.299880147433971 15
1717625495470 5.299884738426394 16
1717625495586 5.299884738426394 16
1717625506306 5.299888627316986 17
1717625506424 5.299888627316986 17
1717625518148 5.299892005376121 18
1717625518253 5.299892005376121 18
1717625527030 5.299894953402547 19
1717625527061 5.299894953402547 19
1717625530847 5.299897528633848 20
1717625530890 5.299897528633848 20
1717625534477 5.299899815067588 21
1717625534547 5.299899815067588 21
1717625541694 5.299901869741573 22
1717625541762 5.299901869741573 22
1717625549158 5.299903691355674 23
1717625549226 5.299903691355674 23
1717625556841 5.299905359836364 24
1717625556907 5.299905359836364 24
1717625564067 5.299906844333333 25
1717625564122 5.299906844333333 25
1717625570971 5.299908258158313 26
1717625571039 5.299908258158313 26
1717625578069 5.299909516187787 27
1717625578137 5.299909516187787 27
1717625585018 5.2999106892787395 28
1717625585085 5.2999106892787395 28
1717625592062 5.299911736421623 29
1717625592134 5.299911736421623 29
1717625599076 5.299912716421262 30
1717625599149 5.299912716421262 30
1717625605957 5.299913653665068 31
1717625606031 5.299913653665068 31
1717625613946 5.299914517113131 32
1717625614080 5.299914517113131 32
1717625621135 5.299915328339384 33
1717625621206 5.299915328339384 33
1717625628042 5.299916067415876 34
1717625628125 5.299916067415876 34
1717625634853 5.2999167852270945 35
1717625634911 5.2999167852270945 35
1717625641028 5.299917439501567 36
1717625641057 5.299917439501567 36
1717625647090 5.299918069304514 37
1717625647155 5.299918069304514 37
1717625653734 5.2999186340536415 38
1717625653789 5.2999186340536415 38
1717625660170 5.299919216819655 39
1717625660237 5.299919216819655 39
1717625667052 5.299919736382895 40
1717625667152 5.299919736382895 40
1717625675123 5.299920238682083 41
1717625675172 5.299920238682083 41
1717625681000 5.299920713793236 42
1717625681076 5.299920713793236 42
1717625688047 5.2999211839935745 43
1717625688126 5.2999211839935745 43
1717625695042 5.299921609294069 44
1717625695114 5.299921609294069 44
1717625701695 5.299921996819651 45
1717625701762 5.299921996819651 45
1717625708378 5.299922383116044 46
1717625708444 5.299922383116044 46
1717625715010 5.299922762071652 47
1717625715076 5.299922762071652 47
1717625721590 5.299923113457548 48
1717625721651 5.299923113457548 48
1717625728257 5.299923453988275 49
1717625728324 5.299923453988275 49
