1718575190999 0.09151515151515152 0
1718575191557 0.09151515151515152 1
1718575192149 0.11753706788818348 2
1718575192732 0.09151515151515152 3
1718575193272 0.09151515151515152 4
1718575193772 0.04350469335149069 5
1718575194285 0.09151515151515152 6
1718575194834 0.09151515151515152 7
1718575195373 0.09151515151515152 8
1718575195909 0.05913150998412874 9
1718575196455 0.11245462826491955 10
1718575196961 0.09151515151515152 11
1718575197503 0.5870585701981051 12
1718575198555 0.09151515151515152 13
1718575199263 0.09151515151515152 14
1718575199966 0.09151515151515152 15
1718575200686 0.09151515151515152 16
1718575201341 0.09151515151515152 17
1718575202101 0.09151515151515152 18
1718575203388 0.09151515151515152 19
1718575204508 0.09151515151515152 20
1718575205792 0.09151515151515152 21
1718575206994 0.11670166446208112 22
1718575207874 0.09151515151515152 23
1718575209673 0.11235376187032561 24
1718575210528 0.09151515151515152 25
1718575211357 0.09323897801923688 26
1718575212230 0.07989647733460152 27
1718575213080 0.5075330546970497 28
1718575213833 0.09151515151515152 29
1718575214609 0.4662135736196319 30
1718575215465 0.09151515151515152 31
1718575216148 0.09151515151515152 32
1718575216954 0.08321060047320827 33
1718575217700 0.09151515151515152 34
1718575218484 0.5845546932742055 35
1718575219381 0.09151515151515152 36
1718575220405 0.09151515151515152 37
1718575221285 0.09151515151515152 38
1718575222127 0.14214945457662476 39
1718575223009 0.09151515151515152 40
1718575223855 0.09151515151515152 41
1718575224721 0.09151515151515152 42
1718575225595 0.10848484848484848 43
1718575226423 0.09151515151515152 44
1718575227107 0.09151515151515152 45
1718575227872 0.09151515151515152 46
1718575228508 0.16057466540910334 47
1718575229192 0.09151515151515152 48
1718575229825 0.09151515151515152 49
