1718575305732 2.3150401027114302 0
1718575306248 2.308788860285724 1
1718575306783 2.309551486262569 2
1718575307300 2.310883703055205 3
1718575307871 2.3278742454670094 4
1718575308409 2.3038636445999146 5
1718575308968 2.3106074465645685 6
1718575309902 2.3257505231433444 7
1718575310636 2.300722850693597 8
1718575311270 2.3341742003405535 9
1718575311899 2.3313457700941296 10
1718575312418 2.3398980211328575 11
1718575312971 2.3621053872285067 12
1718575313538 2.30628267482475 13
1718575314292 2.3117502707022206 14
1718575314896 2.309310621685452 15
1718575315492 2.3588965159875377 16
1718575316049 2.3264391643029674 17
1718575316648 2.3013069850427135 18
1718575317311 2.3272646930482654 19
1718575317908 2.301470752115603 20
1718575318474 2.334384251523901 21
1718575319044 2.3251209965458624 22
1718575319680 2.333521017321834 23
1718575320310 2.354884734860173 24
1718575320893 2.3297825124528675 25
1718575321461 2.340611457824707 26
1718575322049 2.3289123552816884 27
1718575322829 2.3198754169322826 28
1718575323829 2.29112270143297 29
1718575324796 2.303936212151139 30
1718575325547 2.334105535789772 31
1718575326281 2.2991419147562095 32
1718575326998 2.359661022822062 33
1718575327749 2.309593946845443 34
1718575328649 2.3166945068924516 35
1718575329673 2.3589713176091514 36
1718575330465 2.303606735335456 37
1718575331249 2.323051766112999 38
1718575331966 2.3471813555117005 39
1718575332609 2.2972774373160467 40
1718575333242 2.292807181676229 41
1718575333886 2.2968181062627724 42
1718575334520 2.3660572546499745 43
1718575335193 2.3137776675047697 44
1718575335836 2.2996546118347734 45
1718575336488 2.3364058556380094 46
1718575337139 2.3178810852545277 47
1718575337789 2.3153787895485207 48
1718575338491 2.347133247940629 49
