1718530888618 0.10242424242424242 0
1718530893583 0.10242424242424242 1
1718530898765 0.10242424242424242 2
1718530903764 0.10242424242424242 3
1718530908681 0.10242424242424242 4
1718530914021 0.10242424242424242 5
1718530919311 0.10242424242424242 6
1718530924980 0.10242424242424242 7
1718530931420 0.10242424242424242 8
1718530937058 0.10242424242424242 9
1718530941907 0.10242424242424242 10
1718530946489 0.10242424242424242 11
1718530951122 0.10242424242424242 12
1718530955757 0.10242424242424242 13
1718530960355 0.10242424242424242 14
1718530965086 0.10242424242424242 15
1718530969822 0.10242424242424242 16
1718530974567 0.10242424242424242 17
1718530979483 0.10242424242424242 18
1718530984582 0.10242424242424242 19
1718530989901 0.10242424242424242 20
1718530995079 0.10242424242424242 21
1718530999812 0.10242424242424242 22
1718531004511 0.10242424242424242 23
1718531009177 0.10242424242424242 24
1718531013908 0.10242424242424242 25
1718531018758 0.10242424242424242 26
1718531023378 0.10242424242424242 27
1718531027923 0.10242424242424242 28
1718531032638 0.10242424242424242 29
1718531037238 0.10242424242424242 30
1718531041904 0.10242424242424242 31
1718531046936 0.10242424242424242 32
1718531051952 0.10242424242424242 33
1718531056970 0.10242424242424242 34
1718531061557 0.10242424242424242 35
1718531066226 0.10242424242424242 36
1718531070864 0.10242424242424242 37
1718531075627 0.10242424242424242 38
1718531080413 0.10242424242424242 39
1718531085112 0.10242424242424242 40
1718531089694 0.10242424242424242 41
1718531094529 0.10242424242424242 42
1718531099259 0.10242424242424242 43
1718531104375 0.10242424242424242 44
1718531109874 0.10242424242424242 45
1718531115393 0.10242424242424242 46
1718531120305 0.10242424242424242 47
1718531124941 0.10242424242424242 48
1718531129803 0.10242424242424242 49
