1718584971061 0.10242424242424242 0
1718584971660 0.10242424242424242 1
1718584972271 0.10242424242424242 2
1718584972800 0.10242424242424242 3
1718584973338 0.10242424242424242 4
1718584974113 0.056038855192002295 5
1718584974833 0.15075201380468647 6
1718584975511 0.5641686893203883 7
1718584976113 0.10303030303030303 8
1718584976773 0.10242424242424242 9
1718584977469 0.10242424242424242 10
1718584978337 0.10242424242424242 11
1718584979078 0.10848484848484848 12
1718584979770 0.10242424242424242 13
1718584980438 0.10848484848484848 14
1718584981102 0.10242424242424242 15
1718584981778 0.10242424242424242 16
1718584982741 0.11023571152433485 17
1718584984357 0.10242424242424242 18
1718584985449 0.19539790023419484 19
1718584986352 0.1614608434532542 20
1718584987191 0.10242424242424242 21
1718584987987 0.10242424242424242 22
1718584988882 0.10242424242424242 23
1718584989916 0.10242424242424242 24
1718584991069 0.10242424242424242 25
1718584992007 0.0542572188449848 26
1718584992798 0.10848484848484848 27
1718584993544 0.32521716760231073 28
1718584994362 0.14402208640611025 29
1718584995387 0.23228591659086373 30
1718584996246 0.10242424242424242 31
1718584997101 0.10242424242424242 32
1718584998070 0.10848484848484848 33
1718584999018 0.11992191103856138 34
1718584999902 0.10303030303030303 35
1718585000688 0.10848484848484848 36
1718585001443 0.10242424242424242 37
1718585002234 0.49619938214911913 38
1718585003117 0.10242424242424242 39
1718585003984 0.10242424242424242 40
1718585004803 0.10848484848484848 41
1718585005540 0.10848484848484848 42
1718585006289 0.20406453869898014 43
1718585007030 0.10242424242424242 44
1718585007853 0.10242424242424242 45
1718585008626 0.10242424242424242 46
1718585009398 0.10242424242424242 47
1718585010118 0.10242424242424242 48
1718585010918 0.10242424242424242 49
