1718350092264 0.0 0
1718350094617 0.0 1
1718350097187 0.0 2
1718350099638 0.0 3
1718350102228 0.0 4
1718350104730 0.0 5
1718350107145 0.0 6
1718350109582 0.0 7
1718350111900 0.0 8
1718350114535 0.0 9
1718350116807 0.0 10
1718350119352 0.0 11
1718350121706 0.0 12
1718350124201 0.0 13
1718350126617 0.0 14
1718350128827 0.0 15
1718350131349 0.0 16
1718350133554 0.0 17
1718350135982 0.0 18
1718350138347 0.0 19
1718350140731 0.0 20
1718350143358 0.0 21
1718350145944 0.0 22
1718350148427 0.0 23
1718350150618 0.0 24
1718350153187 0.0 25
1718350155544 0.0 26
1718350158082 0.0 27
1718350160348 0.0 28
1718350162739 0.0 29
1718350165209 0.0 30
1718350167565 0.0 31
1718350170174 0.0 32
1718350172499 0.0 33
1718350174912 0.0 34
1718350177236 0.0 35
1718350179687 0.0 36
1718350181986 0.0 37
1718350184334 0.0 38
1718350186861 0.0 39
1718350189226 0.0 40
1718350191886 0.0 41
1718350194116 0.0 42
1718350196578 0.0 43
1718350199056 0.0 44
1718350201460 0.0 45
1718350204181 0.0 46
1718350206546 0.0 47
1718350209032 0.0 48
1718350211355 0.0 49
