1718538671952 1.0 0
1718538672521 1.0 1
1718538673075 1.0 2
1718538673638 1.0 3
1718538674185 1.0 4
1718538674768 1.0 5
1718538675318 1.0 6
1718538675868 1.0 7
1718538676436 1.0 8
1718538676935 1.0 9
1718538677477 1.0 10
1718538677968 1.0 11
1718538678485 1.0 12
1718538678949 1.0 13
1718538679384 1.0 14
1718538679817 1.0 15
1718538680288 1.0 16
1718538680700 1.0 17
1718538681154 1.0 18
1718538681617 1.0 19
1718538682034 1.0 20
1718538682483 1.0 21
1718538682917 1.0 22
1718538683383 1.0 23
1718538683816 1.0 24
1718538684253 1.0 25
1718538684753 1.0 26
1718538685216 1.0 27
1718538685683 1.0 28
1718538686158 1.0 29
1718538686599 1.0 30
1718538687066 1.0 31
1718538687499 1.0 32
1718538687966 1.0 33
1718538688399 1.0 34
1718538688859 1.0 35
1718538689265 1.0 36
1718538689698 1.0 37
1718538690115 1.0 38
1718538690550 1.0 39
1718538690982 1.0 40
1718538691415 1.0 41
1718538691832 1.0 42
1718538692281 1.0 43
1718538692698 1.0 44
1718538693161 1.0 45
1718538693584 1.0 46
1718538694015 1.0 47
1718538694464 1.0 48
1718538694881 1.0 49
