1718328125690 -0.6079767942428589 0
1718328126106 -0.5802867412567139 1
1718328126520 -0.2760908603668213 2
1718328126953 0.11204290390014648 3
1718328127324 -0.4368612766265869 4
1718328127645 -0.42672276496887207 5
1718328127960 -0.7335708141326904 6
1718328128243 -0.4646618366241455 7
1718328128547 -0.29415440559387207 8
1718328128861 0.02601611614227295 9
1718328129152 -0.2716238498687744 10
1718328129456 -0.1637512445449829 11
1718328129751 -0.5799102783203125 12
1718328130061 -0.4463515281677246 13
1718328130378 -0.7013921737670898 14
1718328130674 -0.782766580581665 15
1718328130991 -0.6270045042037964 16
1718328131320 -0.3737443685531616 17
1718328131641 -0.3258535861968994 18
1718328131967 -0.28605568408966064 19
1718328132305 -0.35265660285949707 20
1718328132652 0.015941619873046875 21
1718328133033 0.059444427490234375 22
1718328133369 -0.4728301763534546 23
1718328133683 -0.16073870658874512 24
1718328134025 -0.3082406520843506 25
1718328134340 -0.3579578399658203 26
1718328134654 -0.164894700050354 27
1718328134981 -0.3278803825378418 28
1718328135269 -0.18310904502868652 29
1718328135568 -0.22781825065612793 30
1718328135912 -0.11352789402008057 31
1718328136316 -0.3688645362854004 32
1718328136645 -0.22811365127563477 33
1718328137036 0.01444697380065918 34
1718328137419 -0.21314918994903564 35
1718328137732 -0.34114623069763184 36
1718328138048 -0.598799467086792 37
1718328138346 -0.6677353382110596 38
1718328138754 -0.3850574493408203 39
1718328139126 -0.5581899881362915 40
1718328139510 -0.3327096700668335 41
1718328139913 -0.2919524908065796 42
1718328140276 -0.11158633232116699 43
1718328140606 -0.5456415414810181 44
1718328140969 -0.24192917346954346 45
1718328141334 -0.3546215295791626 46
1718328141676 -0.16530847549438477 47
1718328141991 -0.6828294992446899 48
1718328142308 -0.6231639385223389 49
