1718493040847 2.4247459996102463 0
1718493041644 2.4292131573406617 1
1718493042447 2.433962813953855 2
1718493043263 2.435400953933374 3
1718493044033 2.407846541547064 4
1718493044831 2.4379571587292115 5
1718493045634 2.4270740498357743 6
1718493046385 2.3669839572550644 7
1718493047182 2.4105155992863785 8
1718493047933 2.4822696082627593 9
1718493048736 2.3787735647230006 10
1718493049535 2.456494786401293 11
1718493050301 2.454208064879944 12
1718493051072 2.402707978860656 13
1718493051855 2.3984955584824976 14
1718493052681 2.4062506107252037 15
1718493053470 2.392633526627697 16
1718493054281 2.412646943063878 17
1718493055082 2.4110173823228522 18
1718493055906 2.37514215174006 19
1718493056740 2.4437656473757614 20
1718493057540 2.4189472803428993 21
1718493058291 2.4376372726105933 22
1718493059108 2.4669339985989813 23
1718493059892 2.4060956751232716 24
1718493060726 2.400994097118947 25
1718493061514 2.423985995463471 26
1718493062395 2.3922162554157316 27
1718493063278 2.413804080059279 28
1718493064179 2.4044860121029528 29
1718493065019 2.3961445404522457 30
1718493065846 2.398734846666678 31
1718493066747 2.389563519563248 32
1718493067648 2.425885280566429 33
1718493068550 2.4646302603963597 34
1718493069491 2.4278485490315 35
1718493070350 2.406451009102722 36
1718493071251 2.4059027575734837 37
1718493072118 2.4488147043470128 38
1718493072993 2.409629293342135 39
1718493073836 2.389242880379976 40
1718493074638 2.3801131226233583 41
1718493075437 2.409159755528863 42
1718493076188 2.423812235024438 43
1718493076984 2.4439604273482933 44
1718493077755 2.441042622968332 45
1718493078539 2.443198045687889 46
1718493079325 2.4314262502229034 47
1718493080108 2.377234227621733 48
1718493080941 2.438991648937339 49
