1718388186507 0.8746268656716418 0
1718388186813 0.8865671641791045 1
1718388187107 0.8895522388059701 2
1718388187379 0.8776119402985074 3
1718388187669 0.826865671641791 4
1718388187942 0.8119402985074626 5
1718388188221 0.844776119402985 6
1718388188501 0.8716417910447761 7
1718388188786 0.8477611940298507 8
1718388189054 0.6895522388059702 9
1718388189327 0.8328358208955224 10
1718388189608 0.7970149253731343 11
1718388189878 0.8895522388059701 12
1718388190151 0.8656716417910447 13
1718388190555 0.8805970149253731 14
1718388190853 0.8925373134328358 15
1718388191125 0.8955223880597015 16
1718388191393 0.826865671641791 17
1718388191691 0.8417910447761194 18
1718388191957 0.8597014925373134 19
1718388192224 0.8477611940298507 20
1718388192499 0.8925373134328358 21
1718388192787 0.8955223880597015 22
1718388193068 0.9104477611940298 23
1718388193342 0.9014925373134328 24
1718388193621 0.8805970149253731 25
1718388193895 0.8776119402985074 26
1718388194165 0.8537313432835821 27
1718388194442 0.8388059701492537 28
1718388194733 0.8955223880597015 29
1718388195033 0.8626865671641791 30
1718388195301 0.9164179104477612 31
1718388195581 0.9194029850746268 32
1718388195856 0.8895522388059701 33
1718388196322 0.8716417910447761 34
1718388196551 0.8626865671641791 35
1718388196797 0.8716417910447761 36
1718388197037 0.9074626865671642 37
1718388197268 0.8985074626865671 38
1718388197507 0.8985074626865671 39
1718388197754 0.8746268656716418 40
1718388197987 0.8835820895522388 41
1718388198222 0.8656716417910447 42
1718388198463 0.8 43
1718388198709 0.8985074626865671 44
1718388198948 0.8835820895522388 45
1718388199192 0.8388059701492537 46
1718388199442 0.8238805970149253 47
1718388199689 0.7402985074626866 48
1718388199933 0.7104477611940299 49
