1718499349416 3.550614394141988 0
1718499354604 4.110744733901981 1
1718499359424 -0.5324057328337144 2
1718499364461 3.6716707403020634 3
1718499369950 1.399429403351415 4
1718499375036 2.936072265881271 5
1718499379805 -0.490133838362218 6
1718499384760 -2.986126050686429 7
1718499389580 2.2009656536315827 8
1718499394400 1.6225682057692508 9
1718499399321 -0.1994466077200201 10
1718499404091 -12.782061028935212 11
1718499408929 4.2974574112038955 12
1718499413799 -5.919613798685074 13
1718499418652 3.6946165339983876 14
1718499423573 -8.407319615121075 15
1718499428993 2.707121922024897 16
1718499434230 3.0631808303054693 17
1718499439067 0.8108146790745474 18
1718499443970 4.183307040215885 19
1718499448757 3.80807220091222 20
1718499453529 -3.444720594377273 21
1718499458416 1.8218670538527935 22
1718499463177 2.169001079367053 23
1718499467922 2.732295650643916 24
1718499472891 -7.903397502179825 25
1718499477696 3.2994979812994005 26
1718499482766 3.394115304479016 27
1718499488087 -7.614321923786639 28
1718499493309 -10.359315950431991 29
1718499498479 3.4669554984175477 30
1718499503348 1.9875164753718986 31
1718499508202 1.6432434303772272 32
1718499512939 -0.5406307656617049 33
1718499517826 -5.677719024136055 34
1718499522596 -4.7725371626295 35
1718499527450 -2.410446946477493 36
1718499532436 -0.35310482962832257 37
1718499537222 1.8782364176585267 38
1718499542127 3.99042254915677 39
1718499547431 -5.297219749592252 40
1718499552635 3.11764264762925 41
1718499557605 -0.6988725031597474 42
1718499562443 2.6000046682266493 43
1718499567296 -6.5205021469706494 44
1718499572067 -1.1903902402636675 45
1718499576952 -0.5633769318036679 46
1718499581807 -1.7130412846754473 47
1718499586694 3.1913230091419225 48
1718499591981 -2.667854383782317 49
