1718330609629 2.1170923709869385 0
1718330609926 1.9921404123306274 1
1718330610232 1.581485629081726 2
1718330610546 2.130990505218506 3
1718330610850 2.075488328933716 4
1718330611148 1.7306705713272095 5
1718330611439 1.9170886278152466 6
1718330611736 2.1750237941741943 7
1718330612026 2.2005457878112793 8
1718330612319 1.806432843208313 9
1718330612622 1.4522459506988525 10
1718330612917 1.768330693244934 11
1718330613215 2.0502617359161377 12
1718330613513 1.6420929431915283 13
1718330613807 1.9488664865493774 14
1718330614098 1.6795412302017212 15
1718330614392 1.9193346500396729 16
1718330614692 2.0964975357055664 17
1718330614998 1.9618966579437256 18
1718330615293 2.0300164222717285 19
1718330615599 2.10847544670105 20
1718330615899 1.711530089378357 21
1718330616193 2.003615617752075 22
1718330616492 2.307677745819092 23
1718330616804 1.970098614692688 24
1718330617106 1.9982210397720337 25
1718330617412 2.1580026149749756 26
1718330617721 2.1129822731018066 27
1718330618035 2.327477216720581 28
1718330618331 2.327477216720581 29
1718330618663 2.327477216720581 30
1718330618971 2.327477216720581 31
1718330619276 2.327476978302002 32
1718330619588 2.3282558917999268 33
1718330619897 1.9764323234558105 34
1718330620203 1.334175705909729 35
1718330620607 2.1628530025482178 36
1718330620922 1.9978691339492798 37
1718330621219 2.0789296627044678 38
1718330621519 2.0953316688537598 39
1718330621823 1.9293960332870483 40
1718330622112 2.1770920753479004 41
1718330622411 1.7397308349609375 42
1718330622718 1.762940764427185 43
1718330623018 1.9956454038619995 44
1718330623320 1.943811297416687 45
1718330623624 1.788023591041565 46
1718330623937 2.32535982131958 47
1718330624253 1.8569937944412231 48
1718330624601 1.700432538986206 49
