1718390382763 0.8477611940298507 0
1718390382991 0.826865671641791 1
1718390383266 0.7701492537313432 2
1718390383521 0.6298507462686567 3
1718390383756 0.6686567164179105 4
1718390384000 0.6388059701492538 5
1718390384253 0.7582089552238805 6
1718390384480 0.7492537313432835 7
1718390384705 0.764179104477612 8
1718390384939 0.755223880597015 9
1718390385379 0.7104477611940299 10
1718390385619 0.6597014925373135 11
1718390385866 0.7313432835820896 12
1718390386116 0.7253731343283583 13
1718390386344 0.7701492537313432 14
1718390386581 0.8507462686567164 15
1718390386814 0.817910447761194 16
1718390387059 0.8208955223880597 17
1718390387306 0.7850746268656716 18
1718390387542 0.7850746268656716 19
1718390387771 0.7850746268656716 20
1718390388007 0.7611940298507462 21
1718390388330 0.6417910447761194 22
1718390388563 0.6507462686567164 23
1718390388796 0.6835820895522388 24
1718390389042 0.7313432835820896 25
1718390389283 0.7611940298507462 26
1718390389521 0.6925373134328359 27
1718390389766 0.7343283582089553 28
1718390390008 0.7850746268656716 29
1718390390271 0.7820895522388059 30
1718390390511 0.7791044776119403 31
1718390390749 0.6925373134328359 32
1718390390987 0.764179104477612 33
1718390391236 0.7820895522388059 34
1718390391470 0.7731343283582089 35
1718390391722 0.817910447761194 36
1718390391968 0.7731343283582089 37
1718390392222 0.7910447761194029 38
1718390392456 0.7731343283582089 39
1718390392690 0.7492537313432835 40
1718390392925 0.7164179104477612 41
1718390393182 0.7164179104477612 42
1718390393431 0.7880597014925373 43
1718390393671 0.7970149253731343 44
1718390393914 0.7492537313432835 45
1718390394157 0.6805970149253732 46
1718390394400 0.6925373134328359 47
1718390394851 0.7194029850746269 48
1718390395089 0.7850746268656716 49
