1718493693515 0.5622641509433962 0
1718493693964 0.3835946924004825 1
1718493694399 0.5660377358490566 2
1718493694816 0.24123422159887797 3
1718493695247 0.41858141858141856 4
1718493695666 0.5850422195416164 5
1718493696117 0.4150537634408602 6
1718493696652 0.6613226452905812 7
1718493697117 0.45255474452554745 8
1718493697638 0.6067588325652842 9
1718493698071 0.4622991347342398 10
1718493698487 0.3794808405438813 11
1718493698935 0.47889022919179736 12
1718493699369 0.620583717357911 13
1718493699786 0.6943164362519201 14
1718493700209 0.41509433962264153 15
1718493700653 0.47465437788018433 16
1718493701087 0.5264797507788161 17
1718493701519 0.6605222734254992 18
1718493701938 0.6670687575392038 19
1718493702359 0.391705069124424 20
1718493702788 0.3156779661016949 21
1718493703225 0.6248492159227985 22
1718493703656 0.5264797507788161 23
1718493704106 0.39067357512953366 24
1718493704558 0.6835637480798771 25
1718493704990 0.34049079754601225 26
1718493705407 0.7219662058371735 27
1718493705807 0.571875 28
1718493706241 0.609375 29
1718493706675 0.7588325652841782 30
1718493707075 0.575 31
1718493707524 0.28263103802672146 32
1718493707926 0.237012987012987 33
1718493708362 0.3425499231950845 34
1718493708793 0.5331724969843185 35
1718493709210 0.47619047619047616 36
1718493709643 0.6609195402298851 37
1718493710077 0.3383647798742138 38
1718493710498 0.40392706872370265 39
1718493710945 1.0 40
1718493711378 0.30357142857142855 41
1718493711823 0.548728813559322 42
1718493712233 0.44488977955911824 43
1718493712646 0.36917562724014336 44
1718493713079 0.5609167671893848 45
1718493713496 0.5434782608695652 46
1718493713930 0.3047619047619048 47
1718493714350 0.23270440251572327 48
1718493714797 0.19119496855345913 49
