1718420354986 -0.07607293128967285 0
1718420355387 -0.04767298698425293 1
1718420355786 -0.22470879554748535 2
1718420356186 -0.31284022331237793 3
1718420356554 -0.23660564422607422 4
1718420356902 -0.3351287841796875 5
1718420357269 -0.22399163246154785 6
1718420357602 -0.18829751014709473 7
1718420357977 -0.29452037811279297 8
1718420358302 -0.08683300018310547 9
1718420358652 -0.10681533813476562 10
1718420359035 -0.3607950210571289 11
1718420359369 0.013097047805786133 12
1718420359702 -0.22563529014587402 13
1718420360089 -0.13500070571899414 14
1718420360452 -0.07638287544250488 15
1718420360818 -0.07597875595092773 16
1718420361185 -0.1029815673828125 17
1718420361602 -0.04712224006652832 18
1718420361968 -0.028949499130249023 19
1718420362322 -0.2618987560272217 20
1718420362702 -0.02042412757873535 21
1718420363088 -0.005882740020751953 22
1718420363455 -0.6056191921234131 23
1718420363804 -0.012505531311035156 24
1718420364139 -0.01987624168395996 25
1718420364453 -0.2730739116668701 26
1718420364751 -0.2894399166107178 27
1718420365088 0.07662057876586914 28
1718420365403 -0.0167999267578125 29
1718420365724 -0.039179086685180664 30
1718420366034 -0.013910531997680664 31
1718420366335 -0.19338488578796387 32
1718420366671 -0.3903474807739258 33
1718420367002 -0.026860952377319336 34
1718420367321 -0.11296486854553223 35
1718420367625 -0.3880302906036377 36
1718420367934 -0.23583030700683594 37
1718420368250 -0.06968522071838379 38
1718420368533 -0.12672829627990723 39
1718420368848 -0.18326735496520996 40
1718420369137 -0.10615086555480957 41
1718420369433 -0.09686064720153809 42
1718420369750 -0.1108253002166748 43
1718420370053 -0.09311771392822266 44
1718420370366 -0.42614102363586426 45
1718420370653 0.04501461982727051 46
1718420370950 -0.3197188377380371 47
1718420371266 -0.20558428764343262 48
1718420371552 -0.0927741527557373 49
