1718400993372 2.4137771129608154 0
1718400993605 2.182671308517456 1
1718400993839 2.233088493347168 2
1718400994056 2.196141004562378 3
1718400994272 2.23049259185791 4
1718400994489 2.276003837585449 5
1718400994706 2.2667441368103027 6
1718400994906 2.248439073562622 7
1718400995106 2.2713611125946045 8
1718400995306 2.282336711883545 9
1718400995523 2.2766833305358887 10
1718400995723 2.2458105087280273 11
1718400995923 2.2169301509857178 12
1718400996107 2.2069718837738037 13
1718400996324 2.3349554538726807 14
1718400996524 2.289984703063965 15
1718400996724 2.2956032752990723 16
1718400996924 2.2912492752075195 17
1718400997141 2.2777388095855713 18
1718400997340 2.298478126525879 19
1718400997558 2.295907735824585 20
1718400997758 2.2773687839508057 21
1718400997958 2.2720212936401367 22
1718400998159 2.3131611347198486 23
1718400998358 2.3023838996887207 24
1718400998559 2.3003721237182617 25
1718400998759 2.2992119789123535 26
1718400998959 2.298386812210083 27
1718400999159 2.297220230102539 28
1718400999360 2.2951231002807617 29
1718400999560 2.289644241333008 30
1718400999777 2.272479295730591 31
1718400999977 2.2322399616241455 32
1718401000177 2.2222771644592285 33
1718401000394 2.381481170654297 34
1718401000594 2.3632144927978516 35
1718401000811 2.3023276329040527 36
1718401001244 2.304051399230957 37
1718401001428 2.3015007972717285 38
1718401001628 2.298797607421875 39
1718401001828 2.297618865966797 40
1718401002029 2.295055389404297 41
1718401002229 2.2884163856506348 42
1718401002429 2.266014814376831 43
1718401002646 2.2203116416931152 44
1718401002862 2.301846742630005 45
1718401003063 2.2919228076934814 46
1718401003246 2.3090548515319824 47
1718401003446 2.298480749130249 48
1718401003663 2.290045738220215 49
