1718348510138 3.9744184017181396 0
1718348512515 2.3581454753875732 1
1718348515156 2.358145236968994 2
1718348517730 2.358145236968994 3
1718348520624 2.8841793537139893 4
1718348523539 2.88417911529541 5
1718348526506 1.8407388925552368 6
1718348528987 2.358145236968994 7
1718348531777 2.358145236968994 8
1718348534445 2.88417911529541 9
1718348537269 3.9810948371887207 10
1718348539800 6.940966606140137 11
1718348542608 3.2154693603515625 12
1718348545242 6.609487533569336 13
1718348548013 8.23076343536377 14
1718348550667 5.068343162536621 15
1718348553423 5.131566524505615 16
1718348556057 5.648158073425293 17
1718348558982 5.648157596588135 18
1718348561591 5.648158073425293 19
1718348564418 5.1225175857543945 20
1718348567026 2.88417911529541 21
1718348569790 3.419224262237549 22
1718348572203 2.884178876876831 23
1718348575011 11.739492416381836 24
1718348577614 5.648180961608887 25
1718348580318 2.3581457138061523 26
1718348583028 2.7712693214416504 27
1718348585962 7.196144104003906 28
1718348588560 3.974419116973877 29
1718348591327 10.761672973632812 30
1718348594022 9.521093368530273 31
1718348596738 8.290472984313965 32
1718348599408 5.122440814971924 33
1718348602177 3.9744184017181396 34
1718348604843 3.9744184017181396 35
1718348607366 2.9030444622039795 36
1718348610145 8.043331146240234 37
1718348612867 -5.249784469604492 38
1718348615559 5.647915363311768 39
1718348618154 5.123811721801758 40
1718348620842 3.4192240238189697 41
1718348623487 3.9433560371398926 42
1718348626291 2.358144760131836 43
1718348628904 3.9507479667663574 44
1718348631693 -0.4621407985687256 45
1718348634325 2.8915908336639404 46
1718348637089 7.846288204193115 47
1718348639723 7.674123764038086 48
1718348642627 5.619204044342041 49
