1718383223377 -0.32823121547698975 0
1718383223702 -0.010981321334838867 1
1718383224070 0.3989748954772949 2
1718383224389 0.05044126510620117 3
1718383224729 0.04251217842102051 4
1718383225047 0.2205064296722412 5
1718383225369 0.06279003620147705 6
1718383225695 0.24651730060577393 7
1718383226042 0.003788590431213379 8
1718383226355 0.012431144714355469 9
1718383226683 -0.05234694480895996 10
1718383227000 -0.1422436237335205 11
1718383227319 -0.11333584785461426 12
1718383227637 0.20142078399658203 13
1718383227962 0.13516628742218018 14
1718383228277 0.3186299800872803 15
1718383228597 -0.5117946863174438 16
1718383228941 0.17831969261169434 17
1718383229257 0.16217732429504395 18
1718383229578 0.013729095458984375 19
1718383229933 0.19133853912353516 20
1718383230288 0.06773209571838379 21
1718383230617 -0.06456160545349121 22
1718383230968 0.06761574745178223 23
1718383231296 0.2824122905731201 24
1718383231632 -0.4107555150985718 25
1718383232004 0.0024596452713012695 26
1718383232379 -0.019646167755126953 27
1718383232753 0.2128819227218628 28
1718383233124 0.08830475807189941 29
1718383233473 -0.7384763956069946 30
1718383233822 0.049085378646850586 31
1718383234155 0.49937331676483154 32
1718383234481 0.7091481685638428 33
1718383234824 -0.5349148511886597 34
1718383235154 -0.056026339530944824 35
1718383235479 0.37670838832855225 36
1718383235816 0.18420076370239258 37
1718383236143 0.178139328956604 38
1718383236476 -0.06753528118133545 39
1718383236828 0.1352536678314209 40
1718383237166 -0.4087713956832886 41
1718383237506 -0.04121589660644531 42
1718383237855 -0.870094895362854 43
1718383238179 0.22697913646697998 44
1718383238496 0.10151493549346924 45
1718383238820 0.14655637741088867 46
1718383239138 0.020594120025634766 47
1718383239455 0.200142502784729 48
1718383239772 -0.1594635248184204 49
