1718502643724 -0.0326210802251643 0
1718502644041 -0.1717138091723125 1
1718502644374 0.014041776006872064 2
1718502644708 0.03963878479870875 3
1718502645059 -0.6425297874392886 4
1718502645460 0.26616492596539576 5
1718502645825 0.2608930342125171 6
1718502646209 0.028479115529493892 7
1718502646628 -0.2954449545253406 8
1718502647010 0.4357477805831216 9
1718502647393 0.056377803737466925 10
1718502647777 -0.17321662649963843 11
1718502648110 -0.126529007247 12
1718502648411 -0.07422680746425292 13
1718502648745 0.07366319497426344 14
1718502649078 -0.14056764046351122 15
1718502649395 0.035964223471554924 16
1718502649862 0.09154697439887305 17
1718502650196 0.02715435533812549 18
1718502650529 -0.26319457906665233 19
1718502650846 -0.20812574119278882 20
1718502651180 0.1416424801855376 21
1718502651496 0.2631940606868628 22
1718502651830 0.013962525309938467 23
1718502652165 -0.019475395932342154 24
1718502652480 -0.14134778579076124 25
1718502652814 -0.20303690433502197 26
1718502653131 -0.036952538923783695 27
1718502653448 -0.14492282181075122 28
1718502653797 0.06096484986218531 29
1718502654132 0.033132614511432124 30
1718502654449 0.12648539109663526 31
1718502654782 0.07310658512693458 32
1718502655116 -0.14850811524824659 33
1718502655433 -0.14178280758135253 34
1718502655783 0.0545565612388379 35
1718502656133 0.08450370304512256 36
1718502656467 0.21635169603607873 37
1718502656817 -0.0021653057950916654 38
1718502657135 -0.2979723486033352 39
1718502657451 -0.1394154808738015 40
1718502657802 0.03056269703489356 41
1718502658135 0.018344190987673592 42
1718502658485 -0.0718026305689956 43
1718502658819 -0.23473948962760693 44
1718502659152 -0.0950797615629253 45
1718502659501 0.09716424075039942 46
1718502659873 -0.019452472527821785 47
1718502660279 0.15572495893998584 48
1718502660650 -0.08199055628343066 49
