1718511181776 0.4296969696969697 0
1718511182377 0.43454545454545457 1
1718511183027 0.4024242424242424 2
1718511183660 0.38484848484848483 3
1718511184278 0.25393939393939396 4
1718511184895 0.20242424242424242 5
1718511185529 0.3424242424242424 6
1718511186132 0.3812121212121212 7
1718511186763 0.3236363636363636 8
1718511187396 0.23030303030303031 9
1718511187998 0.263030303030303 10
1718511188598 0.3787878787878788 11
1718511189170 0.21212121212121213 12
1718511189749 0.38303030303030305 13
1718511190299 0.28909090909090907 14
1718511190884 0.1478787878787879 15
1718511191433 0.3242424242424242 16
1718511192021 0.17454545454545456 17
1718511192621 0.34484848484848485 18
1718511193235 0.3496969696969697 19
1718511193789 0.35818181818181816 20
1718511194378 0.3303030303030303 21
1718511194922 0.2993939393939394 22
1718511195453 0.336969696969697 23
1718511195953 0.503030303030303 24
1718511196437 0.3375757575757576 25
1718511196954 0.25757575757575757 26
1718511197455 0.48848484848484847 27
1718511197955 0.2739393939393939 28
1718511198439 0.3424242424242424 29
1718511198924 0.34484848484848485 30
1718511199407 0.25757575757575757 31
1718511199900 0.3387878787878788 32
1718511200398 0.25757575757575757 33
1718511200874 0.3696969696969697 34
1718511201357 0.4012121212121212 35
1718511201858 0.3787878787878788 36
1718511202345 0.43212121212121213 37
1718511202842 0.42848484848484847 38
1718511203359 0.4024242424242424 39
1718511203863 0.37575757575757573 40
1718511204360 0.46 41
1718511204875 0.43696969696969695 42
1718511205377 0.30727272727272725 43
1718511205911 0.3890909090909091 44
1718511206429 0.4721212121212121 45
1718511206962 0.4 46
1718511207482 0.2721212121212121 47
1718511208013 0.3509090909090909 48
1718511208513 0.36363636363636365 49
