1718407123223 -0.02483057975769043 0
1718407123926 -2.167001724243164 1
1718407124573 -0.9395105838775635 2
1718407125272 -0.02244400978088379 3
1718407125923 -0.14194059371948242 4
1718407126573 -1.8441569805145264 5
1718407127223 -1.8411436080932617 6
1718407127906 -0.2564735412597656 7
1718407128556 -0.5962972640991211 8
1718407129206 0.38025975227355957 9
1718407129955 0.08585667610168457 10
1718407130622 -0.15810346603393555 11
1718407131288 -0.04134368896484375 12
1718407131938 -0.0611109733581543 13
1718407132605 0.03699612617492676 14
1718407133272 -1.2033212184906006 15
1718407133955 -0.011553525924682617 16
1718407134655 0.21427297592163086 17
1718407135355 -0.062299489974975586 18
1718407136070 -0.0503544807434082 19
1718407136738 -0.1319730281829834 20
1718407137387 -1.616990327835083 21
1718407138037 -2.378195285797119 22
1718407138687 -0.3155241012573242 23
1718407139354 -0.0015666484832763672 24
1718407140037 -0.5479366779327393 25
1718407140703 -0.05136871337890625 26
1718407141370 -0.1069180965423584 27
1718407142036 -0.2683262825012207 28
1718407142887 -0.04935812950134277 29
1718407143754 -0.1625499725341797 30
1718407144586 0.21442508697509766 31
1718407145403 -0.09987926483154297 32
1718407146203 0.1125795841217041 33
1718407147002 -0.2081916332244873 34
1718407147752 -0.5209486484527588 35
1718407148502 -0.014277219772338867 36
1718407149385 -0.14278244972229004 37
1718407150171 -0.03543567657470703 38
1718407150935 -0.28170013427734375 39
1718407151734 -0.020952939987182617 40
1718407152518 -0.052648305892944336 41
1718407153284 0.13205766677856445 42
1718407154084 -0.1190023422241211 43
1718407154871 -0.17216253280639648 44
1718407155650 -0.10558462142944336 45
1718407156467 -0.04284310340881348 46
1718407157317 -0.9434216022491455 47
1718407158117 -0.5384523868560791 48
1718407158900 0.003700733184814453 49
