1717609235346 0.10242424242424242 0
1717609236312 0.09575757575757576 1
1717609237247 0.09151515151515152 2
1717609238191 0.10242424242424242 3
1717609239127 0.09151515151515152 4
1717609240476 0.09575757575757576 5
1717609241410 0.09212121212121212 6
1717609242369 0.10242424242424242 7
1717609243311 0.09575757575757576 8
1717609244292 0.10242424242424242 9
1717609245241 0.10242424242424242 10
1717609246191 0.09212121212121212 11
1717609247140 0.09212121212121212 12
1717609248142 0.09212121212121212 13
1717609249126 0.10242424242424242 14
1717609250054 0.10303030303030303 15
1717609251006 0.09151515151515152 16
1717609251993 0.10242424242424242 17
1717609252977 0.09575757575757576 18
1717609253927 0.09212121212121212 19
