1718575688986 0.10848484848484848 0
1718575689940 0.06724680697283437 1
1718575690804 0.42104866678037406 2
1718575691561 0.10848484848484848 3
1718575692237 0.09151515151515152 4
1718575692754 0.10848484848484848 5
1718575693271 0.34138115113067724 6
1718575693822 0.10848484848484848 7
1718575694355 0.09151515151515152 8
1718575694903 0.08727272727272728 9
1718575695453 0.04258605109668939 10
1718575696006 0.18068371207832062 11
1718575696549 0.08727272727272728 12
1718575697141 0.09151515151515152 13
1718575697742 0.10848484848484848 14
1718575698376 0.10848484848484848 15
1718575698999 0.10848484848484848 16
1718575699600 0.09212121212121212 17
1718575700162 0.09212121212121212 18
1718575700763 0.04405915349311575 19
1718575701345 0.10848484848484848 20
1718575701901 0.05967666834292526 21
1718575702602 0.07611882678606283 22
1718575703112 0.295612691598027 23
1718575703646 0.09212121212121212 24
1718575704046 0.09212121212121212 25
1718575704463 0.09212121212121212 26
1718575704881 0.09212121212121212 27
1718575705297 0.10848484848484848 28
1718575705715 0.10848484848484848 29
1718575706114 0.10848484848484848 30
1718575706531 0.10848484848484848 31
1718575706931 0.05888049690354118 32
1718575707348 0.08600016716368511 33
1718575707809 0.10848484848484848 34
1718575708315 0.5225983662112511 35
1718575709048 0.04493758333785847 36
1718575709496 0.21307131157222228 37
1718575709885 0.14129415943882473 38
1718575710267 0.05920362158167037 39
1718575710680 0.09151515151515152 40
1718575711110 0.09151515151515152 41
1718575711518 0.09212121212121212 42
1718575711969 0.42775485385487505 43
1718575712394 0.10848484848484848 44
1718575712786 0.10848484848484848 45
1718575713287 0.10848484848484848 46
1718575713737 0.10848484848484848 47
1718575714197 0.3645502422987004 48
1718575714640 0.10848484848484848 49
