1718356846035 0.0 0
1718356848465 0.0 1
1718356850834 0.0 2
1718356853446 0.0 3
1718356855757 0.0 4
1718356858257 0.0 5
1718356860668 0.0 6
1718356863270 0.0 7
1718356865804 0.0 8
1718356868006 0.0 9
1718356870493 0.0 10
1718356872873 0.0 11
1718356875539 0.0 12
1718356877890 0.0 13
1718356880452 0.0 14
1718356882705 0.0 15
1718356885171 0.0 16
1718356887543 0.0 17
1718356889806 0.0 18
1718356892461 0.0 19
1718356894809 0.0 20
1718356897329 0.0 21
1718356899683 0.0 22
1718356902033 0.0 23
1718356904492 0.0 24
1718356906882 0.0 25
1718356909459 0.0 26
1718356911841 0.0 27
1718356914426 0.0 28
1718356916791 0.0 29
1718356919351 0.0 30
1718356921726 0.0 31
1718356924531 0.0 32
1718356927003 0.0 33
1718356929247 0.0 34
1718356931758 0.0 35
1718356933962 0.0 36
1718356936514 0.0 37
1718356938821 0.0 38
1718356941198 0.0 39
1718356943631 0.0 40
1718356945902 0.0 41
1718356948340 0.0 42
1718356950552 0.0 43
1718356953089 0.0 44
1718356955364 0.0 45
1718356957795 0.0 46
1718356960221 0.0 47
1718356962501 0.0 48
1718356964998 0.0 49
