1718516868610 4.070228099822998 0
1718516868942 3.9231348037719727 1
1718516869277 3.495540142059326 2
1718516869596 3.150982141494751 3
1718516869926 4.061454772949219 4
1718516870276 4.00377082824707 5
1718516870610 3.2197043895721436 6
1718516870943 2.8542532920837402 7
1718516871293 3.3810884952545166 8
1718516871659 3.3752670288085938 9
1718516871992 4.078586101531982 10
1718516872313 3.922199010848999 11
1718516872776 3.5000104904174805 12
1718516873094 3.1556756496429443 13
1718516873426 4.065191745758057 14
1718516873761 4.005099773406982 15
1718516874079 3.216787815093994 16
1718516874409 2.8511648178100586 17
1718516874729 3.3638811111450195 18
1718516875045 3.3543219566345215 19
1718516875375 4.071713924407959 20
1718516875725 3.923142671585083 21
1718516876042 3.4958455562591553 22
1718516876358 3.1516480445861816 23
1718516876675 4.061826229095459 24
1718516876992 4.00392484664917 25
1718516877319 3.219425678253174 26
1718516877658 2.8540313243865967 27
1718516877958 3.3797664642333984 28
1718516878291 3.373683452606201 29
1718516878625 4.078078746795654 30
1718516878958 3.922328233718872 31
1718516879261 3.499497175216675 32
1718516879590 3.155182361602783 33
1718516879908 4.064774036407471 34
1718516880275 4.00495719909668 35
1718516880643 3.2170915603637695 36
1718516880994 2.85149884223938 37
1718516881308 3.3657379150390625 38
1718516881792 3.3565917015075684 39
1718516882127 4.072502613067627 40
1718516882624 3.9230844974517822 41
1718516883141 3.4961042404174805 42
1718516883628 3.1518797874450684 43
1718516884074 4.062026500701904 44
1718516884474 4.003991603851318 45
1718516884900 3.219250202178955 46
1718516885307 2.853839159011841 47
1718516885723 3.3787081241607666 48
1718516886140 3.3723959922790527 49
