1718501986851 2.3740933162194713 0
1718501987368 2.4130628373887806 1
1718501987852 2.3261665061668113 2
1718501988385 2.3570681324711553 3
1718501988936 2.325518559526514 4
1718501989569 2.3162077267964682 5
1718501990037 2.3229220575756497 6
1718501990488 2.3156349129147 7
1718501990920 2.3350277565143727 8
1718501991354 2.3114343263484813 9
1718501991821 2.4026586876975164 10
1718501992238 2.369933530136391 11
1718501992655 2.314226653840807 12
1718501993089 2.355607999695672 13
1718501993522 2.314902850875148 14
1718501993971 2.3255462690635964 15
1718501994373 2.3479791747199164 16
1718501994840 2.3037817169118813 17
1718501995274 2.3273280682387174 18
1718501995674 2.339259659802472 19
1718501996108 2.3592804582030684 20
1718501996558 2.3271599301585444 21
1718501996990 2.785432669851515 22
1718501997442 2.424113185317428 23
1718501997876 2.321527154357345 24
1718501998343 2.3359984468530723 25
1718501998777 2.341102604512815 26
1718501999210 2.312042470331545 27
1718501999661 2.4225560426712036 28
1718502000127 2.31612256721214 29
1718502000644 2.33172987125538 30
1718502001128 2.3634657550741127 31
1718502001612 2.3645655667340315 32
1718502002112 2.3263369180538036 33
1718502002713 2.3045901280862315 34
1718502003263 2.3637625773747764 35
1718502003780 2.3921191780655473 36
1718502004265 2.4007617323486894 37
1718502004781 2.3532184494866266 38
1718502005298 2.3234516602975352 39
1718502005832 2.3970361948013306 40
1718502006382 2.3607915374967785 41
1718502006882 2.3195848906481706 42
1718502007433 2.3254416518741183 43
1718502007950 2.317860735787286 44
1718502008484 2.509755977877864 45
1718502009000 2.4338976586306535 46
1718502009501 2.3879024011117442 47
1718502010001 2.335654753225821 48
1718502010535 2.3378260091499046 49
