1718434997904 2.290919542312622 0
1718434998442 2.3346004486083984 1
1718434998704 2.809345006942749 2
1718434999021 4.317570686340332 3
1718434999308 2.3743557929992676 4
1718434999587 2.308043956756592 5
1718434999871 2.30238676071167 6
1718435000137 2.3008975982666016 7
1718435000404 2.301786184310913 8
1718435000670 2.300584554672241 9
1718435000954 2.307236671447754 10
1718435001220 2.3368144035339355 11
1718435001487 2.3838629722595215 12
1718435001754 2.2994894981384277 13
1718435002037 2.29907488822937 14
1718435002320 2.296778917312622 15
1718435002570 2.2879881858825684 16
1718435002853 2.234370708465576 17
1718435003157 4.848304271697998 18
1718435003453 11.694929122924805 19
1718435003753 11.766529083251953 20
1718435004024 11.453559875488281 21
1718435004286 13.328359603881836 22
1718435004570 12.449342727661133 23
1718435004920 2.394301176071167 24
1718435005153 2.3006479740142822 25
1718435005386 2.313632011413574 26
1718435005618 2.3020575046539307 27
1718435005853 2.298142910003662 28
1718435006088 2.294577121734619 29
1718435006320 2.2897067070007324 30
1718435006556 2.6669840812683105 31
1718435006803 6.365746021270752 32
1718435007055 9.792381286621094 33
1718435007288 11.636578559875488 34
1718435007536 7.954893589019775 35
1718435007786 2.6324360370635986 36
1718435008022 2.8315839767456055 37
1718435008273 5.693831443786621 38
1718435008502 7.0938897132873535 39
1718435008737 3.374912977218628 40
1718435008985 2.5382747650146484 41
1718435009223 3.044696569442749 42
1718435009452 2.6627633571624756 43
1718435009685 2.5116677284240723 44
1718435009936 2.9145987033843994 45
1718435010152 2.7841029167175293 46
1718435010402 2.482395887374878 47
1718435010635 4.177656173706055 48
1718435010885 6.18458366394043 49
