1718493163353 1.0 0
1718493164136 1.0 1
1718493164957 1.0 2
1718493165757 1.0 3
1718493166538 0.528125 4
1718493167322 1.0 5
1718493168126 0.528125 6
1718493168913 1.0 7
1718493169724 0.6375 8
1718493170477 1.0 9
1718493171275 1.0 10
1718493172042 1.0 11
1718493172843 0.534375 12
1718493173644 1.0 13
1718493174427 1.0 14
1718493175195 0.528125 15
1718493175964 1.0 16
1718493176744 1.0 17
1718493177530 1.0 18
1718493178350 1.0 19
1718493179130 1.0 20
1718493179881 1.0 21
1718493180669 1.0 22
1718493181469 1.0 23
1718493182300 1.0 24
1718493183217 1.0 25
1718493184085 0.5137614678899083 26
1718493184985 1.0 27
1718493185903 1.0 28
1718493186803 1.0 29
1718493187654 1.0 30
1718493188505 1.0 31
1718493189389 0.34062499999999996 32
1718493190256 1.0 33
1718493191144 1.0 34
1718493192041 1.0 35
1718493192978 1.0 36
1718493193812 1.0 37
1718493194643 1.0 38
1718493195480 1.0 39
1718493196310 1.0 40
1718493197128 1.0 41
1718493197945 0.528125 42
1718493198762 1.0 43
1718493199563 1.0 44
1718493200365 1.0 45
1718493201130 1.0 46
1718493201934 1.0 47
1718493202749 0.50625 48
1718493203565 1.0 49
