1718582874244 0.10242424242424242 0
1718582875128 0.10242424242424242 1
1718582875995 0.10242424242424242 2
1718582876899 0.10181818181818182 3
1718582877947 0.09090909090909091 4
1718582878848 0.10242424242424242 5
1718582879785 0.10242424242424242 6
1718582880665 0.10242424242424242 7
1718582881550 0.10242424242424242 8
1718582882573 0.10242424242424242 9
1718582883835 0.10242424242424242 10
1718582885002 0.10242424242424242 11
1718582886103 0.10242424242424242 12
1718582887220 0.09212121212121212 13
1718582888338 0.10242424242424242 14
1718582889439 0.10242424242424242 15
1718582890506 0.1006060606060606 16
1718582891607 0.10242424242424242 17
1718582892708 0.10242424242424242 18
1718582893792 0.09090909090909091 19
1718582894896 0.10242424242424242 20
1718582895977 0.10242424242424242 21
1718582897071 0.10242424242424242 22
1718582898162 0.09878787878787879 23
1718582899270 0.10242424242424242 24
1718582900314 0.09151515151515152 25
1718582901197 0.10242424242424242 26
1718582902098 0.10242424242424242 27
1718582902965 0.10242424242424242 28
1718582903849 0.10242424242424242 29
1718582904717 0.10242424242424242 30
1718582905601 0.10242424242424242 31
1718582906501 0.10242424242424242 32
1718582907400 0.10242424242424242 33
1718582908253 0.10242424242424242 34
1718582909137 0.10242424242424242 35
1718582909987 0.10242424242424242 36
1718582910903 0.10303030303030303 37
1718582911789 0.10242424242424242 38
1718582912673 0.10242424242424242 39
1718582913557 0.10242424242424242 40
1718582914416 0.10242424242424242 41
1718582915275 0.10242424242424242 42
1718582916159 0.10242424242424242 43
1718582917026 0.09151515151515152 44
1718582917916 0.10242424242424242 45
1718582918761 0.10181818181818182 46
1718582919628 0.10242424242424242 47
1718582920512 0.10242424242424242 48
1718582921362 0.10242424242424242 49
