1718360439132 -0.7604360580444336 0
1718360442018 -0.2913541793823242 1
1718360444671 -0.3652915954589844 2
1718360447598 -0.7831683158874512 3
1718360450258 -0.756981372833252 4
1718360453124 -0.44980692863464355 5
1718360455798 -0.14700865745544434 6
1718360458608 1.8909504413604736 7
1718360461277 -5.5977559089660645 8
1718360464645 1.024172306060791 9
1718360467335 -0.9419605731964111 10
1718360470184 0.8880643844604492 11
1718360472729 -0.43327999114990234 12
1718360475583 -0.0816349983215332 13
1718360478210 0.7234172821044922 14
1718360481057 -0.5444977283477783 15
1718360483717 -0.5898692607879639 16
1718360486538 -0.7970714569091797 17
1718360489117 0.7670907974243164 18
1718360491924 -0.6364836692810059 19
1718360494538 -1.3048629760742188 20
1718360497375 -0.15991568565368652 21
1718360500074 -0.0905466079711914 22
1718360502832 -0.2390422821044922 23
1718360505372 -0.680443525314331 24
1718360508053 -0.28957700729370117 25
1718360510690 -0.1594555377960205 26
1718360513381 0.34043073654174805 27
1718360516153 -0.5918693542480469 28
1718360518836 -0.4241914749145508 29
1718360521613 -0.529970645904541 30
1718360524706 -0.5504746437072754 31
1718360527569 -0.6360819339752197 32
1718360530287 -0.26362085342407227 33
1718360533079 -0.6938307285308838 34
1718360535681 0.392136812210083 35
1718360538390 -2.8762950897216797 36
1718360540943 0.36068010330200195 37
1718360543748 -0.42354679107666016 38
1718360546290 -0.4167945384979248 39
1718360548984 -0.4642026424407959 40
1718360551594 0.1480698585510254 41
1718360554466 -0.18286681175231934 42
1718360556987 -0.5114774703979492 43
1718360559861 0.07378101348876953 44
1718360562403 1.768110752105713 45
1718360565196 -0.592057466506958 46
1718360567840 0.5901422500610352 47
1718360570609 -0.31934404373168945 48
1718360573265 1.5724678039550781 49
