1718341629763 0.0 0
1718341632535 0.0 1
1718341635336 0.0 2
1718341637905 0.0 3
1718341640580 0.0 4
1718341643330 0.0 5
1718341645913 0.0 6
1718341648658 0.0 7
1718341651259 0.0 8
1718341653968 0.0 9
1718341656594 0.0 10
1718341659272 0.0 11
1718341661831 0.0 12
1718341664671 0.0 13
1718341667204 0.0 14
1718341669993 0.0 15
1718341672609 0.0 16
1718341675491 0.0 17
1718341678031 0.0 18
1718341680878 0.0 19
1718341683724 0.0 20
1718341686590 0.0 21
1718341689217 0.0 22
1718341691954 0.0 23
1718341694565 0.0 24
1718341697317 0.0 25
1718341699877 0.0 26
1718341702542 0.0 27
1718341705094 0.0 28
1718341707897 0.0 29
1718341710451 0.0 30
1718341713258 0.0 31
1718341715838 0.0 32
1718341718687 0.0 33
1718341721324 0.0 34
1718341724089 0.0 35
1718341726708 0.0 36
1718341729444 0.0 37
1718341732041 0.0 38
1718341734997 0.0 39
1718341737654 0.0 40
1718341740466 0.0 41
1718341743187 0.0 42
1718341746168 0.0 43
1718341748802 0.0 44
1718341751587 0.0 45
1718341754153 0.0 46
1718341757001 0.0 47
1718341759585 0.0 48
1718341762355 0.0 49
