1718523881497 1.1417436493246438 0
1718523882313 1.548452129330585 1
1718523883146 0.4068175760371173 2
1718523883979 -1.771912228031323 3
1718523884813 -10.918387345602373 4
1718523885598 -2.7765791877962673 5
1718523886412 2.1249261530801102 6
1718523887279 0.5530868935833042 7
1718523888099 -2.2604693270872644 8
1718523888945 -5.628564453863656 9
1718523889743 1.4549073676672628 10
1718523890561 1.7596049860072638 11
1718523891378 0.20841024348984893 12
1718523892211 0.041484057876331804 13
1718523893027 -2.629648746623544 14
1718523893844 -5.3292747958112985 15
1718523894661 -4.308196105659412 16
1718523895477 1.127871135223618 17
1718523896301 -0.200997698568532 18
1718523897101 -10.527108548602492 19
1718523897927 0.29034614897270306 20
1718523898762 0.3572773074386668 21
1718523899576 -7.311585112779402 22
1718523900426 1.4515405072043355 23
1718523901243 1.610281074858531 24
1718523902059 -5.559381548391107 25
1718523903011 1.5150032124062136 26
1718523904042 -4.0031952708622605 27
1718523904959 0.231121951357804 28
1718523905942 -0.6908071645780263 29
1718523906913 -3.2653209142882265 30
1718523907841 0.1281666470592997 31
1718523908774 -1.5505061285197064 32
1718523909741 0.41536273312266747 33
1718523910674 -0.9558463717871044 34
1718523911657 -1.7984151473982415 35
1718523912574 -0.36774842793560847 36
1718523913473 -2.4993085819555585 37
1718523914457 -3.9483015402875195 38
1718523915440 -2.8520019870168865 39
1718523916402 1.7834977804670933 40
1718523917273 0.897422016853124 41
1718523918073 0.09736152781128915 42
1718523918906 1.629583139863827 43
1718523919706 1.3173708248763862 44
1718523920522 -8.628538973430658 45
1718523921322 1.5173421379183814 46
1718523922156 0.6482675810277545 47
1718523923055 1.858162909813566 48
1718523923905 -13.773398952104557 49
