1718523881546 0.10242424242424242 0
1718523882363 0.10242424242424242 1
1718523883180 0.10242424242424242 2
1718523884029 0.10242424242424242 3
1718523884846 0.10242424242424242 4
1718523885649 0.10242424242424242 5
1718523886462 0.10242424242424242 6
1718523887329 0.10242424242424242 7
1718523888145 0.10242424242424242 8
1718523888981 0.10242424242424242 9
1718523889780 0.10242424242424242 10
1718523890611 0.10242424242424242 11
1718523891428 0.10242424242424242 12
1718523892264 0.10242424242424242 13
1718523893078 0.10242424242424242 14
1718523893910 0.10242424242424242 15
1718523894699 0.10242424242424242 16
1718523895527 0.10242424242424242 17
1718523896344 0.10242424242424242 18
1718523897160 0.10242424242424242 19
1718523897977 0.10242424242424242 20
1718523898810 0.10242424242424242 21
1718523899626 0.10242424242424242 22
1718523900476 0.10242424242424242 23
1718523901292 0.10242424242424242 24
1718523902112 0.10242424242424242 25
1718523903096 0.10242424242424242 26
1718523904108 0.10242424242424242 27
1718523905042 0.10242424242424242 28
1718523906013 0.10242424242424242 29
1718523906975 0.10242424242424242 30
1718523907912 0.10242424242424242 31
1718523908843 0.10242424242424242 32
1718523909808 0.10242424242424242 33
1718523910741 0.10242424242424242 34
1718523911724 0.10242424242424242 35
1718523912624 0.10242424242424242 36
1718523913523 0.10242424242424242 37
1718523914507 0.10242424242424242 38
1718523915507 0.10242424242424242 39
1718523916455 0.10242424242424242 40
1718523917323 0.10242424242424242 41
1718523918122 0.10242424242424242 42
1718523918955 0.10242424242424242 43
1718523919754 0.10242424242424242 44
1718523920572 0.10242424242424242 45
1718523921372 0.10242424242424242 46
1718523922205 0.10242424242424242 47
1718523923105 0.10242424242424242 48
1718523923955 0.10242424242424242 49
