1718379095942 0.0 0
1718379096648 0.0 1
1718379097344 0.0 2
1718379098052 0.0 3
1718379098739 0.0 4
1718379099413 0.0 5
1718379100297 0.0 6
1718379100982 0.0 7
1718379101675 0.0 8
1718379102390 0.0 9
1718379103122 0.0 10
1718379103822 0.0 11
1718379104519 0.0 12
1718379105218 0.0 13
1718379105936 0.0 14
1718379106667 0.0 15
1718379107382 0.0 16
1718379108392 0.0 17
1718379109126 0.0 18
1718379109883 0.0 19
1718379110648 0.0 20
1718379111329 0.0 21
1718379112016 0.0 22
1718379112685 0.0 23
1718379113383 0.0 24
1718379114056 0.0 25
1718379114736 0.0 26
1718379115407 0.0 27
1718379116127 0.0 28
1718379116888 0.0 29
1718379117642 0.0 30
1718379118463 0.0 31
1718379119193 0.0 32
1718379119894 0.0 33
1718379120658 0.0 34
1718379121392 0.0 35
1718379122076 0.0 36
1718379122767 0.0 37
1718379123448 0.0 38
1718379124147 0.0 39
1718379124864 0.0 40
1718379125561 0.0 41
1718379126233 0.0 42
1718379127072 0.0 43
1718379127850 0.0 44
1718379128540 0.0 45
1718379129229 0.0 46
1718379129936 0.0 47
1718379130609 0.0 48
1718379131335 0.0 49
