1718416364671 0.09701492537313433 0
1718416364872 0.21940298507462686 1
1718416365122 0.3044776119402985 2
1718416365371 0.22835820895522388 3
1718416365605 0.12388059701492538 4
1718416365821 0.11343283582089553 5
1718416366053 0.11641791044776119 6
1718416366272 0.1761194029850746 7
1718416366505 0.11641791044776119 8
1718416366721 0.11343283582089553 9
1718416366938 0.11641791044776119 10
1718416367171 0.13880597014925372 11
1718416367388 0.2746268656716418 12
1718416367621 0.2373134328358209 13
1718416367837 0.11641791044776119 14
1718416368071 0.10895522388059702 15
1718416368304 0.11343283582089553 16
1718416368571 0.10895522388059702 17
1718416368787 0.11641791044776119 18
1718416369020 0.11940298507462686 19
1718416369254 0.15671641791044777 20
1718416369487 0.21940298507462686 21
1718416369721 0.21940298507462686 22
1718416369937 0.19552238805970149 23
1718416370170 0.11641791044776119 24
1718416370387 0.10746268656716418 25
1718416370620 0.11343283582089553 26
1718416370837 0.11641791044776119 27
1718416371070 0.11343283582089553 28
1718416371287 0.11641791044776119 29
1718416371519 0.11343283582089553 30
1718416371737 0.11641791044776119 31
1718416371953 0.11343283582089553 32
1718416372170 0.21492537313432836 33
1718416372402 0.20746268656716418 34
1718416372620 0.10746268656716418 35
1718416372886 0.11641791044776119 36
1718416373103 0.10895522388059702 37
1718416373336 0.11343283582089553 38
1718416373556 0.10895522388059702 39
1718416373770 0.1208955223880597 40
1718416373986 0.10895522388059702 41
1718416374220 0.11791044776119403 42
1718416374453 0.21343283582089553 43
1718416374689 0.15970149253731344 44
1718416374906 0.11641791044776119 45
1718416375136 0.1253731343283582 46
1718416375387 0.13432835820895522 47
1718416375620 0.11641791044776119 48
1718416375836 0.11641791044776119 49
