1718386207258 -0.6373546123504639 0
1718386207690 -0.5919454097747803 1
1718386208108 -0.5919449329376221 2
1718386208508 -0.5919449329376221 3
1718386208887 -0.5919427871704102 4
1718386209271 -0.2556157112121582 5
1718386209666 -0.43064844608306885 6
1718386210036 -0.36924242973327637 7
1718386210412 -0.7843468189239502 8
1718386210798 -0.04166269302368164 9
1718386211162 -0.3922107219696045 10
1718386211560 -0.23196125030517578 11
1718386211923 -0.40638208389282227 12
1718386212297 -0.4039630889892578 13
1718386212706 -0.40371453762054443 14
1718386213108 -0.21286988258361816 15
1718386213510 -0.4173696041107178 16
1718386213883 -0.4893760681152344 17
1718386214258 -0.2233126163482666 18
1718386214675 -0.38616418838500977 19
1718386215099 -0.6372764110565186 20
1718386215477 -0.6372785568237305 21
1718386215798 -0.684584379196167 22
1718386216120 -0.5626418590545654 23
1718386216531 -0.23261284828186035 24
1718386216885 -0.24144983291625977 25
1718386217206 -0.5919454097747803 26
1718386217541 -0.41133570671081543 27
1718386217874 -0.5304679870605469 28
1718386218207 -0.47623419761657715 29
1718386218553 -0.347184419631958 30
1718386218894 -0.4265785217285156 31
1718386219220 -0.45767664909362793 32
1718386219558 -0.6176608800888062 33
1718386219880 -0.3773372173309326 34
1718386220203 -0.3974721431732178 35
1718386220534 -0.4321005344390869 36
1718386220861 -0.37529587745666504 37
1718386221198 -0.5407804250717163 38
1718386221545 -0.2987813949584961 39
1718386221872 -0.5309164524078369 40
1718386222195 -0.47635865211486816 41
1718386222530 -0.29787325859069824 42
1718386222853 -0.37636685371398926 43
1718386223184 -0.24360871315002441 44
1718386223525 -0.15469145774841309 45
1718386223844 0.0675961971282959 46
1718386224148 -0.21489667892456055 47
1718386224472 0.04510533809661865 48
1718386224790 -0.1529371738433838 49
