1718525371386 0.1858163826278175 0
1718525376072 0.1858163826278175 1
1718525380551 0.1858163826278175 2
1718525385144 0.1858163826278175 3
1718525389600 0.1858163826278175 4
1718525394232 0.1858163826278175 5
1718525398982 0.09030017365418011 6
1718525404064 0.1858163826278175 7
1718525409346 0.1858163826278175 8
1718525414695 0.1858163826278175 9
1718525419627 0.1858163826278175 10
1718525424210 0.1858163826278175 11
1718525428761 0.1858163826278175 12
1718525433424 0.1858163826278175 13
1718525438057 0.1858163826278175 14
1718525442656 0.1858163826278175 15
1718525447238 0.1858163826278175 16
1718525451871 0.1858163826278175 17
1718525456470 0.1858163826278175 18
1718525461136 0.1858163826278175 19
1718525466520 0.1858163826278175 20
1718525471934 0.1858163826278175 21
1718525477051 0.1858163826278175 22
1718525481715 0.12331741977335847 23
1718525486281 0.1858163826278175 24
1718525490746 0.1858163826278175 25
1718525495312 0.1858163826278175 26
1718525499895 0.1858163826278175 27
1718525504577 0.1858163826278175 28
1718525509160 0.1858163826278175 29
1718525513778 0.1858163826278175 30
1718525518604 0.1858163826278175 31
1718525523640 0.1858163826278175 32
1718525529105 0.1858163826278175 33
1718525534438 0.1858163826278175 34
1718525539387 0.1858163826278175 35
1718525544036 0.1858163826278175 36
1718525548688 0.1858163826278175 37
1718525553436 0.1858163826278175 38
1718525557959 0.1858163826278175 39
1718525562533 0.1858163826278175 40
1718525567046 0.1858163826278175 41
1718525571664 0.1858163826278175 42
1718525576214 0.1858163826278175 43
1718525580815 0.1858163826278175 44
1718525586027 0.1858163826278175 45
1718525591346 0.1858163826278175 46
1718525596726 0.1858163826278175 47
1718525601358 0.1858163826278175 48
1718525605940 0.1858163826278175 49
