1718544780133 nan 0
1718544785032 nan 1
1718544790055 nan 2
1718544795097 nan 3
1718544800013 nan 4
1718544804312 nan 5
1718544808497 nan 6
1718544812897 nan 7
1718544817243 nan 8
1718544821507 nan 9
1718544825802 nan 10
1718544830103 nan 11
1718544834339 nan 12
1718544838655 nan 13
1718544843224 nan 14
1718544848303 nan 15
1718544853286 nan 16
1718544858368 nan 17
1718544862767 nan 18
1718544867151 nan 19
1718544871402 nan 20
1718544875804 nan 21
1718544880097 nan 22
1718544884405 nan 23
1718544888712 nan 24
1718544892898 nan 25
1718544897241 nan 26
1718544901475 nan 27
1718544906423 nan 28
1718544911375 nan 29
1718544916473 nan 30
1718544921120 nan 31
1718544925622 nan 32
1718544930040 nan 33
1718544934303 nan 34
1718544938535 nan 35
1718544942935 nan 36
1718544947234 nan 37
1718544951516 nan 38
1718544955814 nan 39
1718544960065 nan 40
1718544964780 nan 41
1718544970041 nan 42
1718544975149 nan 43
1718544979994 nan 44
1718544984230 nan 45
1718544988517 nan 46
1718544992791 nan 47
1718544997074 nan 48
1718545001327 nan 49
