1718541621440 0.08727272727272728 0
1718541626001 0.08727272727272728 1
1718541630220 0.08727272727272728 2
1718541634489 0.08727272727272728 3
1718541638731 0.08727272727272728 4
1718541642995 0.08727272727272728 5
1718541647183 0.08727272727272728 6
1718541651583 0.08727272727272728 7
1718541655832 0.08727272727272728 8
1718541660084 0.08727272727272728 9
1718541664733 0.08727272727272728 10
1718541669662 0.08727272727272728 11
1718541674678 0.08727272727272728 12
1718541679527 0.08727272727272728 13
1718541683959 0.08727272727272728 14
1718541688142 0.08727272727272728 15
1718541692424 0.08727272727272728 16
1718541696940 0.08727272727272728 17
1718541701239 0.08727272727272728 18
1718541705489 0.08727272727272728 19
1718541709757 0.08727272727272728 20
1718541714087 0.08727272727272728 21
1718541718319 0.08727272727272728 22
1718541722718 0.08727272727272728 23
1718541727837 0.08727272727272728 24
1718541732837 0.08727272727272728 25
1718541737969 0.08727272727272728 26
1718541742542 0.08727272727272728 27
1718541746797 0.08727272727272728 28
1718541751429 0.08727272727272728 29
1718541755945 0.08727272727272728 30
1718541761344 0.08727272727272728 31
1718541765926 0.08727272727272728 32
1718541770217 0.08727272727272728 33
1718541774492 0.08727272727272728 34
1718541778860 0.08727272727272728 35
1718541783498 0.08727272727272728 36
1718541788572 0.08727272727272728 37
1718541793555 0.08727272727272728 38
1718541798791 0.08727272727272728 39
1718541803156 0.08727272727272728 40
1718541807652 0.08727272727272728 41
1718541812118 0.08727272727272728 42
1718541816433 0.08727272727272728 43
1718541820752 0.08727272727272728 44
1718541825056 0.08727272727272728 45
1718541829547 0.08727272727272728 46
1718541833813 0.08727272727272728 47
1718541838046 0.08727272727272728 48
1718541842612 0.08727272727272728 49
