1718346803867 0.0 0
1718346806404 0.0 1
1718346808845 0.0 2
1718346811275 0.0 3
1718346813758 0.0 4
1718346816168 0.0 5
1718346818759 0.0 6
1718346821147 0.0 7
1718346823640 0.0 8
1718346825964 0.0 9
1718346828364 0.0 10
1718346830703 0.0 11
1718346833021 0.0 12
1718346835493 0.0 13
1718346837753 0.0 14
1718346840299 0.0 15
1718346842774 0.0 16
1718346845505 0.0 17
1718346847809 0.0 18
1718346850166 0.0 19
1718346852641 0.0 20
1718346854997 0.0 21
1718346857557 0.0 22
1718346859868 0.0 23
1718346862431 0.0 24
1718346864790 0.0 25
1718346867317 0.0 26
1718346869676 0.0 27
1718346871924 0.0 28
1718346874389 0.0 29
1718346876658 0.0 30
1718346879148 0.0 31
1718346881391 0.0 32
1718346883922 0.0 33
1718346886182 0.0 34
1718346888517 0.0 35
1718346891050 0.0 36
1718346893357 0.0 37
1718346895780 0.0 38
1718346898122 0.0 39
1718346900609 0.0 40
1718346903226 0.0 41
1718346906021 0.0 42
1718346908386 0.0 43
1718346911231 0.0 44
1718346913883 0.0 45
1718346916158 0.0 46
1718346918668 0.0 47
1718346920980 0.0 48
1718346923457 0.0 49
