1718553840283 nan 0
1718553841153 nan 1
1718553841982 nan 2
1718553842966 nan 3
1718553844049 nan 4
1718553845117 nan 5
1718553846166 nan 6
1718553847169 nan 7
1718553848199 nan 8
1718553849234 nan 9
1718553850262 nan 10
1718553851268 nan 11
1718553852281 nan 12
1718553853337 nan 13
1718553854414 nan 14
1718553855514 nan 15
1718553856597 nan 16
1718553857647 nan 17
1718553858697 nan 18
1718553859739 nan 19
1718553860680 nan 20
1718553861513 nan 21
1718553862349 nan 22
1718553863213 nan 23
1718553864045 nan 24
1718553864929 nan 25
1718553865781 nan 26
1718553866612 nan 27
1718553867462 nan 28
1718553868331 nan 29
1718553869197 nan 30
1718553870078 nan 31
1718553870941 nan 32
1718553871777 nan 33
1718553872725 nan 34
1718553873577 nan 35
1718553874424 nan 36
1718553875230 nan 37
1718553876120 nan 38
1718553876976 nan 39
1718553877859 nan 40
1718553878676 nan 41
1718553879493 nan 42
1718553880326 nan 43
1718553881142 nan 44
1718553881959 nan 45
1718553882792 nan 46
1718553883742 nan 47
1718553884625 nan 48
1718553885458 nan 49
