1718438999970 0.1 0
1718439000314 0.1 1
1718439000633 0.1 2
1718439000933 0.1 3
1718439001237 0.1 4
1718439001533 0.1 5
1718439001833 0.1 6
1718439002129 0.1 7
1718439002520 0.1 8
1718439002937 0.1 9
1718439003351 0.1 10
1718439003749 0.1 11
1718439004149 0.1 12
1718439004537 0.1 13
1718439004935 0.1 14
1718439005317 0.1 15
1718439005682 0.1 16
1718439006050 0.1 17
1718439006465 0.1 18
1718439006865 0.1 19
1718439007250 0.1 20
1718439007665 0.1 21
1718439008066 0.1 22
1718439008486 0.1 23
1718439008920 0.1 24
1718439009353 0.1 25
1718439009747 0.1 26
1718439010132 0.1 27
1718439010535 0.1 28
1718439011046 0.1 29
1718439011433 0.1 30
1718439011828 0.1 31
1718439012215 0.1 32
1718439012598 0.1 33
1718439012985 0.1 34
1718439013382 0.1 35
1718439013764 0.1 36
1718439014130 0.1 37
1718439014501 0.1 38
1718439014864 0.1 39
1718439015230 0.1 40
1718439015618 0.1 41
1718439015988 0.1 42
1718439016330 0.1 43
1718439016663 0.1 44
1718439017051 0.1 45
1718439017418 0.1 46
1718439017780 0.1 47
1718439018134 0.1 48
1718439018496 0.1 49
