1718502296298 0.5410544511668107 0
1718502296782 0.49524632670700086 1
1718502297266 0.42832618025751074 2
1718502297749 0.5532338308457712 3
1718502298216 0.5358686257562663 4
1718502298683 0.4479073909171861 5
1718502299117 0.5180630284396618 6
1718502299584 0.2924107142857143 7
1718502300051 0.4320469798657718 8
1718502300618 0.4311284046692607 9
1718502301135 0.2507440476190476 10
1718502301635 0.2964329643296433 11
1718502302201 0.46782431052093976 12
1718502302886 0.2929979605710401 13
1718502303437 0.4663167104111986 14
1718502303971 0.4232749742533471 15
1718502304521 0.41904761904761906 16
1718502305038 0.5131578947368421 17
1718502305572 0.5445116681071738 18
1718502306105 0.2521137586471945 19
1718502306623 0.4196771714066103 20
1718502307140 0.5842696629213483 21
1718502307672 0.5219224283305227 22
1718502308190 0.4211309523809524 23
1718502308741 0.4495967741935484 24
1718502309275 0.29464285714285715 25
1718502309808 0.5314995563442768 26
1718502310359 0.2817631806395851 27
1718502310859 0.4069940476190476 28
1718502311413 0.33687002652519893 29
1718502311967 0.4763358778625954 30
1718502312610 0.44614209320091675 31
1718502313444 0.5030229746070133 32
1718502313928 0.43548387096774194 33
1718502314395 0.4270435446906035 34
1718502314845 0.3549618320610687 35
1718502315361 0.5145278450363197 36
1718502315880 0.467409948542024 37
1718502316413 0.39360119047619047 38
1718502316931 0.4635416666666667 39
1718502317464 0.29385574354407834 40
1718502317898 0.324114088159032 41
1718502318365 0.3080357142857143 42
1718502318832 0.38028169014084506 43
1718502319265 0.35190097259062775 44
1718502319716 0.35403726708074534 45
1718502320166 0.31856378915202443 46
1718502320616 0.43301642178046673 47
1718502321083 0.39285714285714285 48
1718502321550 0.4433094994892748 49
