1718524413945 3.2459434182555587 0
1718524414415 2.859994923626935 1
1718524414892 2.9257694482803345 2
1718524415348 3.552344251562048 3
1718524415840 3.221275117662218 4
1718524416275 3.3899343102066606 5
1718524416728 3.1876617316846496 6
1718524417174 3.2983558222099587 7
1718524417624 2.7082043444668806 8
1718524418074 4.356681925279123 9
1718524418543 3.3293509306731046 10
1718524419002 3.328814643400687 11
1718524419457 3.0077092868310435 12
1718524419928 2.943661336545591 13
1718524420374 2.6860167626981384 14
1718524420794 2.6366361953594066 15
1718524421240 2.896664862279539 16
1718524421700 3.2184416232285677 17
1718524422140 2.8215103149414062 18
1718524422610 3.924815946155124 19
1718524423023 2.8255772811395152 20
1718524423493 3.115083107241878 21
1718524423926 3.1952634299242937 22
1718524424373 2.762782017389933 23
1718524424840 2.68450508735798 24
1718524425307 4.901747465133667 25
1718524425756 3.9982568467104875 26
1718524426203 3.796928388101083 27
1718524426658 5.775241918034023 28
1718524427094 3.38550305808032 29
1718524427559 2.8451525370279946 30
1718524428006 3.25941100385454 31
1718524428487 2.7871860000822277 32
1718524428926 2.6877840050944575 33
1718524429355 3.009505598633378 34
1718524429772 3.212995833820767 35
1718524430205 2.766826280841121 36
1718524430659 2.9731791240197643 37
1718524431087 3.082099163973773 38
1718524431572 3.4896929573129722 39
1718524432002 2.6102898959760314 40
1718524432474 2.639872396433795 41
1718524432938 2.953436608667727 42
1718524433371 2.9155007512481124 43
1718524433988 2.572265377751103 44
1718524434438 2.897387460426048 45
1718524434921 2.8929456030880965 46
1718524435404 3.191964352572406 47
1718524435874 3.107976613221345 48
1718524436354 4.1620949462608055 49
