1718377107377 0.5714285714285714 0
1718377108098 0.8 1
1718377108755 0.5 2
1718377109430 0.5 3
1718377110107 0.3333333333333333 4
1718377110765 0.3333333333333333 5
1718377111442 0.3333333333333333 6
1718377112121 0.5714285714285714 7
1718377112802 0.5714285714285714 8
1718377113499 0.6666666666666666 9
1718377114195 0.5333333333333333 10
1718377114929 0.3333333333333333 11
1718377115612 0.3333333333333333 12
1718377116349 0.3333333333333333 13
1718377117070 0.3333333333333333 14
1718377117774 0.3333333333333333 15
1718377118468 0.3333333333333333 16
1718377119188 0.3333333333333333 17
1718377119876 0.4 18
1718377120596 0.5333333333333333 19
1718377121312 0.5714285714285714 20
1718377122004 0.5714285714285714 21
1718377122681 0.5714285714285714 22
1718377123353 0.5714285714285714 23
1718377124023 0.3333333333333333 24
1718377124687 0.3333333333333333 25
1718377125385 0.5714285714285714 26
1718377126089 0.26666666666666666 27
1718377126766 0.3333333333333333 28
1718377127434 0.3333333333333333 29
1718377128114 0.3333333333333333 30
1718377128780 0.5714285714285714 31
1718377129453 0.5714285714285714 32
1718377130133 0.3333333333333333 33
1718377130800 0.5833333333333333 34
1718377131484 0.4 35
1718377132521 0.3333333333333333 36
1718377133294 0.0 37
1718377133976 0.5714285714285714 38
1718377134641 0.5714285714285714 39
1718377135313 0.5714285714285714 40
1718377135987 0.5714285714285714 41
1718377136660 0.5714285714285714 42
1718377137367 0.3333333333333333 43
1718377138033 0.3333333333333333 44
1718377138764 0.3333333333333333 45
1718377139429 0.8333333333333334 46
1718377140101 0.8333333333333334 47
1718377140771 0.3333333333333333 48
1718377141452 0.3333333333333333 49
