1718490530122 4.113024503559224 0
1718490532982 3.7334422448394844 1
1718490535759 4.1728006618386 2
1718490538578 4.321613310888314 3
1718490541363 4.341094083053726 4
1718490544783 4.138076228560856 5
1718490548307 4.04940696623794 6
1718490551488 3.772237778885832 7
1718490554306 4.394805355854371 8
1718490557147 4.049886648752368 9
1718490559977 3.9665617090865743 10
1718490562763 4.170165660296799 11
1718490565564 3.754098071065039 12
1718490568367 4.119165761445839 13
1718490571152 4.025062184673 14
1718490573921 3.8036663110387643 15
1718490577322 4.159304085867985 16
1718490580176 4.11846604275795 17
1718490583014 4.052702821456877 18
1718490585851 3.946152806677117 19
1718490588715 4.003809377762856 20
1718490591501 3.9560346938766986 21
1718490594286 3.835649725616405 22
1718490597120 3.992040781084765 23
1718490599883 4.113093460478588 24
1718490602893 3.7153452853593296 25
1718490606529 4.242414121858543 26
1718490610040 4.1196177020758915 27
1718490612917 4.064162167861714 28
1718490615740 3.9292205604084693 29
1718490618655 3.869576157732563 30
1718490621456 3.745410095048327 31
1718490624292 3.9747476908152137 32
1718490627097 4.0972700733607645 33
1718490629912 4.332516069188558 34
1718490632715 4.225084107072455 35
1718490635517 3.7514219570217664 36
1718490638386 3.6808720203697947 37
1718490641173 4.029574285971211 38
1718490643990 3.85240840544866 39
1718490646759 4.166229545112686 40
1718490649731 4.437593921100855 41
1718490652483 4.07509824981058 42
1718490655248 3.927600029786666 43
1718490658037 3.8628403820074575 44
1718490660836 3.7716546419325905 45
1718490664005 4.222319754649536 46
1718490667574 3.737085620749 47
1718490670844 4.124061004212714 48
1718490673748 3.996330917724014 49
