1718490530238 1.0 0
1718490533074 1.0 1
1718490535859 1.0 2
1718490538661 1.0 3
1718490541464 1.0 4
1718490544900 1.0 5
1718490548406 0.4735202492211838 6
1718490551584 1.0 7
1718490554394 1.0 8
1718490557225 1.0 9
1718490560077 1.0 10
1718490562846 1.0 11
1718490565653 1.0 12
1718490568467 1.0 13
1718490571253 1.0 14
1718490574004 1.0 15
1718490577440 1.0 16
1718490580292 1.0 17
1718490583094 1.0 18
1718490585945 1.0 19
1718490588799 1.0 20
1718490591601 1.0 21
1718490594387 1.0 22
1718490597205 1.0 23
1718490599957 1.0 24
1718490603027 1.0 25
1718490606650 0.49174917491749176 26
1718490610135 1.0 27
1718490613017 0.4575757575757576 28
1718490615840 1.0 29
1718490618742 1.0 30
1718490621540 1.0 31
1718490624393 1.0 32
1718490627194 0.4735202492211838 33
1718490630000 1.0 34
1718490632815 1.0 35
1718490635600 1.0 36
1718490638469 1.0 37
1718490641255 1.0 38
1718490644084 1.0 39
1718490646846 1.0 40
1718490649824 1.0 41
1718490652563 1.0 42
1718490655346 1.0 43
1718490658117 1.0 44
1718490660924 1.0 45
1718490664122 1.0 46
1718490667691 1.0 47
1718490670930 1.0 48
1718490673846 1.0 49
