1718523967112 4.64123731406767 0
1718523968080 4.267985003208047 1
1718523969043 4.447404186227429 2
1718523970032 4.188429853364603 3
1718523970982 4.16805166984672 4
1718523971949 4.647449401777182 5
1718523972879 4.705783924060081 6
1718523973805 4.720251886702296 7
1718523974764 4.491778079253524 8
1718523975745 3.907522190862627 9
1718523976680 4.397618463679926 10
1718523977514 4.286357422817999 11
1718523978327 4.556978979217472 12
1718523979105 4.4607794453848655 13
1718523979927 4.278282335445063 14
1718523980744 4.025930263213257 15
1718523981543 4.649623897538256 16
1718523982377 4.948429846051914 17
1718523983206 4.4290196993457736 18
1718523984043 4.257288700609065 19
1718523984843 4.475969492499508 20
1718523985659 4.608743245921918 21
1718523986493 4.385997144143973 22
1718523987295 3.907471068314652 23
1718523988125 4.23212483436314 24
1718523988993 4.900976636071704 25
1718523989875 4.572292651703108 26
1718523990761 4.0087377491281995 27
1718523991541 4.226499716292566 28
1718523992374 4.100132911507763 29
1718523993240 4.357999147319082 30
1718523994044 4.128539357612382 31
1718523994874 4.227228915513451 32
1718523995661 4.440334516674725 33
1718523996457 4.215110211230036 34
1718523997290 4.51694958645906 35
1718523998107 4.411624276815956 36
1718523998907 4.448723794809029 37
1718523999710 4.190488482589152 38
1718524000501 4.372526193732646 39
1718524001356 4.361383942970589 40
1718524002173 4.30671723654021 41
1718524002973 4.365114530075842 42
1718524003822 4.590512580391186 43
1718524004622 4.502102980862802 44
1718524005439 3.666569075477657 45
1718524006239 4.524741218161227 46
1718524007055 4.390313077773621 47
1718524007905 4.870616742924078 48
1718524008708 4.423743603834465 49
