1718408557108 0.18507462686567164 0
1718408557524 0.21492537313432836 1
1718408557725 0.11641791044776119 2
1718408557925 0.18358208955223881 3
1718408558159 0.10895522388059702 4
1718408558374 0.11641791044776119 5
1718408558574 0.1880597014925373 6
1718408558792 0.1925373134328358 7
1718408559008 0.2417910447761194 8
1718408559207 0.208955223880597 9
1718408559423 0.11791044776119403 10
1718408559624 0.09402985074626866 11
1718408559824 0.14626865671641792 12
1718408560073 0.18955223880597014 13
1718408560291 0.11641791044776119 14
1718408560491 0.08656716417910448 15
1718408560707 0.1582089552238806 16
1718408560924 0.19850746268656716 17
1718408561124 0.21791044776119403 18
1718408561340 0.21940298507462686 19
1718408561540 0.10895522388059702 20
1718408561740 0.11641791044776119 21
1718408561955 0.10895522388059702 22
1718408562162 0.11641791044776119 23
1718408562374 0.11641791044776119 24
1718408562589 0.2208955223880597 25
1718408562790 0.1626865671641791 26
1718408563007 0.11641791044776119 27
1718408563240 0.11044776119402985 28
1718408563473 0.11343283582089553 29
1718408563690 0.2626865671641791 30
1718408563906 0.23134328358208955 31
1718408564107 0.1701492537313433 32
1718408564340 0.11641791044776119 33
1718408564540 0.08507462686567165 34
1718408564757 0.11343283582089553 35
1718408564963 0.21044776119402986 36
1718408565173 0.22388059701492538 37
1718408565390 0.24477611940298508 38
1718408565590 0.22835820895522388 39
1718408565806 0.11641791044776119 40
1718408566023 0.10895522388059702 41
1718408566242 0.11343283582089553 42
1718408566442 0.11641791044776119 43
1718408566659 0.11343283582089553 44
1718408566864 0.11641791044776119 45
1718408567076 0.15223880597014924 46
1718408567290 0.2298507462686567 47
1718408567490 0.2462686567164179 48
1718408567706 0.11641791044776119 49
