1718408557125 0.33223333991628656 0
1718408557541 0.3188500254201387 1
1718408557741 0.2085561497326203 2
1718408557958 0.32797354564960307 3
1718408558174 0.19650067294751009 4
1718408558391 0.1070636680392778 5
1718408558591 0.3074935065402919 6
1718408558808 0.34801088739060465 7
1718408559024 0.418576127930227 8
1718408559241 0.4027644754285286 9
1718408559441 0.12087931430080118 10
1718408559641 0.08151906013802168 11
1718408559860 0.24004294957441774 12
1718408560091 0.5132470235641025 13
1718408560307 0.10898343036274072 14
1718408560525 0.055223485850304156 15
1718408560741 0.2610517035338038 16
1718408560962 0.5494416919126328 17
1718408561140 0.3602267303589422 18
1718408561362 0.2858734555549652 19
1718408561561 0.19650067294751009 20
1718408561761 0.2085561497326203 21
1718408561973 0.19650067294751009 22
1718408562189 0.10648650540833829 23
1718408562390 0.17431206102718466 24
1718408562607 0.2837463440160745 25
1718408562807 0.24455674636934968 26
1718408563041 0.07353021156251699 27
1718408563262 0.16392116528915435 28
1718408563490 0.2037533512064343 29
1718408563707 0.3469179542294195 30
1718408563924 0.2587165305374659 31
1718408564140 0.2503389492396512 32
1718408564362 0.10913395996268926 33
1718408564562 0.13970588235294118 34
1718408564773 0.2037533512064343 35
1718408564990 0.390122776123902 36
1718408565209 0.3564570471972726 37
1718408565406 0.38957371534497065 38
1718408565607 0.37986274174779 39
1718408565823 0.2085561497326203 40
1718408566040 0.19650067294751009 41
1718408566264 0.2037533512064343 42
1718408566475 0.2085561497326203 43
1718408566676 0.2037533512064343 44
1718408566873 0.2085561497326203 45
1718408567090 0.21689727047792146 46
1718408567306 0.3017494663435583 47
1718408567506 0.48716955213501334 48
1718408567723 0.2085561497326203 49
