1718371514264 0.2 0
1718371514901 0.2 1
1718371515541 0.2 2
1718371516193 0.2 3
1718371516824 0.2 4
1718371517451 0.2 5
1718371518096 0.4 6
1718371518722 0.0 7
1718371519381 0.4 8
1718371519999 0.2 9
1718371520657 0.2 10
1718371521310 0.2 11
1718371521954 0.4 12
1718371522619 0.2 13
1718371523287 0.4 14
1718371523938 0.4 15
1718371524605 0.2 16
1718371525292 0.2 17
1718371525945 0.2 18
1718371526642 0.2 19
1718371527307 0.2 20
1718371527950 0.2 21
1718371528600 0.4 22
1718371529262 0.2 23
1718371529900 0.4 24
1718371530543 0.2 25
1718371531186 0.4 26
1718371531818 0.0 27
1718371532441 0.4 28
1718371533069 0.2 29
1718371533721 0.4 30
1718371534355 0.2 31
1718371534986 0.2 32
1718371535624 0.2 33
1718371536262 0.2 34
1718371536891 0.2 35
1718371537535 0.2 36
1718371538146 0.2 37
1718371538774 0.4 38
1718371539401 0.2 39
1718371540031 0.4 40
1718371540659 0.2 41
1718371541286 0.2 42
1718371541945 0.4 43
1718371542603 0.4 44
1718371543262 0.2 45
1718371543889 0.2 46
1718371544532 0.2 47
1718371545144 0.4 48
1718371545781 0.2 49
