1718580447117 1.6978399301272917 0
1718580451787 2.756973661991853 1
1718580456607 3.9121339259939725 2
1718580461294 -2.8456503828064763 3
1718580466015 -5.972637144004428 4
1718580470888 -1.1405782923113863 5
1718580475572 0.9768700829182366 6
1718580480242 3.543376648190816 7
1718580485229 1.5004723038512493 8
1718580490249 4.0795243803843935 9
1718580495420 3.7400242435369866 10
1718580500373 3.150710530452138 11
1718580505093 1.085519986527073 12
1718580509764 4.547158427974515 13
1718580514467 0.21779580851201885 14
1718580519071 2.9133723251391084 15
1718580523641 4.207602900753058 16
1718580528478 4.013937581669097 17
1718580533248 -3.2925941184781635 18
1718580537868 1.9631756692065059 19
1718580542855 3.117010276138951 20
1718580548376 0.21266855215362046 21
1718580553865 -0.8205822763174746 22
1718580559434 -9.971888022588129 23
1718580564121 4.2911066578157175 24
1718580568761 -0.10634501277512953 25
1718580573464 -1.0975458490660008 26
1718580578532 0.8167976541272042 27
1718580583185 -10.981410759002184 28
1718580587955 0.5960284750491347 29
1718580592742 3.3458537518048503 30
1718580597379 -0.9011546625353946 31
1718580602116 3.352468896697845 32
1718580607904 -0.2518688601683614 33
1718580613474 1.1639460305661826 34
1718580618978 0.770290972592548 35
1718580623832 -4.39079526882662 36
1718580628953 3.5435710935585694 37
1718580633606 2.820395419285134 38
1718580638176 -14.341991792010077 39
1718580642930 -8.661335308103311 40
1718580647649 -8.029269331465924 41
1718580652270 -1.8437915584843738 42
1718580656990 0.4022328025604738 43
1718580661660 1.5658196472205033 44
1718580666964 -9.391085469385562 45
1718580672352 -11.980215703565335 46
1718580677756 -0.9679910544924786 47
1718580682743 -16.42246083933763 48
1718580687463 3.7724069610365785 49
