1718388288644 0.5104477611940299 0
1718388288874 0.5492537313432836 1
1718388289104 0.6208955223880597 2
1718388289586 0.5671641791044776 3
1718388289833 0.6835820895522388 4
1718388290060 0.6179104477611941 5
1718388290298 0.7164179104477612 6
1718388290539 0.6417910447761194 7
1718388290769 0.5940298507462687 8
1718388291000 0.45671641791044776 9
1718388291236 0.5671641791044776 10
1718388291475 0.5462686567164179 11
1718388291706 0.6895522388059702 12
1718388291940 0.5582089552238806 13
1718388292167 0.5880597014925373 14
1718388292395 0.5462686567164179 15
1718388292620 0.5313432835820896 16
1718388292870 0.6507462686567164 17
1718388293265 0.6268656716417911 18
1718388293597 0.5492537313432836 19
1718388293846 0.5134328358208955 20
1718388294093 0.591044776119403 21
1718388294322 0.591044776119403 22
1718388294577 0.5671641791044776 23
1718388294806 0.6447761194029851 24
1718388295046 0.6895522388059702 25
1718388295280 0.6298507462686567 26
1718388295537 0.6746268656716418 27
1718388295773 0.6268656716417911 28
1718388296005 0.6 29
1718388296238 0.4537313432835821 30
1718388296500 0.4746268656716418 31
1718388296798 0.4746268656716418 32
1718388297057 0.48955223880597015 33
1718388297330 0.46567164179104475 34
1718388297586 0.6358208955223881 35
1718388297819 0.6447761194029851 36
1718388298071 0.5373134328358209 37
1718388298373 0.6447761194029851 38
1718388298660 0.6328358208955224 39
1718388298889 0.5850746268656717 40
1718388299334 0.5373134328358209 41
1718388299596 0.6626865671641791 42
1718388299862 0.6835820895522388 43
1718388300107 0.6358208955223881 44
1718388300345 0.6029850746268657 45
1718388300616 0.48656716417910445 46
1718388300908 0.591044776119403 47
1718388301192 0.5761194029850746 48
1718388301433 0.5104477611940299 49
