1718388288673 0.4831111263215269 0
1718388288900 0.48535813725788113 1
1718388289133 0.5958161415415139 2
1718388289614 0.5638386993646843 3
1718388289860 0.6813109491775641 4
1718388290089 0.6298626836804456 5
1718388290327 0.7022243067164993 6
1718388290568 0.6264577941579961 7
1718388290797 0.5670948586154565 8
1718388291027 0.4354213638969526 9
1718388291265 0.5701110469349409 10
1718388291503 0.4990676603703449 11
1718388291733 0.6827465982259964 12
1718388291964 0.5426226539656559 13
1718388292191 0.5677390435510166 14
1718388292425 0.5102068358028121 15
1718388292647 0.4860714059140022 16
1718388292906 0.6392313328618953 17
1718388293297 0.6296657452023728 18
1718388293628 0.5407673955916313 19
1718388293876 0.4474839818188955 20
1718388294119 0.5503981415320365 21
1718388294350 0.5899667391372772 22
1718388294605 0.6128234024223963 23
1718388294834 0.5977881506224272 24
1718388295074 0.6849290189386775 25
1718388295309 0.6418554920721753 26
1718388295566 0.6686250212938541 27
1718388295801 0.6530032610973482 28
1718388296033 0.5777204162650326 29
1718388296268 0.391596443024971 30
1718388296532 0.46192290914202266 31
1718388296832 0.45500761597068196 32
1718388297093 0.5263554286596275 33
1718388297360 0.44289920938021937 34
1718388297610 0.6153936010573082 35
1718388297843 0.6465312738806036 36
1718388298107 0.5125420885116458 37
1718388298404 0.6111804325745003 38
1718388298685 0.6139010056775313 39
1718388298917 0.5421445988089195 40
1718388299359 0.5084724875936008 41
1718388299627 0.6440636890505619 42
1718388299890 0.6535338845044069 43
1718388300136 0.620529850470149 44
1718388300374 0.6373428889232803 45
1718388300650 0.43010017783773924 46
1718388300941 0.5383022937835754 47
1718388301221 0.5504610228285913 48
1718388301465 0.5102330555960478 49
