1717608851355 0.4855721393034826 0
1717608851836 0.299797434166104 1
1717608852281 0.3310657596371882 2
1717608852691 0.47124117053481335 3
1717608853078 0.3837837837837838 4
1717608853455 0.44294395678595544 5
1717608853807 0.40424242424242424 6
1717608854141 0.4406060606060606 7
1717608854503 0.34363636363636363 8
1717608854850 0.3896969696969697 9
1717608855231 0.4987878787878788 10
1717608855602 0.4509090909090909 11
1717608855944 0.49272727272727274 12
1717608856311 0.5866666666666667 13
1717608856661 0.5636363636363636 14
1717608856991 0.5387878787878788 15
1717608857327 0.5575757575757576 16
1717608857668 0.6430303030303031 17
1717608857995 0.6630303030303031 18
1717608858487 0.7096969696969697 19
