1718393106362 0.17802197802197803 0
1718393106804 0.17802197802197803 1
1718393107247 0.17802197802197803 2
1718393107657 0.17802197802197803 3
1718393108073 0.18009049773755656 4
1718393108509 0.18009049773755656 5
1718393108932 0.18009049773755656 6
1718393109348 0.18009049773755656 7
1718393109774 0.18009049773755656 8
1718393110198 0.18009049773755656 9
1718393110625 0.18009049773755656 10
1718393111049 0.18009049773755656 11
1718393111518 0.18009049773755656 12
1718393112020 0.18009049773755656 13
1718393112568 0.18009049773755656 14
1718393113086 0.18009049773755656 15
1718393113566 0.18009049773755656 16
1718393114042 0.18009049773755656 17
1718393114478 0.18009049773755656 18
1718393114936 0.18009049773755656 19
1718393115377 0.18009049773755656 20
1718393115994 0.18009049773755656 21
1718393116456 0.18009049773755656 22
1718393116917 0.19162210338680924 23
1718393117347 0.23764297385620914 24
1718393117791 0.1286713286713287 25
1718393118219 0.2787524366471735 26
1718393118657 0.3275281126943531 27
1718393119100 0.28266178266178266 28
1718393119550 0.293677337155598 29
1718393120045 0.293677337155598 30
1718393120499 0.293677337155598 31
1718393120939 0.293677337155598 32
1718393121378 0.293677337155598 33
1718393121786 0.293677337155598 34
1718393122177 0.293677337155598 35
1718393122553 0.293677337155598 36
1718393122941 0.293677337155598 37
1718393123424 0.293677337155598 38
1718393123792 0.31558370474626635 39
1718393124147 0.31558370474626635 40
1718393124519 0.31558370474626635 41
1718393124912 0.31558370474626635 42
1718393125300 0.31558370474626635 43
1718393125715 0.31558370474626635 44
1718393126112 0.31558370474626635 45
1718393126478 0.31558370474626635 46
1718393126856 0.31558370474626635 47
1718393127233 0.31558370474626635 48
1718393127609 0.31558370474626635 49
