1718539101001 0.5145631067961165 0
1718539101334 0.39751552795031053 1
1718539101718 1.0 2
1718539102158 0.4813664596273292 3
1718539102567 1.0 4
1718539102929 0.4813664596273292 5
1718539103301 1.0 6
1718539103667 0.4813664596273292 7
1718539104034 1.0 8
1718539104384 0.4813664596273292 9
1718539104834 1.0 10
1718539105184 0.4813664596273292 11
1718539105517 1.0 12
1718539105863 0.4813664596273292 13
1718539106200 1.0 14
1718539106560 0.4813664596273292 15
1718539106903 1.0 16
1718539107233 0.4813664596273292 17
1718539107600 1.0 18
1718539107933 0.4813664596273292 19
1718539108266 1.0 20
1718539108600 0.4813664596273292 21
1718539108936 0.5198675496688742 22
1718539109266 0.25736434108527134 23
1718539109633 0.5198675496688742 24
1718539110099 0.535031847133758 25
1718539110516 0.5198675496688742 26
1718539110916 0.535031847133758 27
1718539111252 0.5198675496688742 28
1718539111599 0.535031847133758 29
1718539111916 0.5198675496688742 30
1718539112267 0.535031847133758 31
1718539112599 0.5198675496688742 32
1718539112951 0.535031847133758 33
1718539113282 0.5198675496688742 34
1718539113615 0.535031847133758 35
1718539113972 0.5198675496688742 36
1718539114415 0.535031847133758 37
1718539114750 0.5198675496688742 38
1718539115081 0.535031847133758 39
1718539115398 0.5198675496688742 40
1718539115731 0.535031847133758 41
1718539116065 0.5198675496688742 42
1718539116398 0.535031847133758 43
1718539116753 0.5198675496688742 44
1718539117081 0.46496815286624205 45
1718539117415 1.0 46
1718539117781 1.0 47
1718539118198 1.0 48
1718539118598 1.0 49
