1718340280610 -1.9966676235198975 0
1718340283140 -0.019936084747314453 1
1718340285974 -0.054508209228515625 2
1718340288648 -0.014023303985595703 3
1718340291526 0.13657808303833008 4
1718340294154 -2.366058826446533 5
1718340296899 4.844945430755615 6
1718340299469 -0.739570140838623 7
1718340302370 0.766716480255127 8
1718340305230 -0.014023303985595703 9
1718340308072 0.13656210899353027 10
1718340310599 -0.33660125732421875 11
1718340313504 -0.0055084228515625 12
1718340316047 0.054706573486328125 13
1718340318908 -0.38657712936401367 14
1718340321557 1.4883432388305664 15
1718340324350 0.017693519592285156 16
1718340327025 -0.05423736572265625 17
1718340329711 -0.8792145252227783 18
1718340332315 -0.3517570495605469 19
1718340335134 -0.28247499465942383 20
1718340337784 -0.04079246520996094 21
1718340340559 -0.07562685012817383 22
1718340343107 -0.04079294204711914 23
1718340345902 -0.045798301696777344 24
1718340348406 -0.0026607513427734375 25
1718340351069 0.14947056770324707 26
1718340353620 -1.97796630859375 27
1718340356280 -0.26033735275268555 28
1718340358887 -0.0767831802368164 29
1718340361732 0.14947080612182617 30
1718340364738 -0.02243661880493164 31
1718340367563 -2.7229480743408203 32
1718340370105 -0.055466651916503906 33
1718340372868 -0.053299903869628906 34
1718340375431 -0.07678461074829102 35
1718340378183 0.16293597221374512 36
1718340380755 0.16293621063232422 37
1718340383558 -1.2025041580200195 38
1718340386115 -2.5531530380249023 39
1718340388800 -0.05285167694091797 40
1718340391315 -0.05072641372680664 41
1718340394017 -0.05423545837402344 42
1718340396579 -0.014072418212890625 43
1718340399342 0.1629321575164795 44
1718340401876 0.1629166603088379 45
1718340404661 -2.140054225921631 46
1718340407277 -0.0525212287902832 47
1718340410032 0.4275350570678711 48
1718340412719 -0.0014858245849609375 49
