1718573081270 1.0 0
1718573082776 1.0 1
1718573083990 1.0 2
1718573085042 1.0 3
1718573085999 1.0 4
1718573086952 0.421875 5
1718573087905 1.0 6
1718573088848 0.3281853281853282 7
1718573089762 1.0 8
1718573090676 1.0 9
1718573091649 1.0 10
1718573092596 1.0 11
1718573094025 1.0 12
1718573095453 0.515625 13
1718573096790 1.0 14
1718573098186 1.0 15
1718573099399 1.0 16
1718573100557 1.0 17
1718573101492 1.0 18
1718573102505 0.515625 19
1718573103803 0.340625 20
1718573104994 1.0 21
1718573106104 1.0 22
1718573107219 1.0 23
1718573108341 1.0 24
1718573109751 1.0 25
1718573110880 1.0 26
1718573111981 0.35306122448979593 27
1718573113091 0.7959770114942529 28
1718573114179 1.0 29
1718573115318 1.0 30
1718573116441 1.0 31
1718573117559 1.0 32
1718573118696 0.575 33
1718573119771 1.0 34
1718573120839 1.0 35
1718573121925 1.0 36
1718573122862 0.306 37
1718573123769 1.0 38
1718573124724 1.0 39
1718573125674 1.0 40
1718573126594 1.0 41
1718573127506 1.0 42
1718573128418 1.0 43
1718573129325 0.48125 44
1718573130196 1.0 45
1718573131080 1.0 46
1718573132019 0.32688588007736946 47
1718573132958 0.48367346938775513 48
1718573133855 0.5486725663716814 49
