1718328944884 -0.03640389442443848 0
1718328945181 -0.03640413284301758 1
1718328945471 -0.03640389442443848 2
1718328945778 -0.03640389442443848 3
1718328946089 -0.03640389442443848 4
1718328946397 -0.03640389442443848 5
1718328946700 -0.03640389442443848 6
1718328946993 -0.03640437126159668 7
1718328947275 -0.03640389442443848 8
1718328947580 -0.03640437126159668 9
1718328947901 -0.03640437126159668 10
1718328948237 -0.03640389442443848 11
1718328948582 -0.03640389442443848 12
1718328948890 -0.03640437126159668 13
1718328949185 -0.03640437126159668 14
1718328949472 -0.03640437126159668 15
1718328949779 -0.0510404109954834 16
1718328950105 -0.051039695739746094 17
1718328950405 -0.0510404109954834 18
1718328950700 -0.051033973693847656 19
1718328950987 -0.03639936447143555 20
1718328951276 -0.0535426139831543 21
1718328951579 -0.05096578598022461 22
1718328951875 0.05239856243133545 23
1718328952173 -0.3522566556930542 24
1718328952465 -0.3308217525482178 25
1718328952762 -0.4185248613357544 26
1718328953046 0.560204267501831 27
1718328953352 -0.2030879259109497 28
1718328953644 -0.24232912063598633 29
1718328953950 -0.5849810838699341 30
1718328954254 -0.3152815103530884 31
1718328954560 0.15223264694213867 32
1718328954866 0.12573790550231934 33
1718328955152 0.09404754638671875 34
1718328955448 -0.03653693199157715 35
1718328955735 -0.0030243396759033203 36
1718328956024 -0.19779229164123535 37
1718328956315 -0.15350329875946045 38
1718328956605 -0.19218206405639648 39
1718328956921 -0.048868656158447266 40
1718328957209 -0.09713459014892578 41
1718328957499 0.1582808494567871 42
1718328957792 0.09415197372436523 43
1718328958090 0.2284994125366211 44
1718328958483 0.25657057762145996 45
1718328958778 -0.09786820411682129 46
1718328959071 0.31379032135009766 47
1718328959371 0.1954052448272705 48
1718328959651 0.16733074188232422 49
