1718524976614 0.583030303030303 0
1718524976947 0.6430303030303031 1
1718524977314 0.7224242424242424 2
1718524977681 0.7151515151515152 3
1718524978014 0.6575757575757576 4
1718524978383 0.583030303030303 5
1718524978734 0.6090909090909091 6
1718524979097 0.7054545454545454 7
1718524979464 0.7393939393939394 8
1718524979917 0.7472727272727273 9
1718524980297 0.7806060606060606 10
1718524980650 0.7721212121212121 11
1718524980983 0.72 12
1718524981362 0.5872727272727273 13
1718524981713 0.5418181818181819 14
1718524982047 0.5636363636363636 15
1718524982563 0.7145454545454546 16
1718524983080 0.7618181818181818 17
1718524983596 0.7818181818181819 18
1718524984083 0.6715151515151515 19
1718524984513 0.6551515151515152 20
1718524984963 0.5842424242424242 21
1718524985413 0.7121212121212122 22
1718524985862 0.6696969696969697 23
1718524986296 0.5684848484848485 24
1718524986765 0.6181818181818182 25
1718524987196 0.7121212121212122 26
1718524987662 0.6818181818181818 27
1718524988095 0.6727272727272727 28
1718524988562 0.7327272727272728 29
1718524988995 0.6624242424242425 30
1718524989462 0.7448484848484849 31
1718524989895 0.7581818181818182 32
1718524990345 0.7066666666666667 33
1718524990837 0.7278787878787879 34
1718524991278 0.6751515151515152 35
1718524991896 0.5975757575757575 36
1718524992329 0.4715151515151515 37
1718524992728 0.5363636363636364 38
1718524993144 0.343030303030303 39
1718524993561 0.4315151515151515 40
1718524993978 0.4721212121212121 41
1718524994411 0.5757575757575758 42
1718524994878 0.503030303030303 43
1718524995311 0.5787878787878787 44
1718524995747 0.6460606060606061 45
1718524996161 0.7545454545454545 46
1718524996577 0.7739393939393939 47
1718524996926 0.7260606060606061 48
1718524997309 0.6733333333333333 49
