1718524976543 1.3637861013412476 0
1718524976881 1.1348994970321655 1
1718524977234 0.9635844230651855 2
1718524977597 0.8917310237884521 3
1718524977945 0.9080307483673096 4
1718524978314 0.9138468503952026 5
1718524978647 1.1797046661376953 6
1718524979014 1.1759191751480103 7
1718524979383 0.9334851503372192 8
1718524979847 0.8016085028648376 9
1718524980214 0.8338593244552612 10
1718524980580 0.7480084300041199 11
1718524980913 0.803949236869812 12
1718524981266 0.8680342435836792 13
1718524981633 1.2226628065109253 14
1718524981980 1.5258452892303467 15
1718524982397 1.252565860748291 16
1718524982935 1.0472745895385742 17
1718524983463 0.7845257520675659 18
1718524983967 0.7832912802696228 19
1718524984396 0.9414069652557373 20
1718524984846 1.1138728857040405 21
1718524985296 1.1088835000991821 22
1718524985746 0.9175234436988831 23
1718524986196 0.9593954682350159 24
1718524986662 1.094210147857666 25
1718524987094 1.2059078216552734 26
1718524987545 0.8857524991035461 27
1718524987979 0.9293445348739624 28
1718524988460 0.934756338596344 29
1718524988899 0.9232723116874695 30
1718524989345 0.9827407002449036 31
1718524989778 0.8677377104759216 32
1718524990235 0.7436038851737976 33
1718524990712 0.8153390288352966 34
1718524991145 0.7940834164619446 35
1718524991778 1.0027655363082886 36
1718524992231 1.3044782876968384 37
1718524992628 1.5931899547576904 38
1718524993044 1.331986904144287 39
1718524993478 1.8490610122680664 40
1718524993878 1.7924039363861084 41
1718524994311 1.3084596395492554 42
1718524994778 1.4318102598190308 43
1718524995214 1.326564908027649 44
1718524995648 1.2388564348220825 45
1718524996064 0.9442328810691833 46
1718524996477 0.8497893214225769 47
1718524996844 0.7806105613708496 48
1718524997210 0.9040846824645996 49
