1718407934280 0.24444444444444446 0
1718407934692 0.0 1
1718407935114 0.0 2
1718407935530 0.0 3
1718407935897 0.0 4
1718407936247 0.34782608695652173 5
1718407936629 0.0 6
1718407936980 0.02 7
1718407937313 0.3333333333333333 8
1718407937680 0.0 9
1718407938030 0.02 10
1718407938396 0.3333333333333333 11
1718407938747 0.0 12
1718407939113 0.15384615384615385 13
1718407939429 0.0 14
1718407939796 0.0 15
1718407940129 0.3333333333333333 16
1718407940513 0.09523809523809523 17
1718407940899 0.0 18
1718407941263 0.3 19
1718407941629 0.3333333333333333 20
1718407942013 0.09523809523809523 21
1718407942379 0.3333333333333333 22
1718407942712 0.026666666666666665 23
1718407943012 0.0 24
1718407943312 0.0 25
1718407943629 0.025 26
1718407943929 0.0 27
1718407944279 0.3333333333333333 28
1718407944582 0.0 29
1718407944914 0.3333333333333333 30
1718407945230 0.0 31
1718407945580 0.0 32
1718407945895 0.4 33
1718407946195 0.29743589743589743 34
1718407946495 0.09523809523809523 35
1718407946795 0.0 36
1718407947095 0.06349206349206349 37
1718407947395 0.16666666666666666 38
1718407947711 0.09523809523809523 39
1718407948011 0.4444444444444444 40
1718407948311 0.0 41
1718407948628 0.3333333333333333 42
1718407948928 0.3466666666666667 43
1718407949228 0.2857142857142857 44
1718407949539 0.0 45
1718407949844 0.3333333333333333 46
1718407950144 0.4444444444444444 47
1718407950427 0.18181818181818182 48
1718407950727 0.0 49
