1718407934147 2.296313762664795 0
1718407934514 2.3566198348999023 1
1718407934964 2.3152246475219727 2
1718407935347 2.3868627548217773 3
1718407935763 4.685610771179199 4
1718407936113 2.310340642929077 5
1718407936480 5.557290077209473 6
1718407936847 2.306854486465454 7
1718407937180 2.291300058364868 8
1718407937530 2.691481828689575 9
1718407937912 2.3010098934173584 10
1718407938263 2.3090593814849854 11
1718407938613 2.3310844898223877 12
1718407938963 2.3652849197387695 13
1718407939313 2.3166894912719727 14
1718407939663 2.340235948562622 15
1718407939996 2.3129963874816895 16
1718407940363 2.2941746711730957 17
1718407940746 4.8737311363220215 18
1718407941139 2.3027451038360596 19
1718407941479 2.4756388664245605 20
1718407941863 2.2998554706573486 21
1718407942231 2.5831995010375977 22
1718407942596 2.3013129234313965 23
1718407942896 2.3323452472686768 24
1718407943196 2.9696695804595947 25
1718407943512 2.335911512374878 26
1718407943812 4.538557052612305 27
1718407944145 2.3166041374206543 28
1718407944465 2.308136463165283 29
1718407944795 2.300867795944214 30
1718407945112 4.509425163269043 31
1718407945445 2.3112332820892334 32
1718407945780 2.3041844367980957 33
1718407946080 2.3092658519744873 34
1718407946380 2.297731637954712 35
1718407946695 4.144515514373779 36
1718407946993 2.307778835296631 37
1718407947281 2.316603183746338 38
1718407947581 2.3018906116485596 39
1718407947895 2.30759596824646 40
1718407948211 3.7029356956481934 41
1718407948511 2.3060357570648193 42
1718407948828 2.307025671005249 43
1718407949111 2.320751667022705 44
1718407949411 2.4292044639587402 45
1718407949727 2.3089303970336914 46
1718407950027 2.321138858795166 47
1718407950311 2.257720947265625 48
1718407950611 3.4826364517211914 49
