1718328794907 0.33246753246753247 0
1718328795188 0.045454545454545456 1
1718328795481 0.4196428571428571 2
1718328795803 0.4196428571428571 3
1718328796098 0.4196428571428571 4
1718328796401 0.4196428571428571 5
1718328796686 0.4196428571428571 6
1718328796968 0.4196428571428571 7
1718328797252 0.3767857142857143 8
1718328797535 0.15789473684210525 9
1718328797812 0.4523809523809524 10
1718328798094 0.563265306122449 11
1718328798376 0.15789473684210525 12
1718328798683 0.15789473684210525 13
1718328798964 0.19623233908948193 14
1718328799249 0.351010101010101 15
1718328799556 0.4433811802232855 16
1718328799865 0.3831827401807118 17
1718328800144 0.15789473684210525 18
1718328800434 0.4434474616292798 19
1718328800714 0.4434474616292798 20
1718328800993 0.4434474616292798 21
1718328801274 0.4434474616292798 22
1718328801569 0.4117647058823529 23
1718328801860 0.509090909090909 24
1718328802145 0.15789473684210525 25
1718328802434 0.04422604422604423 26
1718328802729 0.04675324675324675 27
1718328803030 0.15789473684210525 28
1718328803354 0.15789473684210525 29
1718328803700 0.15789473684210525 30
1718328804000 0.15789473684210525 31
1718328804284 0.15789473684210525 32
1718328804589 0.15789473684210525 33
1718328804885 0.15789473684210525 34
1718328805269 0.15789473684210525 35
1718328805577 0.15789473684210525 36
1718328805868 0.15789473684210525 37
1718328806159 0.15789473684210525 38
1718328806459 0.15789473684210525 39
1718328806758 0.15789473684210525 40
1718328807045 0.4523809523809524 41
1718328807337 0.5064795321637426 42
1718328807636 0.36921296296296297 43
1718328807933 0.40263238916256155 44
1718328808222 0.3716216216216216 45
1718328808519 0.2758736559139785 46
1718328808805 0.34759615384615383 47
1718328809094 0.4725063938618926 48
1718328809377 0.5137447135717031 49
