1718547095921 0.09212121212121212 0
1718547096311 0.09151515151515152 1
1718547096663 0.09212121212121212 2
1718547097044 0.09151515151515152 3
1718547097475 0.09212121212121212 4
1718547097862 0.09151515151515152 5
1718547098293 0.09212121212121212 6
1718547098695 0.09151515151515152 7
1718547099081 0.09212121212121212 8
1718547099498 0.09151515151515152 9
1718547099876 0.09212121212121212 10
1718547100225 0.09151515151515152 11
1718547100578 0.09212121212121212 12
1718547101011 0.09151515151515152 13
1718547101511 0.09212121212121212 14
1718547101861 0.09151515151515152 15
1718547102246 0.09212121212121212 16
1718547102593 0.09151515151515152 17
1718547102962 0.09212121212121212 18
1718547103312 0.09151515151515152 19
1718547103691 0.09212121212121212 20
1718547104043 0.09151515151515152 21
1718547104421 0.09212121212121212 22
1718547104779 0.09151515151515152 23
1718547105143 0.09212121212121212 24
1718547105510 0.09151515151515152 25
1718547105876 0.09212121212121212 26
1718547106262 0.09151515151515152 27
1718547106626 0.09212121212121212 28
1718547107009 0.09151515151515152 29
1718547107375 0.09212121212121212 30
1718547107764 0.09151515151515152 31
1718547108175 0.09212121212121212 32
1718547108575 0.09151515151515152 33
1718547108975 0.09212121212121212 34
1718547109375 0.09151515151515152 35
1718547109775 0.09212121212121212 36
1718547110175 0.09151515151515152 37
1718547110608 0.09212121212121212 38
1718547110962 0.09151515151515152 39
1718547111308 0.09212121212121212 40
1718547111808 0.09151515151515152 41
1718547112158 0.09212121212121212 42
1718547112540 0.09151515151515152 43
1718547112895 0.09212121212121212 44
1718547113261 0.09151515151515152 45
1718547113608 0.09212121212121212 46
1718547113974 0.09151515151515152 47
1718547114332 0.09212121212121212 48
1718547114690 0.09151515151515152 49
