1718537953094 nan 0
1718537954097 nan 1
1718537955077 nan 2
1718537955977 nan 3
1718537956893 nan 4
1718537957776 nan 5
1718537958643 nan 6
1718537959448 nan 7
1718537960211 nan 8
1718537960946 nan 9
1718537961712 nan 10
1718537962492 nan 11
1718537963275 nan 12
1718537964025 nan 13
1718537964795 nan 14
1718537965541 nan 15
1718537966347 nan 16
1718537967192 nan 17
1718537968007 nan 18
1718537968741 nan 19
1718537969524 nan 20
1718537970302 nan 21
1718537971077 nan 22
1718537971843 nan 23
1718537972623 nan 24
1718537973423 nan 25
1718537974156 nan 26
1718537974939 nan 27
1718537975706 nan 28
1718537976472 nan 29
1718537977257 nan 30
1718537978048 nan 31
1718537978839 nan 32
1718537979638 nan 33
1718537980397 nan 34
1718537981122 nan 35
1718537981921 nan 36
1718537982671 nan 37
1718537983454 nan 38
1718537984204 nan 39
1718537984971 nan 40
1718537985795 nan 41
1718537986554 nan 42
1718537987319 nan 43
1718537988070 nan 44
1718537988819 nan 45
1718537989570 nan 46
1718537990340 nan 47
1718537991136 nan 48
1718537991903 nan 49
