1718554026681 0.1605351170568562 0
1718554027799 0.1605351170568562 1
1718554028913 0.1605351170568562 2
1718554029996 0.1605351170568562 3
1718554031116 0.1605351170568562 4
1718554032246 0.1605351170568562 5
1718554033434 0.1605351170568562 6
1718554034565 0.1605351170568562 7
1718554035666 0.1605351170568562 8
1718554036678 0.1605351170568562 9
1718554037711 0.1605351170568562 10
1718554038728 0.1605351170568562 11
1718554039728 0.1605351170568562 12
1718554040744 0.1605351170568562 13
1718554041627 0.1605351170568562 14
1718554042477 0.1605351170568562 15
1718554043310 0.1605351170568562 16
1718554044127 0.1605351170568562 17
1718554044960 0.1605351170568562 18
1718554045793 0.1605351170568562 19
1718554046610 0.1605351170568562 20
1718554047443 0.1605351170568562 21
1718554048259 0.1605351170568562 22
1718554049092 0.1605351170568562 23
1718554049926 0.1605351170568562 24
1718554050768 0.1605351170568562 25
1718554051575 0.1605351170568562 26
1718554052494 0.1605351170568562 27
1718554053368 0.1605351170568562 28
1718554054275 0.1605351170568562 29
1718554055158 0.1605351170568562 30
1718554055976 0.1605351170568562 31
1718554056791 0.1605351170568562 32
1718554057627 0.1605351170568562 33
1718554058441 0.1605351170568562 34
1718554059274 0.1605351170568562 35
1718554060124 0.1605351170568562 36
1718554060943 0.1605351170568562 37
1718554061773 0.1605351170568562 38
1718554062776 0.1605351170568562 39
1718554063690 0.1605351170568562 40
1718554064673 0.1605351170568562 41
1718554065574 0.1605351170568562 42
1718554066472 0.1605351170568562 43
1718554067356 0.1605351170568562 44
1718554068322 0.1605351170568562 45
1718554069172 0.1605351170568562 46
1718554070022 0.1605351170568562 47
1718554070838 0.1605351170568562 48
1718554071705 0.1605351170568562 49
