1718354019842 -0.31247520446777344 0
1718354022059 -0.31247377395629883 1
1718354024520 -0.31247425079345703 2
1718354026792 -0.3124732971191406 3
1718354029405 -0.31247377395629883 4
1718354031790 -0.31247472763061523 5
1718354034272 -0.3124728202819824 6
1718354036783 -0.31247377395629883 7
1718354039091 -0.31247425079345703 8
1718354041597 -0.31247520446777344 9
1718354044205 -0.25580883026123047 10
1718354046712 -0.25580739974975586 11
1718354049014 -0.25580835342407227 12
1718354051524 -0.2558097839355469 13
1718354053863 -0.25580787658691406 14
1718354056151 -0.25580835342407227 15
1718354058701 -0.25580883026123047 16
1718354061007 -0.25580883026123047 17
1718354063594 -0.25580835342407227 18
1718354065957 -0.25580739974975586 19
1718354068501 -0.25580787658691406 20
1718354070832 -0.25580787658691406 21
1718354073296 -0.25580787658691406 22
1718354075654 -0.25580930709838867 23
1718354078016 -0.25580883026123047 24
1718354080511 -0.25580835342407227 25
1718354082777 -0.25580835342407227 26
1718354085296 -0.25580883026123047 27
1718354087664 -0.25580835342407227 28
1718354090190 -0.25580930709838867 29
1718354092678 -0.25580883026123047 30
1718354094919 -0.2558097839355469 31
1718354097504 -0.25580787658691406 32
1718354099833 -0.25580787658691406 33
1718354102425 -0.25580739974975586 34
1718354105164 -0.25580930709838867 35
1718354107764 -0.25580787658691406 36
1718354110218 -0.25580930709838867 37
1718354112712 -0.25580835342407227 38
1718354115019 -0.25580787658691406 39
1718354117361 -0.25580883026123047 40
1718354119904 -0.25580787658691406 41
1718354122216 -0.25580787658691406 42
1718354124664 -0.25580739974975586 43
1718354126856 -0.25580835342407227 44
1718354129283 -0.25580883026123047 45
1718354131594 -0.25580835342407227 46
1718354133819 -0.25580787658691406 47
1718354136340 -0.25580835342407227 48
1718354138530 -0.25580883026123047 49
