1718347656779 0.0 0
1718347659282 0.0 1
1718347661635 0.0 2
1718347664193 0.0 3
1718347666611 0.0 4
1718347669116 0.0 5
1718347671343 0.0 6
1718347673929 0.0 7
1718347676269 0.0 8
1718347678770 0.0 9
1718347681219 0.0 10
1718347683937 0.0 11
1718347686546 0.0 12
1718347688961 0.0 13
1718347691456 0.0 14
1718347693766 0.0 15
1718347696205 0.0 16
1718347698441 0.0 17
1718347700936 0.0 18
1718347703192 0.0 19
1718347705480 0.0 20
1718347708002 0.0 21
1718347710394 0.0 22
1718347712984 0.0 23
1718347715360 0.0 24
1718347717939 0.0 25
1718347720170 0.0 26
1718347722511 0.0 27
1718347725050 0.0 28
1718347727450 0.0 29
1718347729870 0.0 30
1718347732137 0.0 31
1718347734631 0.0 32
1718347736882 0.0 33
1718347739192 0.0 34
1718347741668 0.0 35
1718347744371 0.0 36
1718347746978 0.0 37
1718347749272 0.0 38
1718347751720 0.0 39
1718347754025 0.0 40
1718347756575 0.0 41
1718347758919 0.0 42
1718347761277 0.0 43
1718347763721 0.0 44
1718347766034 0.0 45
1718347768800 0.0 46
1718347771402 0.0 47
1718347773900 0.0 48
1718347776239 0.0 49
