1718496375415 0.10242424242424242 0
1718496380235 0.3920478463437431 1
1718496385056 0.10242424242424242 2
1718496389797 0.4987817375919436 3
1718496394631 0.10242424242424242 4
1718496399368 0.10242424242424242 5
1718496404053 0.10242424242424242 6
1718496408707 0.10242424242424242 7
1718496413460 0.10242424242424242 8
1718496418169 0.10242424242424242 9
1718496423067 0.10242424242424242 10
1718496428161 0.10242424242424242 11
1718496433221 0.5011778070699426 12
1718496437878 0.10242424242424242 13
1718496442549 0.10242424242424242 14
1718496447252 0.10242424242424242 15
1718496452008 0.10242424242424242 16
1718496457094 0.10242424242424242 17
1718496461780 0.10242424242424242 18
1718496466534 0.10242424242424242 19
1718496471522 0.10242424242424242 20
1718496476274 0.10242424242424242 21
1718496480929 0.10242424242424242 22
1718496485970 0.10242424242424242 23
1718496490985 0.10242424242424242 24
1718496495858 0.1874113222202205 25
1718496500575 0.05438574442641806 26
1718496505548 0.564966977054013 27
1718496510282 0.10242424242424242 28
1718496515002 0.10242424242424242 29
1718496519759 0.10242424242424242 30
1718496524494 0.10242424242424242 31
1718496529197 0.10242424242424242 32
1718496534017 0.10242424242424242 33
1718496538704 0.10242424242424242 34
1718496543695 0.08825440345047417 35
1718496548867 0.1851691362301734 36
1718496553883 0.10242424242424242 37
1718496558652 0.10242424242424242 38
1718496563306 0.10242424242424242 39
1718496568059 0.10242424242424242 40
1718496572779 0.10242424242424242 41
1718496577501 0.10242424242424242 42
1718496582219 0.31209003831417625 43
1718496586927 0.10242424242424242 44
1718496591693 0.10242424242424242 45
1718496596430 0.10242424242424242 46
1718496601055 0.10242424242424242 47
1718496606180 0.10242424242424242 48
1718496611326 0.10242424242424242 49
