1718328324354 0.15789473684210525 0
1718328324705 0.15789473684210525 1
1718328325013 0.15789473684210525 2
1718328325332 0.15789473684210525 3
1718328325654 0.15789473684210525 4
1718328325945 0.15789473684210525 5
1718328326238 0.15789473684210525 6
1718328326539 0.15789473684210525 7
1718328326831 0.15789473684210525 8
1718328327121 0.15789473684210525 9
1718328327425 0.15789473684210525 10
1718328327743 0.15789473684210525 11
1718328328047 0.15789473684210525 12
1718328328352 0.15789473684210525 13
1718328328634 0.15789473684210525 14
1718328328924 0.15789473684210525 15
1718328329218 0.15789473684210525 16
1718328329533 0.15789473684210525 17
1718328329835 0.15789473684210525 18
1718328330151 0.15789473684210525 19
1718328330493 0.15789473684210525 20
1718328330792 0.15789473684210525 21
1718328331095 0.15789473684210525 22
1718328331398 0.15789473684210525 23
1718328331689 0.15789473684210525 24
1718328331982 0.15789473684210525 25
1718328332276 0.15789473684210525 26
1718328332585 0.15789473684210525 27
1718328332894 0.15789473684210525 28
1718328333217 0.15789473684210525 29
1718328333542 0.15789473684210525 30
1718328333845 0.15789473684210525 31
1718328334142 0.15789473684210525 32
1718328334482 0.15789473684210525 33
1718328334794 0.15789473684210525 34
1718328335098 0.15789473684210525 35
1718328335422 0.15789473684210525 36
1718328335729 0.15789473684210525 37
1718328336030 0.15789473684210525 38
1718328336335 0.15789473684210525 39
1718328336637 0.15789473684210525 40
1718328336926 0.15789473684210525 41
1718328337227 0.15789473684210525 42
1718328337532 0.15789473684210525 43
1718328337883 0.15789473684210525 44
1718328338220 0.15789473684210525 45
1718328338575 0.15789473684210525 46
1718328338883 0.15789473684210525 47
1718328339187 0.15789473684210525 48
1718328339505 0.15789473684210525 49
