1718393067236 1.9581793546676636 0
1718393067591 1.9576270580291748 1
1718393067996 1.9569035768508911 2
1718393068377 1.9560675621032715 3
1718393068752 1.9552124738693237 4
1718393069108 1.954394817352295 5
1718393069475 1.953636646270752 6
1718393069835 1.9529460668563843 7
1718393070191 1.9523193836212158 8
1718393070546 1.951751947402954 9
1718393070908 1.9512370824813843 10
1718393071335 1.9507697820663452 11
1718393071706 1.9503445625305176 12
1718393072056 1.9499568939208984 13
1718393072443 1.9496033191680908 14
1718393072807 1.9492803812026978 15
1718393073157 1.9489853382110596 16
1718393073525 1.948715329170227 17
1718393073907 1.9484694004058838 18
1718393074286 1.9482444524765015 19
1718393074678 1.9480386972427368 20
1718393075066 2.033365249633789 21
1718393075433 2.0995068550109863 22
1718393075812 2.110044479370117 23
1718393076185 1.910531759262085 24
1718393076569 2.0868616104125977 25
1718393076942 2.6496353149414062 26
1718393077313 2.2756383419036865 27
1718393077683 2.1885790824890137 28
1718393078044 2.065351724624634 29
1718393078403 2.1036651134490967 30
1718393078785 2.0773768424987793 31
1718393079171 2.065931558609009 32
1718393079552 2.058882474899292 33
1718393079929 2.053724527359009 34
1718393080336 2.049628734588623 35
1718393080724 2.046269416809082 36
1718393081095 2.1942358016967773 37
1718393081480 2.007359504699707 38
1718393081860 1.9966188669204712 39
1718393082231 1.9955366849899292 40
1718393082594 1.9954593181610107 41
1718393082964 1.995496153831482 42
1718393083337 1.9955021142959595 43
1718393083717 1.9954545497894287 44
1718393084096 1.9953618049621582 45
1718393084468 1.9952354431152344 46
1718393084849 1.9950863122940063 47
1718393085228 1.9949249029159546 48
1718393085599 1.9947586059570312 49
