1718575270918 1.0 0
1718575271745 1.0 1
1718575272655 0.5454545454545454 2
1718575273449 1.0 3
1718575274341 1.0 4
1718575275132 0.483402489626556 5
1718575275955 1.0 6
1718575276677 1.0 7
1718575277471 1.0 8
1718575278217 0.53125 9
1718575278933 1.0 10
1718575279785 0.4605678233438486 11
1718575280634 1.0 12
1718575281551 0.5424242424242425 13
1718575282423 0.593939393939394 14
1718575283257 1.0 15
1718575284145 0.5454545454545454 16
1718575285884 0.42857142857142855 17
1718575286918 1.0 18
1718575287602 0.6212121212121212 19
1718575288186 0.5454545454545454 20
1718575288820 1.0 21
1718575289370 0.47337278106508873 22
1718575289920 1.0 23
1718575290504 0.49834983498349833 24
1718575291205 0.44375 25
1718575291905 0.5969696969696969 26
1718575292573 0.5242424242424243 27
1718575293256 0.350210970464135 28
1718575293873 0.7727272727272727 29
1718575294544 1.0 30
1718575295174 1.0 31
1718575295761 1.0 32
1718575296346 0.5082508250825083 33
1718575296881 1.0 34
1718575297440 1.0 35
1718575297947 1.0 36
1718575298460 0.37074148296593185 37
1718575298994 0.4072948328267477 38
1718575299561 0.5424242424242425 39
1718575300149 0.5575757575757576 40
1718575300749 0.5454545454545454 41
1718575301352 0.38613861386138615 42
1718575301881 0.5454545454545454 43
1718575302402 1.0 44
1718575302922 1.0 45
1718575303462 0.3183673469387755 46
1718575303964 0.5016501650165016 47
1718575304510 1.0 48
1718575305026 1.0 49
