1718433906253 9.637609481811523 0
1718433907107 -3.7555902004241943 1
1718433907956 2.0393524169921875 2
1718433908785 3.226151943206787 3
1718433909618 -1.8476331233978271 4
1718433910468 7.485759735107422 5
1718433911301 2.057539224624634 6
1718433912185 0.8894443511962891 7
1718433913054 -0.4119117259979248 8
1718433913934 1.630354881286621 9
1718433914769 6.912541389465332 10
1718433915659 4.638923168182373 11
1718433916520 7.371077537536621 12
1718433917354 2.138702392578125 13
1718433918205 4.537806510925293 14
1718433919053 10.520116806030273 15
1718433919883 10.619903564453125 16
1718433920667 3.351032257080078 17
1718433921466 7.6216230392456055 18
1718433922225 5.865078449249268 19
1718433922983 20.4460391998291 20
1718433923782 4.384177207946777 21
1718433924536 -1.6436431407928467 22
1718433925199 0.8571121692657471 23
1718433925882 -0.2923240661621094 24
1718433926532 -5.824699878692627 25
1718433927219 -10.299104690551758 26
1718433927881 4.415227890014648 27
1718433928532 7.795816898345947 28
1718433929216 -6.512687683105469 29
1718433929865 -2.035752296447754 30
1718433930548 7.7936224937438965 31
1718433931218 0.6356539726257324 32
1718433931864 9.838799476623535 33
1718433932530 4.555076599121094 34
1718433933214 -5.24006986618042 35
1718433933864 -3.0020432472229004 36
1718433934547 5.29172420501709 37
1718433935267 3.908761978149414 38
1718433935963 -4.208330154418945 39
1718433936630 5.773715019226074 40
1718433937316 3.2932205200195312 41
1718433937979 2.2300376892089844 42
1718433938645 2.5278234481811523 43
1718433939323 2.418121337890625 44
1718433940000 8.326946258544922 45
1718433940679 1.6292455196380615 46
1718433941361 1.016493797302246 47
1718433942012 -9.247451782226562 48
1718433942662 1.894202709197998 49
