1718575230910 1.0 0
1718575231577 1.0 1
1718575232338 0.896551724137931 2
1718575233103 1.0 3
1718575233795 1.0 4
1718575234529 1.0 5
1718575235179 1.0 6
1718575235896 1.0 7
1718575236596 0.48703170028818443 8
1718575237281 0.5344827586206896 9
1718575237948 1.0 10
1718575238632 1.0 11
1718575239249 1.0 12
1718575239916 1.0 13
1718575240567 1.0 14
1718575241221 1.0 15
1718575241886 1.0 16
1718575242601 0.504424778761062 17
1718575243285 0.5264797507788161 18
1718575243974 0.7092651757188498 19
1718575244689 0.9367816091954023 20
1718575245565 0.4068441064638783 21
1718575246321 0.8735632183908046 22
1718575247022 1.0 23
1718575247722 1.0 24
1718575248422 1.0 25
1718575249056 1.0 26
1718575249823 0.514367816091954 27
1718575250541 1.0 28
1718575251192 0.491869918699187 29
1718575251892 1.0 30
1718575252643 1.0 31
1718575253343 1.0 32
1718575253977 1.0 33
1718575254717 1.0 34
1718575255379 0.504424778761062 35
1718575256098 0.4429657794676806 36
1718575256688 1.0 37
1718575257371 1.0 38
1718575258170 1.0 39
1718575258893 1.0 40
1718575259998 1.0 41
1718575261607 1.0 42
1718575262634 1.0 43
1718575264044 1.0 44
1718575265451 1.0 45
1718575266521 0.49137931034482757 46
1718575267328 1.0 47
1718575268093 1.0 48
1718575268934 1.0 49
