1718538236371 nan 0
1718538236838 nan 1
1718538237257 nan 2
1718538237721 nan 3
1718538238138 nan 4
1718538238571 nan 5
1718538239004 nan 6
1718538239471 nan 7
1718538239921 nan 8
1718538240387 nan 9
1718538240820 nan 10
1718538241249 nan 11
1718538241703 nan 12
1718538242137 nan 13
1718538242720 nan 14
1718538243370 nan 15
1718538244086 nan 16
1718538244703 nan 17
1718538245286 nan 18
1718538245853 nan 19
1718538246406 nan 20
1718538246953 nan 21
1718538247486 nan 22
1718538248036 nan 23
1718538248586 nan 24
1718538249119 nan 25
1718538249685 nan 26
1718538250237 nan 27
1718538250802 nan 28
1718538251337 nan 29
1718538251902 nan 30
1718538252452 nan 31
1718538253002 nan 32
1718538253564 nan 33
1718538254101 nan 34
1718538254668 nan 35
1718538255238 nan 36
1718538255800 nan 37
1718538256338 nan 38
1718538256817 nan 39
1718538257321 nan 40
1718538257801 nan 41
1718538258317 nan 42
1718538258800 nan 43
1718538259254 nan 44
1718538259683 nan 45
1718538260132 nan 46
1718538260566 nan 47
1718538261016 nan 48
1718538261452 nan 49
