1718350951952 6.009930610656738 0
1718350954207 5.038807392120361 1
1718350956556 3.718412399291992 2
1718350959274 4.96903133392334 3
1718350961665 5.057946681976318 4
1718350964209 5.06716251373291 5
1718350966456 5.074968338012695 6
1718350969149 5.073375701904297 7
1718350971516 5.067871570587158 8
1718350973941 5.061753273010254 9
1718350976332 5.056264877319336 10
1718350978834 5.032497406005859 11
1718350981424 5.032669544219971 12
1718350983961 5.031614303588867 13
1718350986622 5.030141830444336 14
1718350988867 5.028526306152344 15
1718350991276 7.3265485763549805 16
1718350993439 5.0783915519714355 17
1718350995814 6.000804424285889 18
1718350998301 8.361710548400879 19
1718351000654 8.688498497009277 20
1718351003229 8.685501098632812 21
1718351005648 8.659482955932617 22
1718351008150 8.601506233215332 23
1718351010517 8.450296401977539 24
1718351013043 8.348248481750488 25
1718351015235 8.278736114501953 26
1718351017553 8.331596374511719 27
1718351020067 8.356855392456055 28
1718351022401 8.370977401733398 29
1718351024925 8.380578994750977 30
1718351027292 7.838634014129639 31
1718351029840 8.187769889831543 32
1718351032202 8.246355056762695 33
1718351034494 8.911413192749023 34
1718351036873 4.329681396484375 35
1718351039226 6.756903648376465 36
1718351041712 6.509659290313721 37
1718351044623 6.531718730926514 38
1718351047338 6.5188703536987305 39
1718351049702 6.506611347198486 40
1718351052242 6.5019330978393555 41
1718351054591 6.945241451263428 42
1718351057084 6.95418119430542 43
1718351059436 6.952849864959717 44
1718351061766 6.954648971557617 45
1718351064159 6.956380367279053 46
1718351066529 6.90199089050293 47
1718351069111 6.5323357582092285 48
1718351071361 6.532337188720703 49
