1718488243784 0.10242424242424242 0
1718488246306 0.10242424242424242 1
1718488249163 0.10242424242424242 2
1718488252059 0.10242424242424242 3
1718488254693 0.10242424242424242 4
1718488257261 0.10242424242424242 5
1718488259893 0.10242424242424242 6
1718488262914 0.10242424242424242 7
1718488266500 0.10242424242424242 8
1718488270003 0.10242424242424242 9
1718488273204 0.10242424242424242 10
1718488276023 0.10242424242424242 11
1718488279276 0.10242424242424242 12
1718488281834 0.10242424242424242 13
1718488284448 0.10242424242424242 14
1718488287207 0.10242424242424242 15
1718488289966 0.10242424242424242 16
1718488293272 0.10242424242424242 17
1718488295957 0.10242424242424242 18
1718488298727 0.10242424242424242 19
1718488301350 0.10242424242424242 20
1718488303864 0.10242424242424242 21
1718488306407 0.10242424242424242 22
1718488308921 0.10242424242424242 23
1718488312247 0.10242424242424242 24
