1718388615217 0.47664162516593933 0
1718388615500 0.5406569838523865 1
1718388615808 0.567498505115509 2
1718388616086 0.5604782700538635 3
1718388616443 0.4800359308719635 4
1718388616734 0.48973047733306885 5
1718388617006 0.5359290242195129 6
1718388617228 0.4789230525493622 7
1718388617471 0.6049774289131165 8
1718388617709 0.6111218333244324 9
1718388617936 0.4817453622817993 10
1718388618165 0.4780780076980591 11
1718388618397 0.5304980278015137 12
1718388618635 0.5980759859085083 13
1718388618879 0.5413872599601746 14
1718388619116 0.47718796133995056 15
1718388619338 0.49605581164360046 16
1718388619589 0.5840446352958679 17
1718388619830 0.5340132117271423 18
1718388620064 0.5208474397659302 19
1718388620294 0.4264453649520874 20
1718388620534 0.43157318234443665 21
1718388620775 0.4249051809310913 22
1718388621010 0.5076025128364563 23
1718388621260 0.4257010817527771 24
1718388621694 0.47216540575027466 25
1718388621911 0.5018803477287292 26
1718388622144 0.43553900718688965 27
1718388622377 0.4814406931400299 28
1718388622625 0.495193749666214 29
1718388622861 0.4773072302341461 30
1718388623092 0.43867745995521545 31
1718388623327 0.4096693992614746 32
1718388623572 0.4199810326099396 33
1718388623808 0.42216259241104126 34
1718388624039 0.4112735390663147 35
1718388624268 0.41798821091651917 36
1718388624526 0.39432650804519653 37
1718388624758 0.3930201828479767 38
1718388624994 0.4000197649002075 39
1718388625226 0.4289763271808624 40
1718388625477 0.39996740221977234 41
1718388625724 0.5153989195823669 42
1718388625984 0.447998046875 43
1718388626218 0.4007420837879181 44
1718388626474 0.41076287627220154 45
1718388626728 0.406244158744812 46
1718388626966 0.44534599781036377 47
1718388627205 0.47824791073799133 48
1718388627441 0.38675203919410706 49
