1718512395948 0.10242424242424242 0
1718512398567 0.10242424242424242 1
1718512401102 0.10242424242424242 2
1718512403778 0.10242424242424242 3
1718512406306 0.10242424242424242 4
1718512408858 0.10242424242424242 5
1718512411377 0.10242424242424242 6
1718512413878 0.10242424242424242 7
1718512416397 0.10242424242424242 8
1718512418916 0.10242424242424242 9
1718512421417 0.10242424242424242 10
1718512423953 0.10242424242424242 11
1718512426454 0.10242424242424242 12
1718512428940 0.10242424242424242 13
1718512431525 0.10242424242424242 14
1718512434028 0.10242424242424242 15
1718512436512 0.10242424242424242 16
1718512439064 0.10242424242424242 17
1718512441583 0.10242424242424242 18
1718512444735 0.10242424242424242 19
1718512448006 0.10242424242424242 20
1718512451040 0.10242424242424242 21
1718512453608 0.10242424242424242 22
1718512456277 0.10242424242424242 23
1718512458795 0.10242424242424242 24
1718512461281 0.10242424242424242 25
1718512463802 0.10242424242424242 26
1718512466301 0.10242424242424242 27
1718512468804 0.10242424242424242 28
1718512471305 0.10242424242424242 29
1718512473756 0.10242424242424242 30
1718512476242 0.10242424242424242 31
1718512478764 0.10242424242424242 32
1718512481279 0.10242424242424242 33
1718512483831 0.10242424242424242 34
1718512486333 0.10242424242424242 35
1718512488834 0.10242424242424242 36
1718512491336 0.10242424242424242 37
1718512493824 0.10242424242424242 38
1718512496324 0.10242424242424242 39
1718512498892 0.10242424242424242 40
1718512501427 0.10242424242424242 41
1718512504546 0.10242424242424242 42
1718512507819 0.10242424242424242 43
1718512510968 0.10242424242424242 44
1718512513569 0.10242424242424242 45
1718512516055 0.10242424242424242 46
1718512518573 0.10242424242424242 47
1718512521075 0.10242424242424242 48
1718512523594 0.10242424242424242 49
