1718532247483 0.1676846196557468 0
1718532248549 0.1676846196557468 1
1718532249600 0.1676846196557468 2
1718532250682 0.1676846196557468 3
1718532251732 0.1676846196557468 4
1718532252782 0.1676846196557468 5
1718532253932 0.1676846196557468 6
1718532254898 0.1676846196557468 7
1718532255932 0.1676846196557468 8
1718532256898 0.1676846196557468 9
1718532257815 0.1676846196557468 10
1718532258668 0.1676846196557468 11
1718532259517 0.1676846196557468 12
1718532260384 0.1676846196557468 13
1718532261247 0.1676846196557468 14
1718532262064 0.1676846196557468 15
1718532262914 0.1676846196557468 16
1718532263767 0.1676846196557468 17
1718532264597 0.1676846196557468 18
1718532265463 0.1276203852389559 19
1718532266346 0.1676846196557468 20
1718532267196 0.1676846196557468 21
1718532268046 0.18681318681318682 22
1718532268896 0.1676846196557468 23
1718532269765 0.1676846196557468 24
1718532270713 0.1676846196557468 25
1718532271545 0.1676846196557468 26
1718532272395 0.1676846196557468 27
1718532273264 0.1676846196557468 28
1718532274095 0.1676846196557468 29
1718532274945 0.1676846196557468 30
1718532275794 0.1676846196557468 31
1718532276628 0.1676846196557468 32
1718532277477 0.1676846196557468 33
1718532278327 0.1676846196557468 34
1718532279163 0.1676846196557468 35
1718532280060 0.1676846196557468 36
1718532280927 0.1676846196557468 37
1718532281847 0.1676846196557468 38
1718532282676 0.10084994507770154 39
1718532283526 0.1676846196557468 40
1718532284393 0.1676846196557468 41
1718532285497 0.1676846196557468 42
1718532286523 0.1676846196557468 43
1718532287559 0.1676846196557468 44
1718532288592 0.1676846196557468 45
1718532289521 0.1676846196557468 46
1718532290440 0.1676846196557468 47
1718532291359 0.1676846196557468 48
1718532292308 0.1676846196557468 49
