1718532247253 8.225529188540444 0
1718532248339 8.786018873328594 1
1718532249396 8.332822353092592 2
1718532250466 8.25693283508073 3
1718532251533 7.80694428219724 4
1718532252570 7.422441134701914 5
1718532253700 7.976863305960128 6
1718532254719 8.588488367956076 7
1718532255750 7.201450135280837 8
1718532256715 7.755986226583595 9
1718532257665 7.018345757206874 10
1718532258532 7.571982632822065 11
1718532259381 7.892457739630742 12
1718532260214 8.529387144010458 13
1718532261081 7.098987350712961 14
1718532261914 7.86137190594602 15
1718532262765 7.184080272023357 16
1718532263614 7.7475141896240745 17
1718532264463 7.333806683323276 18
1718532265313 7.817455442538902 19
1718532266200 7.416407175028502 20
1718532267046 7.68142311341727 21
1718532267896 7.673382558039765 22
1718532268741 7.661031624274467 23
1718532269612 7.088533100797169 24
1718532270545 7.9874530612532775 25
1718532271395 7.8738783900417495 26
1718532272247 8.210893953024451 27
1718532273098 8.560947210931067 28
1718532273948 7.305436092081354 29
1718532274814 7.3996541295478595 30
1718532275648 8.508098193069003 31
1718532276478 7.305493556296647 32
1718532277327 7.819172885880541 33
1718532278161 7.740950548826759 34
1718532279010 7.291968730403416 35
1718532279906 8.528099049383135 36
1718532280764 6.816339100919553 37
1718532281677 7.78327171482257 38
1718532282526 7.996706864727077 39
1718532283378 8.447413216775923 40
1718532284243 7.5374741078312715 41
1718532285326 7.9405667990890905 42
1718532286341 7.447880336597784 43
1718532287392 6.885457336012997 44
1718532288426 7.99703046279167 45
1718532289359 8.037035273082221 46
1718532290275 8.12689813215341 47
1718532291206 7.061308049443943 48
1718532292141 7.445784600812997 49
