1718394845162 3.7195241451263428 0
1718394848041 8.33220386505127 1
1718394851016 4.326172351837158 2
1718394853815 4.326023578643799 3
1718394856161 4.326007843017578 4
1718394858266 4.33901309967041 5
1718394860418 6.637511730194092 6
1718394862666 4.8537116050720215 7
1718394865799 8.42737865447998 8
1718394868657 8.946087837219238 9
1718394870963 8.072988510131836 10
1718394873194 8.072132110595703 11
1718394875469 7.598204135894775 12
1718394877643 7.598205089569092 13
1718394879781 7.138699054718018 14
1718394881837 7.1387038230896 15
1718394883785 7.138703346252441 16
1718394886102 4.956214904785156 17
1718394888254 4.320427894592285 18
1718394890935 10.802618026733398 19
