1718328674591 2.1557085514068604 0
1718328674865 2.15470290184021 1
1718328675151 2.1540420055389404 2
1718328675447 2.153610944747925 3
1718328675764 2.1533353328704834 4
1718328676041 2.153165102005005 5
1718328676330 2.1530678272247314 6
1718328676623 2.1530184745788574 7
1718328676904 2.153001070022583 8
1718328677189 2.1530044078826904 9
1718328677483 2.1530206203460693 10
1718328677766 2.153043270111084 11
1718328678047 2.153069019317627 12
1718328678335 2.153095006942749 13
1718328678627 2.1531198024749756 14
1718328678907 2.1531426906585693 15
1718328679184 2.153162956237793 16
1718328679483 2.153179883956909 17
1718328679773 2.1531941890716553 18
1718328680051 2.153205394744873 19
1718328680335 2.1532137393951416 20
1718328680634 2.153219699859619 21
1718328680921 2.1532235145568848 22
1718328681207 2.1532256603240967 23
1718328681535 2.1532256603240967 24
1718328681826 2.153224468231201 25
1718328682205 2.153221845626831 26
1718328682507 2.1532180309295654 27
1718328682890 2.1532137393951416 28
1718328683182 2.1532087326049805 29
1718328683480 2.153203248977661 30
1718328683772 2.1531972885131836 31
1718328684069 2.153190851211548 32
1718328684364 2.153183698654175 33
1718328684660 2.15317702293396 34
1718328684937 2.153170347213745 35
1718328685221 2.153163433074951 36
1718328685515 2.153156042098999 37
1718328685798 2.153149366378784 38
1718328686087 2.153142213821411 39
1718328686380 2.153135061264038 40
1718328686678 2.1531283855438232 41
1718328686963 2.1531219482421875 42
1718328687253 2.1531150341033936 43
1718328687550 2.153109312057495 44
1718328687831 2.1531026363372803 45
1718328688121 2.1530964374542236 46
1718328688412 2.153090476989746 47
1718328688705 2.1530849933624268 48
1718328688998 2.1530792713165283 49
