1718386258727 1.456229567527771 0
1718386259106 1.7621122598648071 1
1718386259449 1.5233922004699707 2
1718386259807 2.1670944690704346 3
1718386260171 2.103512763977051 4
1718386260488 2.1575992107391357 5
1718386260814 1.9560513496398926 6
1718386261140 1.9430155754089355 7
1718386261457 1.9751225709915161 8
1718386261780 1.9349502325057983 9
1718386262106 1.6879005432128906 10
1718386262500 1.652551293373108 11
1718386262888 2.0292739868164062 12
1718386263269 2.5796923637390137 13
1718386263697 1.6275376081466675 14
1718386264072 1.9418418407440186 15
1718386264466 1.906019687652588 16
1718386264916 2.1387641429901123 17
1718386265349 2.111626386642456 18
1718386265754 2.1427063941955566 19
1718386266136 2.0370304584503174 20
1718386266509 1.6970486640930176 21
1718386266904 1.7110979557037354 22
1718386267281 1.9002254009246826 23
1718386267662 1.8612730503082275 24
1718386268052 1.8252085447311401 25
1718386268437 2.198185682296753 26
1718386268816 1.9353573322296143 27
1718386269219 2.1612277030944824 28
1718386269607 2.26094388961792 29
1718386270025 2.065164804458618 30
1718386270463 2.206831216812134 31
1718386270850 2.0463380813598633 32
1718386271241 2.0416104793548584 33
1718386271617 1.9875365495681763 34
1718386272006 2.045156955718994 35
1718386272403 2.016367197036743 36
1718386272784 2.1446523666381836 37
1718386273189 2.3048243522644043 38
1718386273568 2.317836046218872 39
1718386273956 1.926433801651001 40
1718386274333 2.3078341484069824 41
1718386274700 2.1184964179992676 42
1718386275073 2.09964656829834 43
1718386275446 1.9801077842712402 44
1718386275804 1.9818025827407837 45
1718386276124 2.0386300086975098 46
1718386276446 2.06424617767334 47
1718386276759 2.067992687225342 48
1718386277080 2.122704029083252 49
