1717606142356 60.205924364346174 0
1717606142403 60.205924364346174 0
1717606143352 62.01236091727641 1
1717606143402 62.01236091727641 1
1717606144368 59.39102874585052 2
1717606144413 59.39102874585052 2
1717606145318 61.02851048939264 3
1717606145361 61.02851048939264 3
1717606146311 59.235376961551495 4
1717606146334 59.235376961551495 4
1717606147210 61.33532925790815 5
1717606147234 61.33532925790815 5
1717606148084 60.51725937572878 6
1717606148131 60.51725937572878 6
1717606149002 60.309606520809346 7
1717606149033 60.309606520809346 7
1717606149905 61.95141669316078 8
1717606149934 61.95141669316078 8
1717606150866 60.02774822747529 9
1717606150911 60.02774822747529 9
1717606151814 62.18832090007725 10
1717606151849 62.18832090007725 10
1717606152736 61.239259110635786 11
1717606152776 61.239259110635786 11
1717606153732 59.379721245836855 12
1717606153766 59.379721245836855 12
1717606154649 61.47810019877419 13
1717606154700 61.47810019877419 13
1717606155587 60.51506110518726 14
1717606155616 60.51506110518726 14
1717606156506 60.79363736963984 15
1717606156532 60.79363736963984 15
1717606157388 61.613686211429425 16
1717606157415 61.613686211429425 16
1717606158282 61.690095167017695 17
1717606158319 61.690095167017695 17
1717606159182 61.494830954252784 18
1717606159215 61.494830954252784 18
1717606160082 60.17846825158418 19
1717606160115 60.17846825158418 19
1717606160965 60.070141872007454 20
1717606161003 60.070141872007454 20
1717606161848 61.169071704238206 21
1717606161889 61.169071704238206 21
1717606162748 61.40664213664496 22
1717606162781 61.40664213664496 22
1717606163631 60.94383243731598 23
1717606163682 60.94383243731598 23
1717606164514 62.276100597096914 24
1717606164564 62.276100597096914 24
1717606165431 60.54181017519823 25
1717606165474 60.54181017519823 25
1717606166330 61.47404667868543 26
1717606166368 61.47404667868543 26
1717606167264 61.405809960436464 27
1717606167314 61.405809960436464 27
1717606168213 60.986167725520346 28
1717606168264 60.986167725520346 28
1717606169128 61.72327725994053 29
1717606169165 61.72327725994053 29
1717606170046 59.30438443084261 30
1717606170092 59.30438443084261 30
1717606170946 59.944267882162066 31
1717606170979 59.944267882162066 31
1717606171845 61.6593425864604 32
1717606171878 61.6593425864604 32
1717606172746 61.76628487999759 33
1717606172794 61.76628487999759 33
1717606173662 61.67030748965135 34
1717606173696 61.67030748965135 34
1717606174629 61.71239870555365 35
1717606174662 61.71239870555365 35
1717606175512 61.59023144280732 36
1717606175558 61.59023144280732 36
1717606176412 60.7792687601118 37
1717606176445 60.7792687601118 37
1717606177293 61.99211420941709 38
1717606177328 61.99211420941709 38
1717606178178 60.63558830147359 39
1717606178212 60.63558830147359 39
1717606179078 60.69644892108974 40
1717606179115 60.69644892108974 40
1717606180061 60.51861472058652 41
1717606180094 60.51861472058652 41
1717606180961 61.01098936280208 42
1717606180994 61.01098936280208 42
1717606181844 60.47819382397097 43
1717606181877 60.47819382397097 43
1717606182744 60.06978498715073 44
1717606182777 60.06978498715073 44
1717606183660 61.03874446242603 45
1717606183694 61.03874446242603 45
1717606184593 61.03259784072193 46
1717606184627 61.03259784072193 46
1717606185508 60.772036928205345 47
1717606185545 60.772036928205345 47
1717606186443 60.75820131159541 48
1717606186493 60.75820131159541 48
1717606187441 62.01561896480731 49
1717606187484 62.01561896480731 49
1717606188393 60.970136135727614 50
1717606188426 60.970136135727614 50
1717606189314 60.94694635761318 51
1717606189359 60.94694635761318 51
1717606190247 60.73313356086389 52
1717606190284 60.73313356086389 52
1717606191175 61.30934608801088 53
1717606191213 61.30934608801088 53
1717606192075 59.34909397523795 54
1717606192109 59.34909397523795 54
1717606192975 60.26163999073541 55
1717606193009 60.26163999073541 55
1717606193858 60.62121849629416 56
1717606193896 60.62121849629416 56
1717606194796 61.12485342168096 57
1717606194832 61.12485342168096 57
1717606195880 60.301094869357435 58
1717606195932 60.301094869357435 58
1717606196841 60.816199000913706 59
1717606196875 60.816199000913706 59
1717606197781 60.20972554505761 60
1717606197817 60.20972554505761 60
1717606198701 60.00519481772807 61
1717606198732 60.00519481772807 61
1717606199631 61.44242909559563 62
1717606199668 61.44242909559563 62
1717606200573 60.20612223610949 63
1717606200611 60.20612223610949 63
1717606201504 60.80314552534872 64
1717606201540 60.80314552534872 64
1717606202419 60.626285316695025 65
1717606202457 60.626285316695025 65
1717606203357 61.5438400439362 66
1717606203408 61.5438400439362 66
1717606204443 60.72112765241025 67
1717606204490 60.72112765241025 67
1717606205339 59.894159644397334 68
1717606205377 59.894159644397334 68
1717606206273 60.743692261425416 69
1717606206328 60.743692261425416 69
1717606207338 61.44335047024399 70
1717606207389 61.44335047024399 70
1717606208337 60.36429623845798 71
1717606208375 60.36429623845798 71
1717606209420 61.04470008451547 72
1717606209476 61.04470008451547 72
1717606210705 61.29514857619556 73
1717606210759 61.29514857619556 73
1717606211672 60.949478878192046 74
1717606211705 60.949478878192046 74
1717606212657 60.824890694689394 75
1717606212706 60.824890694689394 75
1717606213587 60.46604680303317 76
1717606213623 60.46604680303317 76
1717606214520 61.88797015289762 77
1717606214567 61.88797015289762 77
1717606215440 61.685659066954656 78
1717606215479 61.685659066954656 78
1717606216637 59.58186213934599 79
1717606216685 59.58186213934599 79
1717606217761 60.4788591840374 80
1717606217807 60.4788591840374 80
1717606218900 61.24545786274013 81
1717606218995 61.24545786274013 81
1717606220176 60.91927860316945 82
1717606220224 60.91927860316945 82
1717606221140 60.985672794171236 83
1717606221187 60.985672794171236 83
1717606222141 60.40886057953336 84
1717606222181 60.40886057953336 84
1717606223051 61.970038650284955 85
1717606223082 61.970038650284955 85
1717606223969 60.63879057756111 86
1717606224000 60.63879057756111 86
1717606224850 62.07513715260065 87
1717606224889 62.07513715260065 87
1717606225848 61.13154796201791 88
1717606225879 61.13154796201791 88
1717606226726 62.44615819560948 89
1717606226757 62.44615819560948 89
1717606227572 60.56149087592737 90
1717606227603 60.56149087592737 90
1717606228420 59.90052352449787 91
1717606228450 59.90052352449787 91
1717606229265 61.13698612611685 92
1717606229297 61.13698612611685 92
1717606230128 61.11234261242311 93
1717606230159 61.11234261242311 93
1717606230959 59.96297943912335 94
1717606230990 59.96297943912335 94
1717606231790 60.98895277336462 95
1717606231838 60.98895277336462 95
1717606232637 61.771968346211445 96
1717606232669 61.771968346211445 96
1717606233515 61.475549020340196 97
1717606233547 61.475549020340196 97
1717606234485 61.71521912190452 98
1717606234516 61.71521912190452 98
1717606235363 61.80305887193822 99
1717606235394 61.80305887193822 99
1717606236487 62.027195705584624 100
1717606236519 62.027195705584624 100
1717606237335 58.48827678623484 101
1717606237366 58.48827678623484 101
1717606238290 59.59646585948432 102
1717606238322 59.59646585948432 102
1717606239138 60.854376294719636 103
1717606239169 60.854376294719636 103
1717606240005 62.59257505046788 104
1717606240040 62.59257505046788 104
1717606240837 59.44774834931786 105
1717606240868 59.44774834931786 105
1717606241683 60.25271442470266 106
1717606241714 60.25271442470266 106
1717606242546 59.058919126596024 107
1717606242577 59.058919126596024 107
1717606243392 60.825821065191015 108
1717606243423 60.825821065191015 108
1717606244239 61.45949406979689 109
1717606244271 61.45949406979689 109
1717606245086 60.43048859211936 110
1717606245118 60.43048859211936 110
1717606245933 61.744168887921234 111
1717606245965 61.744168887921234 111
1717606246780 61.37744647353443 112
1717606246811 61.37744647353443 112
1717606247611 60.309061682402195 113
1717606247642 60.309061682402195 113
1717606248457 59.89705528145406 114
1717606248504 59.89705528145406 114
1717606249320 60.67282922659347 115
1717606249356 60.67282922659347 115
1717606250157 60.05846227959021 116
1717606250182 60.05846227959021 116
1717606250998 62.734236190568154 117
1717606251044 62.734236190568154 117
1717606251829 61.30695686340332 118
1717606251861 61.30695686340332 118
1717606252676 60.69648418426514 119
1717606252707 60.69648418426514 119
1717606253507 60.877059367165636 120
1717606253554 60.877059367165636 120
1717606254370 60.166822299672596 121
1717606254401 60.166822299672596 121
1717606255200 60.26123016129679 122
1717606255231 60.26123016129679 122
1717606256047 60.237463672125514 123
1717606256078 60.237463672125514 123
1717606256868 61.158789418348626 124
1717606256893 61.158789418348626 124
1717606257709 59.713826854193385 125
1717606257740 59.713826854193385 125
1717606258587 61.85796286170162 126
1717606258618 61.85796286170162 126
1717606259402 59.67932094175424 127
1717606259434 59.67932094175424 127
1717606260248 60.36261338760604 128
1717606260279 60.36261338760604 128
1717606261079 59.19607674897607 129
1717606261110 59.19607674897607 129
1717606261910 60.15586949248812 130
1717606261941 60.15586949248812 130
1717606262740 60.96687263090219 131
1717606262778 60.96687263090219 131
1717606263580 60.773031599130206 132
1717606263603 60.773031599130206 132
1717606264419 59.13850354436618 133
1717606264466 59.13850354436618 133
1717606265283 61.45268534190619 134
1717606265313 61.45268534190619 134
1717606266144 61.333710061258344 135
1717606266175 61.333710061258344 135
1717606266991 60.90148641671708 136
1717606267022 60.90148641671708 136
1717606267822 60.81643177431021 137
1717606267853 60.81643177431021 137
1717606268669 62.162336258390056 138
1717606268700 62.162336258390056 138
1717606269531 61.115872050043365 139
1717606269578 61.115872050043365 139
1717606270394 60.69533348937533 140
1717606270425 60.69533348937533 140
1717606271209 61.13000826479784 141
1717606271240 61.13000826479784 141
1717606272040 60.95984509311505 142
1717606272071 60.95984509311505 142
1717606272871 60.75635898647024 143
1717606272918 60.75635898647024 143
1717606273702 59.62272715782051 144
1717606273734 59.62272715782051 144
1717606274564 59.155398061382236 145
1717606274598 59.155398061382236 145
1717606275411 61.28155392319409 146
1717606275443 61.28155392319409 146
1717606276257 62.15815501141904 147
1717606276289 62.15815501141904 147
1717606277120 60.438123082402925 148
1717606277167 60.438123082402925 148
1717606277982 61.106747929017935 149
1717606278014 61.106747929017935 149
1717606278859 61.46838263326617 150
1717606278891 61.46838263326617 150
1717606279800 60.17751598358154 151
1717606279832 60.17751598358154 151
1717606280678 61.2422121987414 152
1717606280710 61.2422121987414 152
1717606281605 60.99372120757601 153
1717606281636 60.99372120757601 153
1717606282460 61.330418674981416 154
1717606282507 61.330418674981416 154
1717606283322 60.96534093600601 155
1717606283353 60.96534093600601 155
1717606284169 60.49347278538035 156
1717606284214 60.49347278538035 156
1717606284984 60.19718814679046 157
1717606285031 60.19718814679046 157
1717606285847 61.465645969447806 158
1717606285878 61.465645969447806 158
1717606286709 62.28500403503873 159
1717606286741 62.28500403503873 159
1717606287571 62.21303803742821 160
1717606287602 62.21303803742821 160
1717606288402 61.20059234277526 161
1717606288434 61.20059234277526 161
1717606289223 60.01382342096585 162
1717606289249 60.01382342096585 162
1717606290053 61.36675392834108 163
1717606290084 61.36675392834108 163
1717606290900 60.74094381190058 164
1717606290931 60.74094381190058 164
1717606291731 60.84320250553871 165
1717606291763 60.84320250553871 165
1717606292578 61.77392349812522 166
1717606292594 61.77392349812522 166
1717606293424 60.6607812796066 167
1717606293456 60.6607812796066 167
1717606294401 61.12310405560394 168
1717606294432 61.12310405560394 168
1717606295233 61.67930257427159 169
1717606295263 61.67930257427159 169
1717606296078 60.57787634152085 170
1717606296110 60.57787634152085 170
1717606296941 60.902948430758805 171
1717606296972 60.902948430758805 171
1717606297803 61.051916989283775 172
1717606297837 61.051916989283775 172
1717606298650 60.34509478327054 173
1717606298681 60.34509478327054 173
1717606299496 60.144313277059524 174
1717606299559 60.144313277059524 174
1717606300375 62.07845567731715 175
1717606300406 62.07845567731715 175
1717606301205 59.77704938917018 176
1717606301237 59.77704938917018 176
1717606302019 61.736396684219585 177
1717606302050 61.736396684219585 177
1717606302866 59.42562370015614 178
1717606302897 59.42562370015614 178
1717606303697 59.60483338085573 179
1717606303728 59.60483338085573 179
1717606304528 60.01241944725834 180
1717606304559 60.01241944725834 180
1717606305375 60.26692998516026 181
1717606305406 60.26692998516026 181
1717606306221 62.875420146201975 182
1717606306253 62.875420146201975 182
1717606307021 62.136481205385124 183
1717606307068 62.136481205385124 183
1717606307854 61.33298269243382 184
1717606307883 61.33298269243382 184
1717606308714 58.95704626396521 185
1717606308745 58.95704626396521 185
1717606309545 59.834097889288145 186
1717606309576 59.834097889288145 186
1717606310392 61.041874424379266 187
1717606310423 61.041874424379266 187
1717606311287 60.33339112409905 188
1717606311333 60.33339112409905 188
1717606312242 61.75127651157664 189
1717606312277 61.75127651157664 189
1717606313442 60.43040302902905 190
1717606313478 60.43040302902905 190
1717606314340 58.94547087825946 191
1717606314385 58.94547087825946 191
1717606315247 61.550706567337265 192
1717606315282 61.550706567337265 192
1717606316210 59.199763733593386 193
1717606316242 59.199763733593386 193
1717606317074 60.92485163674426 194
1717606317106 60.92485163674426 194
1717606317927 61.25514615756362 195
1717606317958 61.25514615756362 195
1717606318791 61.8309607605436 196
1717606318825 61.8309607605436 196
1717606319628 62.26776271079903 197
1717606319666 62.26776271079903 197
1717606320476 60.18787791124031 198
1717606320507 60.18787791124031 198
1717606321306 60.155713314796564 199
1717606321358 60.155713314796564 199
