1718537992969 0.08727272727272728 0
1718537993719 0.08727272727272728 1
1718537994469 0.08727272727272728 2
1718537995271 0.08727272727272728 3
1718537996052 0.08727272727272728 4
1718537997035 0.08727272727272728 5
1718537997805 0.08727272727272728 6
1718537998585 0.08727272727272728 7
1718537999352 0.08727272727272728 8
1718538000172 0.08727272727272728 9
1718538000984 0.08727272727272728 10
1718538001834 0.08727272727272728 11
1718538002800 0.08727272727272728 12
1718538003817 0.08727272727272728 13
1718538004784 0.08727272727272728 14
1718538005670 0.08727272727272728 15
1718538006561 0.08727272727272728 16
1718538007416 0.08727272727272728 17
1718538008299 0.08727272727272728 18
1718538009166 0.08727272727272728 19
1718538010052 0.08727272727272728 20
1718538010933 0.08727272727272728 21
1718538011848 0.08727272727272728 22
1718538012852 0.08727272727272728 23
1718538013766 0.08727272727272728 24
1718538014630 0.08727272727272728 25
1718538015615 0.08727272727272728 26
1718538016581 0.08727272727272728 27
1718538017439 0.08727272727272728 28
1718538018281 0.08727272727272728 29
1718538019131 0.08727272727272728 30
1718538019897 0.08727272727272728 31
1718538020647 0.08727272727272728 32
1718538021397 0.08727272727272728 33
1718538022140 0.08727272727272728 34
1718538022880 0.08727272727272728 35
1718538023646 0.08727272727272728 36
1718538024446 0.08727272727272728 37
1718538025180 0.08727272727272728 38
1718538025963 0.08727272727272728 39
1718538026713 0.08727272727272728 40
1718538027478 0.08727272727272728 41
1718538028245 0.08727272727272728 42
1718538028998 0.08727272727272728 43
1718538029798 0.08727272727272728 44
1718538030612 0.08727272727272728 45
1718538031412 0.08727272727272728 46
1718538032178 0.08727272727272728 47
1718538032945 0.08727272727272728 48
1718538033728 0.08727272727272728 49
