1718399770176 0.0 0
1718399770960 0.0 1
1718399771694 0.0 2
1718399772444 0.0 3
1718399773178 0.0 4
1718399773945 0.0 5
1718399774696 0.0 6
1718399775447 0.0 7
1718399776214 0.0 8
1718399776965 0.0 9
1718399777749 0.0 10
1718399778482 0.0 11
1718399779266 0.0 12
1718399780052 0.2857142857142857 13
1718399780751 0.0 14
1718399781385 0.0 15
1718399782052 0.0 16
1718399782719 0.0 17
1718399783369 0.0 18
1718399784020 0.0 19
1718399784653 0.0 20
1718399785271 0.0 21
1718399785904 0.0 22
1718399786522 0.0 23
1718399787155 0.0 24
1718399787789 0.0 25
1718399788406 0.0 26
1718399789040 0.0 27
1718399789674 0.0 28
1718399790324 0.0 29
1718399790942 0.0 30
1718399791575 0.0 31
1718399792209 0.0 32
1718399792860 0.0 33
1718399793477 0.0 34
1718399794211 0.0 35
1718399794844 0.0 36
1718399795495 0.0 37
1718399796112 0.0 38
1718399796746 0.0 39
1718399797379 0.0 40
1718399797997 0.0 41
1718399798631 0.0 42
1718399799248 0.0 43
1718399799881 0.0 44
1718399800499 0.0 45
1718399801132 0.0 46
1718399801766 0.0 47
1718399802400 0.0 48
1718399803034 0.0 49
