1717628587284 0.3703555589057296 0
1717628588047 0.17108543792968156 1
1717628588747 0.2523481700715086 2
1717628589560 0.3776738390865786 3
1717628590427 0.374407253484996 4
1717628591148 0.2265471051723554 5
1717628591860 0.24272691550377662 6
1717628592552 0.28390129324308855 7
1717628593292 0.44447990528433856 8
1717628594017 0.43617276178131453 9
1717628594742 0.39279906990408076 10
1717628595459 0.32707247383967053 11
1717628596159 0.381618632056939 12
1717628596892 0.381618632056939 13
1717628597627 0.381618632056939 14
1717628598322 0.381618632056939 15
1717628599057 0.381618632056939 16
1717628599826 0.3143543879490227 17
1717628600540 0.3045350128427271 18
1717628601224 0.30500771080412314 19
1717628601874 0.30500771080412314 20
1717628602590 0.30500771080412314 21
1717628603308 0.30500771080412314 22
1717628604065 0.30500771080412314 23
1717628604962 0.30500771080412314 24
1717628605790 0.30500771080412314 25
1717628606532 0.30500771080412314 26
1717628607257 0.30500771080412314 27
1717628607973 0.30500771080412314 28
1717628608690 0.30500771080412314 29
1717628609406 0.30500771080412314 30
1717628610131 0.30500771080412314 31
1717628610814 0.30500771080412314 32
1717628611539 0.30500771080412314 33
1717628612256 0.30500771080412314 34
1717628612972 0.30500771080412314 35
1717628613705 0.30500771080412314 36
1717628614414 0.30500771080412314 37
1717628615139 0.30500771080412314 38
1717628615864 0.30500771080412314 39
1717628616579 0.30500771080412314 40
1717628617288 0.30500771080412314 41
1717628618038 0.30500771080412314 42
1717628618771 0.30500771080412314 43
1717628619571 0.30500771080412314 44
1717628620454 0.30500771080412314 45
1717628621196 0.30500771080412314 46
1717628621920 0.309876933095508 47
1717628622637 0.309876933095508 48
1717628623352 0.309876933095508 49
