1718356479704 4.642532825469971 0
1718356481901 4.642533302307129 1
1718356484431 4.642533302307129 2
1718356486833 4.642533302307129 3
1718356489230 4.642533302307129 4
1718356491773 4.642533302307129 5
1718356494144 4.642533302307129 6
1718356496739 4.642533302307129 7
1718356499013 4.642533302307129 8
1718356501630 4.642533302307129 9
1718356504488 4.642533302307129 10
1718356507076 5.238450527191162 11
1718356509590 5.23845100402832 12
1718356512198 5.238450527191162 13
1718356514602 5.238450527191162 14
1718356516929 5.23845100402832 15
1718356519414 5.23845100402832 16
1718356521574 5.238450527191162 17
1718356524137 5.23845100402832 18
1718356526470 5.238450527191162 19
1718356528998 5.23845100402832 20
1718356531439 5.238450527191162 21
1718356533627 5.238450527191162 22
1718356536108 5.238450527191162 23
1718356538533 5.23845100402832 24
1718356541024 5.23845100402832 25
1718356543283 5.23845100402832 26
1718356545859 4.642533302307129 27
1718356548132 4.642533302307129 28
1718356550537 4.642532825469971 29
1718356553046 4.642533302307129 30
1718356555418 4.642533302307129 31
1718356557926 4.075045108795166 32
1718356560262 4.075045108795166 33
1718356562912 4.075045585632324 34
1718356565543 4.075045108795166 35
1718356567943 4.075045108795166 36
1718356570340 4.075045108795166 37
1718356572575 4.075045585632324 38
1718356574958 4.075045108795166 39
1718356577252 2.9691452980041504 40
1718356579678 3.1798930168151855 41
1718356581901 3.2849392890930176 42
1718356584394 3.1306729316711426 43
1718356586656 3.2413508892059326 44
1718356589006 3.1713309288024902 45
1718356591485 3.2124249935150146 46
1718356593820 3.1655588150024414 47
1718356596412 3.1044857501983643 48
1718356598793 3.0862956047058105 49
