1718401739528 0.0 0
1718401744232 0.0 1
1718401749402 0.0 2
1718401754590 0.0 3
1718401759810 0.0 4
1718401764163 0.0 5
1718401768700 0.0 6
1718401772970 0.0 7
1718401777490 0.0 8
1718401781910 0.0 9
1718401786533 0.0 10
1718401791367 0.0 11
1718401795754 0.0 12
1718401800207 0.0 13
1718401804960 0.0 14
1718401810131 0.0 15
1718401815368 0.0 16
1718401820572 0.0 17
1718401824992 0.0 18
1718401829412 0.0 19
1718401833800 0.0 20
1718401838119 0.0 21
1718401842388 0.0 22
1718401846675 0.0 23
1718401850961 0.0 24
1718401855265 0.0 25
1718401859535 0.0 26
1718401864155 0.0 27
1718401869459 0.0 28
1718401874746 0.0 29
1718401879950 0.0 30
1718401884336 0.0 31
1718401888622 0.0 32
1718401892959 0.0 33
1718401897496 0.0 34
1718401901799 0.0 35
1718401906153 0.0 36
1718401910439 0.0 37
1718401914742 0.0 38
1718401919062 0.0 39
1718401923599 0.0 40
1718401928765 0.0 41
1718401933940 0.0 42
1718401939210 0.0 43
1718401943697 0.0 44
1718401947984 0.0 45
1718401952237 0.0 46
1718401956524 0.0 47
1718401960810 0.0 48
1718401965113 0.0 49
