1718401739527 -9.302217483520508 0
1718401744199 -0.012176036834716797 1
1718401749386 0.08476734161376953 2
1718401754573 0.0066776275634765625 3
1718401759794 0.08376693725585938 4
1718401764147 -0.4856138229370117 5
1718401768683 -0.3518810272216797 6
1718401772969 0.15886688232421875 7
1718401777474 -0.041622161865234375 8
1718401781893 -0.23168134689331055 9
1718401786498 0.1607367992401123 10
1718401791351 -0.44577980041503906 11
1718401795738 0.0833890438079834 12
1718401800124 -0.06052827835083008 13
1718401804943 -10.316045761108398 14
1718401810114 -3.5674076080322266 15
1718401815351 -3.682710647583008 16
1718401820555 -0.06193351745605469 17
1718401824975 -2.7354660034179688 18
1718401829395 0.07193636894226074 19
1718401833782 0.023138046264648438 20
1718401838102 6.8333892822265625 21
1718401842372 -0.12410640716552734 22
1718401846658 -0.3710460662841797 23
1718401850945 0.23828887939453125 24
1718401855248 18.587963104248047 25
1718401859518 -0.24654483795166016 26
1718401864121 -1.041259765625 27
1718401869442 -0.3453407287597656 28
1718401874729 -0.817683219909668 29
1718401879933 -1.3315868377685547 30
1718401884320 2.744596481323242 31
1718401888606 0.09594869613647461 32
1718401892926 0.15480804443359375 33
1718401897479 -0.06401777267456055 34
1718401901783 1.4422340393066406 35
1718401906136 -19.288164138793945 36
1718401910422 0.08830952644348145 37
1718401914742 -3.7454943656921387 38
1718401919046 -0.6326560974121094 39
1718401923566 -0.012504100799560547 40
1718401928736 -0.05220961570739746 41
1718401933923 -0.08386468887329102 42
1718401939144 2.5586280822753906 43
1718401943681 -18.18065643310547 44
1718401947967 -0.037810564041137695 45
1718401952220 0.1201925277709961 46
1718401956508 -0.649627685546875 47
1718401960793 -0.9984531402587891 48
1718401965097 -0.19755840301513672 49
