1718511317995 0.09151515151515152 0
1718511318345 0.09575757575757576 1
1718511318714 0.08727272727272728 2
1718511319095 0.08727272727272728 3
1718511319479 0.0903030303030303 4
1718511319863 0.1103030303030303 5
1718511320236 0.11333333333333333 6
1718511320580 0.10848484848484849 7
1718511320963 0.10848484848484849 8
1718511321366 0.09757575757575758 9
1718511321717 0.009696969696969697 10
1718511322081 0.10848484848484849 11
1718511322448 0.10848484848484849 12
1718511322831 0.18666666666666668 13
1718511323198 0.10848484848484849 14
1718511323682 0.09151515151515152 15
1718511324066 0.10848484848484849 16
1718511324449 0.09212121212121212 17
1718511324833 0.11333333333333333 18
1718511325219 0.10848484848484849 19
1718511325600 0.09212121212121212 20
1718511326050 0.09212121212121212 21
1718511326421 0.09212121212121212 22
1718511326818 0.09212121212121212 23
1718511327185 0.09212121212121212 24
1718511327552 0.017575757575757574 25
1718511327935 0.10848484848484849 26
1718511328286 0.10848484848484849 27
1718511328656 0.11878787878787879 28
1718511329036 0.10848484848484849 29
1718511329406 0.09151515151515152 30
1718511330042 0.08727272727272728 31
1718511330337 0.10848484848484849 32
1718511330682 0.10242424242424242 33
1718511331037 0.09818181818181818 34
1718511331405 0.10848484848484849 35
1718511331794 0.10787878787878788 36
1718511332138 0.09575757575757576 37
1718511332509 0.09151515151515152 38
1718511332903 0.10848484848484849 39
1718511333273 0.10848484848484849 40
1718511333656 0.10848484848484849 41
1718511334026 0.10848484848484849 42
1718511334422 0.10848484848484849 43
1718511334801 0.12727272727272726 44
1718511335174 0.10848484848484849 45
1718511335558 0.0993939393939394 46
1718511335941 0.20787878787878789 47
1718511336308 0.10848484848484849 48
1718511336758 0.09212121212121212 49
