1718511317965 0.04781405131022165 0
1718511318330 0.050643906448826215 1
1718511318678 4.399450620015463 2
1718511319077 0.0586773554484048 3
1718511319466 0.0017928137923730603 4
1718511319845 0.013172203844243668 5
1718511320211 -0.04387838190252147 6
1718511320563 -0.028399099003185047 7
1718511320944 0.06470884337569727 8
1718511321340 -0.0011561061396743177 9
1718511321684 -0.0037040024092704904 10
1718511322064 0.006753032857721664 11
1718511322435 -0.002815419977361344 12
1718511322798 0.0041804277535639756 13
1718511323165 -0.08972525415998511 14
1718511323666 -0.5846862287232368 15
1718511324036 -0.5567120638760654 16
1718511324418 -1.4282756538102124 17
1718511324816 0.38047268896391895 18
1718511325183 -1.0261876438603252 19
1718511325583 3.255419716690526 20
1718511326020 0.0024435231179902317 21
1718511326404 0.00033251444498683114 22
1718511326784 -0.0020352421384868258 23
1718511327156 -0.006234259316415525 24
1718511327521 0.007412758740511727 25
1718511327906 0.004687959497625016 26
1718511328272 0.0004272497061528213 27
1718511328636 0.02405327377897315 28
1718511329023 -0.3739714423815408 29
1718511329386 -1.4572331363504585 30
1718511330004 -0.005095821438414028 31
1718511330323 -1.3974302934877798 32
1718511330654 -0.0300009864749331 33
1718511331008 0.2591456536090737 34
1718511331388 -1.7758322701309668 35
1718511331759 0.5010256261536572 36
1718511332123 4.216759811748158 37
1718511332496 0.05055845506263523 38
1718511332872 -0.008602720318418466 39
1718511333244 0.0041188435121015665 40
1718511333640 -0.008043234998529769 41
1718511334007 0.010863213828115725 42
1718511334395 -0.015175002993959463 43
1718511334773 -0.015060630711642098 44
1718511335141 0.05672091606891527 45
1718511335527 -0.0712239850651133 46
1718511335908 0.06971141063805764 47
1718511336292 -0.19675847617062647 48
1718511336745 0.09357787984790233 49
