1718511318065 0.1676846196557468 0
1718511318413 0.1747787610619469 1
1718511318788 0.1605351170568562 2
1718511319162 0.1605351170568562 3
1718511319546 0.06090058866080338 4
1718511319938 0.1692698626153816 5
1718511320296 0.20359281437125748 6
1718511320646 0.19573537452159653 7
1718511321033 0.19573537452159653 8
1718511321432 0.0962060389577874 9
1718511321781 0.011940993194351275 10
1718511322148 0.19573537452159653 11
1718511322517 0.19573537452159653 12
1718511322898 0.5048439730173113 13
1718511323265 0.19573537452159653 14
1718511323749 0.1676846196557468 15
1718511324132 0.19573537452159653 16
1718511324519 0.16870144284128746 17
1718511324904 0.20359281437125748 18
1718511325283 0.19573537452159653 19
1718511325667 0.16870144284128746 20
1718511326120 0.16870144284128746 21
1718511326501 0.16870144284128746 22
1718511326885 0.16870144284128746 23
1718511327256 0.16870144284128746 24
1718511327622 0.03252164914926703 25
1718511328006 0.19573537452159653 26
1718511328352 0.19573537452159653 27
1718511328736 0.16146760582437483 28
1718511329118 0.19573537452159653 29
1718511329479 0.1676846196557468 30
1718511330085 0.1605351170568562 31
1718511330404 0.19573537452159653 32
1718511330737 0.1858163826278175 33
1718511331103 0.17880794701986755 34
1718511331482 0.19573537452159653 35
1718511331858 0.1947483588621444 36
1718511332205 0.1747787610619469 37
1718511332592 0.08743262402730713 38
1718511332956 0.19573537452159653 39
1718511333339 0.19573537452159653 40
1718511333726 0.19573537452159653 41
1718511334111 0.19573537452159653 42
1718511334473 0.19573537452159653 43
1718511334874 0.1527727578134509 44
1718511335241 0.19573537452159653 45
1718511335628 0.1027597106531827 46
1718511336006 0.4184880836659579 47
1718511336375 0.19573537452159653 48
1718511336808 0.16870144284128746 49
