1718417986485 0.0 0
1718417988667 0.0 1
1718417990868 0.0 2
1718417993234 0.0 3
1718417995517 0.0 4
1718417997766 0.0 5
1718418000000 0.0 6
1718418002283 0.0 7
1718418005215 0.0 8
1718418008031 0.0 9
1718418010797 0.0 10
1718418013587 0.0 11
1718418015896 0.0 12
1718418018113 0.0 13
1718418020379 0.0 14
1718418022512 0.0 15
1718418024678 0.0 16
1718418026927 0.0 17
1718418029094 0.0 18
1718418031260 0.0 19
1718418033393 0.0 20
1718418035559 0.0 21
1718418037809 0.0 22
1718418040175 0.0 23
1718418042291 0.0 24
1718418044474 0.0 25
1718418046674 0.0 26
1718418048840 0.0 27
1718418051023 0.0 28
1718418053172 0.0 29
1718418055388 0.0 30
1718418057571 0.0 31
1718418059689 0.0 32
1718418061904 0.0 33
1718418064737 0.0 34
1718418067589 0.0 35
1718418070369 0.0 36
1718418073192 0.0 37
1718418075668 0.0 38
1718418077834 0.0 39
1718418079996 0.0 40
1718418082150 0.0 41
1718418084366 0.0 42
1718418086566 0.0 43
1718418088699 0.0 44
1718418090865 0.0 45
1718418092999 0.0 46
1718418095164 0.0 47
1718418097314 0.0 48
1718418099513 0.0 49
