1718372566144 -1.0356433391571045 0
1718372567344 -0.9411587715148926 1
1718372568461 -0.9782247543334961 2
1718372569245 -0.8095288276672363 3
1718372569999 -0.9659814834594727 4
1718372570770 -1.0793694257736206 5
1718372571721 -1.0868343114852905 6
1718372572389 -0.14919614791870117 7
1718372573065 -0.9119930267333984 8
1718372573768 -0.9189746379852295 9
1718372574454 -0.9149627685546875 10
1718372575132 -0.9411582946777344 11
1718372576011 -0.9065773487091064 12
1718372576989 -0.9411580562591553 13
1718372578131 -0.9411582946777344 14
1718372578991 -0.9732673168182373 15
1718372579789 -0.9732675552368164 16
1718372580603 -0.9732675552368164 17
1718372581646 -0.9065876007080078 18
1718372582663 -0.8686690330505371 19
1718372583331 -0.7815454006195068 20
1718372583986 -1.259962558746338 21
1718372584684 -0.8553894758224487 22
1718372585382 -0.42336344718933105 23
1718372586032 -0.7158279418945312 24
1718372586695 -1.2255584001541138 25
1718372587585 -0.3560628890991211 26
1718372588255 -0.7705569267272949 27
1718372588936 -1.0049004554748535 28
1718372589707 -1.0054216384887695 29
1718372590663 -1.005542516708374 30
1718372591491 -0.824791431427002 31
1718372592392 -1.0042729377746582 32
1718372593159 -1.0042724609375 33
1718372593965 -1.0042729377746582 34
1718372594913 -1.0042724609375 35
1718372595691 -1.0042724609375 36
1718372596431 -0.9732675552368164 37
1718372597178 -0.9411580562591553 38
1718372597875 -0.9411582946777344 39
1718372598557 -0.8270449638366699 40
1718372599315 -0.827056884765625 41
1718372600176 -0.8270566463470459 42
1718372601055 -0.8263354301452637 43
1718372601803 -0.781552791595459 44
1718372602541 -0.6179699897766113 45
1718372603289 -0.6179699897766113 46
1718372604227 -0.6178321838378906 47
1718372604891 -0.24765920639038086 48
1718372605607 -0.7808794975280762 49
