1718512129283 -21.217987028770505 0
1718512131974 5.436488729297411 1
1718512134520 1.7672206245744846 2
1718512137055 3.1209071549706295 3
1718512139557 2.69972052086329 4
1718512142129 6.837447551507552 5
1718512145445 4.776557442079385 6
1718512148745 1.9259692384788751 7
1718512151816 4.7049727395178795 8
1718512154418 4.19842366504679 9
1718512157004 2.7031213685005735 10
1718512159539 5.575797856934855 11
1718512162096 0.24211752356162553 12
1718512164676 5.095599071539743 13
1718512167293 5.93602125302725 14
1718512169796 3.546439236697329 15
1718512172315 -20.551657549642727 16
1718512174884 2.5299063141886076 17
1718512177419 2.279997028031347 18
1718512179921 2.6407641606062353 19
1718512182442 1.7712477693414237 20
1718512184923 3.3695391365313703 21
1718512187463 4.747990064923343 22
1718512189995 -0.7283760395454566 23
1718512192513 5.140332923681372 24
1718512194999 2.2132733249406393 25
1718512197667 -17.954746343935387 26
1718512200186 -0.2877241756797213 27
1718512202888 4.473348774227576 28
1718512206257 1.7029852346053138 29
1718512209593 1.2808592758998048 30
1718512212645 4.593195044194228 31
1718512215240 3.0429664547835036 32
1718512217782 2.1183491658251317 33
1718512220334 3.849034232159783 34
1718512222871 3.5039481354333946 35
1718512225420 3.921943704150611 36
1718512227940 3.356688798511457 37
1718512230475 3.218534875015134 38
1718512233010 5.054536466037019 39
1718512235546 1.634540074077945 40
1718512238047 -19.6652971365709 41
1718512240619 1.9543686582328834 42
1718512243134 1.5837171802250767 43
1718512245672 2.9086014198162897 44
1718512248221 4.326161239819169 45
1718512250744 1.8563848540810302 46
1718512253259 5.085239049703274 47
1718512255731 5.978706534743406 48
1718512258244 1.5713057914216297 49
