1718400387887 2.2475666999816895 0
1718400388520 2.2599451541900635 1
1718400389154 2.2545952796936035 2
1718400389788 2.233044385910034 3
1718400390405 2.2532944679260254 4
1718400391056 2.2604799270629883 5
1718400391705 2.2165589332580566 6
1718400392323 2.273738384246826 7
1718400392974 2.2705929279327393 8
1718400393608 2.155661106109619 9
1718400394292 2.2133827209472656 10
1718400394976 2.2955269813537598 11
1718400395643 2.297791004180908 12
1718400396293 2.2859487533569336 13
1718400396997 2.2110610008239746 14
1718400397644 2.232072353363037 15
1718400398295 2.2929108142852783 16
1718400398962 2.2645039558410645 17
1718400399696 2.2746758460998535 18
1718400400346 2.2684168815612793 19
1718400400997 2.255246162414551 20
1718400401647 2.2598276138305664 21
1718400402281 2.111093759536743 22
1718400402931 2.3299779891967773 23
1718400403547 2.2602410316467285 24
1718400404182 2.2554538249969482 25
1718400404816 2.3295514583587646 26
1718400405433 2.2236733436584473 27
1718400406067 2.2622735500335693 28
1718400406701 2.273681879043579 29
1718400407335 2.181074857711792 30
1718400407968 2.212815761566162 31
1718400408585 2.2533679008483887 32
1718400409203 2.270937442779541 33
1718400409836 2.297628879547119 34
1718400410453 2.302774667739868 35
1718400411087 2.2920095920562744 36
1718400411738 2.2896060943603516 37
1718400412355 2.33652925491333 38
1718400412972 2.2083094120025635 39
1718400413606 2.3604626655578613 40
1718400414240 2.2530317306518555 41
1718400414891 2.2059683799743652 42
1718400415507 2.276486873626709 43
1718400416141 2.2774250507354736 44
1718400416775 2.2650327682495117 45
1718400417375 2.262688159942627 46
1718400417993 2.2385010719299316 47
1718400418626 2.255044460296631 48
1718400419260 2.2680938243865967 49
