1718528371913 1.0 0
1718528376812 0.228125 1
1718528381827 1.0 2
1718528386776 1.0 3
1718528391676 1.0 4
1718528396608 0.5718390804597702 5
1718528401659 1.0 6
1718528407375 1.0 7
1718528413138 1.0 8
1718528418337 1.0 9
1718528423339 1.0 10
1718528428285 1.0 11
1718528433304 1.0 12
1718528438300 1.0 13
1718528443299 1.0 14
1718528448214 1.0 15
1718528453380 1.0 16
1718528458496 0.22413793103448276 17
1718528463778 1.0 18
1718528469510 1.0 19
1718528475142 0.6012461059190031 20
1718528480427 1.0 21
1718528485474 0.49137931034482757 22
1718528490482 1.0 23
1718528495488 1.0 24
1718528500387 1.0 25
1718528505336 0.514018691588785 26
1718528510289 1.0 27
1718528515221 1.0 28
1718528520315 1.0 29
1718528525982 1.0 30
1718528531698 1.0 31
1718528537241 1.0 32
1718528542146 1.0 33
1718528547178 1.0 34
1718528552194 0.19498069498069498 35
1718528557243 1.0 36
1718528562259 1.0 37
1718528567224 1.0 38
1718528572221 1.0 39
1718528577122 1.0 40
1718528582104 1.0 41
1718528588038 0.4747191011235955 42
1718528593701 1.0 43
1718528598954 1.0 44
1718528603900 1.0 45
1718528608814 1.0 46
1718528613732 1.0 47
1718528618647 1.0 48
1718528623732 1.0 49
