1718539119014 nan 0
1718539119371 nan 1
1718539119697 nan 2
1718539120067 nan 3
1718539120414 nan 4
1718539120781 nan 5
1718539121147 nan 6
1718539121514 nan 7
1718539121867 nan 8
1718539122200 nan 9
1718539122532 nan 10
1718539122863 nan 11
1718539123197 nan 12
1718539123534 nan 13
1718539123880 nan 14
1718539124200 nan 15
1718539124534 nan 16
1718539124863 nan 17
1718539125180 nan 18
1718539125530 nan 19
1718539125932 nan 20
1718539126346 nan 21
1718539126713 nan 22
1718539127046 nan 23
1718539127383 nan 24
1718539127732 nan 25
1718539128195 nan 26
1718539128539 nan 27
1718539128865 nan 28
1718539129212 nan 29
1718539129562 nan 30
1718539129914 nan 31
1718539130243 nan 32
1718539130579 nan 33
1718539130895 nan 34
1718539131232 nan 35
1718539131562 nan 36
1718539131895 nan 37
1718539132243 nan 38
1718539132564 nan 39
1718539132911 nan 40
1718539133245 nan 41
1718539133561 nan 42
1718539133978 nan 43
1718539134395 nan 44
1718539134763 nan 45
1718539135094 nan 46
1718539135428 nan 47
1718539135762 nan 48
1718539136094 nan 49
