1718382881332 0.08571428571428572 0
1718382881670 0.08571428571428572 1
1718382882024 0.08571428571428572 2
1718382882342 0.08571428571428572 3
1718382882664 0.08571428571428572 4
1718382882981 0.08571428571428572 5
1718382883299 0.08571428571428572 6
1718382883610 0.08571428571428572 7
1718382883930 0.08571428571428572 8
1718382884242 0.08571428571428572 9
1718382884549 0.08571428571428572 10
1718382884869 0.08571428571428572 11
1718382885179 0.08571428571428572 12
1718382885503 0.08571428571428572 13
1718382885816 0.08571428571428572 14
1718382886127 0.08571428571428572 15
1718382886441 0.08571428571428572 16
1718382886772 0.08571428571428572 17
1718382887092 0.08571428571428572 18
1718382887408 0.08571428571428572 19
1718382887743 0.08571428571428572 20
1718382888061 0.08571428571428572 21
1718382888385 0.08571428571428572 22
1718382888713 0.08571428571428572 23
1718382889036 0.08571428571428572 24
1718382889352 0.08571428571428572 25
1718382889675 0.08571428571428572 26
1718382890004 0.08571428571428572 27
1718382890320 0.08571428571428572 28
1718382890651 0.08571428571428572 29
1718382890983 0.08571428571428572 30
1718382891313 0.08571428571428572 31
1718382891633 0.08571428571428572 32
1718382891964 0.08571428571428572 33
1718382892282 0.08571428571428572 34
1718382892600 0.08571428571428572 35
1718382892927 0.08571428571428572 36
1718382893259 0.08571428571428572 37
1718382893587 0.08571428571428572 38
1718382893921 0.08571428571428572 39
1718382894234 0.08571428571428572 40
1718382894555 0.08571428571428572 41
1718382894887 0.08571428571428572 42
1718382895202 0.08571428571428572 43
1718382895528 0.08571428571428572 44
1718382895860 0.08571428571428572 45
1718382896178 0.08571428571428572 46
1718382896498 0.08571428571428572 47
1718382896833 0.08571428571428572 48
1718382897150 0.08571428571428572 49
