1718538189314 0.08727272727272728 0
1718538189880 0.08727272727272728 1
1718538190437 0.08727272727272728 2
1718538190997 0.08727272727272728 3
1718538191547 0.08727272727272728 4
1718538192135 0.08727272727272728 5
1718538192698 0.08727272727272728 6
1718538193266 0.08727272727272728 7
1718538193846 0.08727272727272728 8
1718538194446 0.08727272727272728 9
1718538195049 0.08727272727272728 10
1718538195579 0.08727272727272728 11
1718538196146 0.08727272727272728 12
1718538196646 0.08727272727272728 13
1718538197165 0.08727272727272728 14
1718538197662 0.08727272727272728 15
1718538198145 0.08727272727272728 16
1718538198612 0.08727272727272728 17
1718538199065 0.08727272727272728 18
1718538199512 0.08727272727272728 19
1718538199945 0.08727272727272728 20
1718538200395 0.08727272727272728 21
1718538200860 0.08727272727272728 22
1718538201337 0.08727272727272728 23
1718538201764 0.08727272727272728 24
1718538202211 0.08727272727272728 25
1718538202645 0.08727272727272728 26
1718538203095 0.08727272727272728 27
1718538203578 0.08727272727272728 28
1718538204061 0.08727272727272728 29
1718538204532 0.08727272727272728 30
1718538204977 0.08727272727272728 31
1718538205444 0.08727272727272728 32
1718538205877 0.08727272727272728 33
1718538206310 0.08727272727272728 34
1718538206744 0.08727272727272728 35
1718538207199 0.08727272727272728 36
1718538207631 0.08727272727272728 37
1718538208110 0.08727272727272728 38
1718538208560 0.08727272727272728 39
1718538209014 0.08727272727272728 40
1718538209460 0.08727272727272728 41
1718538209943 0.08727272727272728 42
1718538210426 0.08727272727272728 43
1718538210895 0.08727272727272728 44
1718538211359 0.08727272727272728 45
1718538211796 0.08727272727272728 46
1718538212224 0.08727272727272728 47
1718538212676 0.08727272727272728 48
1718538213142 0.08727272727272728 49
