1718379240614 2.3154139518737793 0
1718379241347 2.1044342517852783 1
1718379242020 2.452787160873413 2
1718379242769 2.452787160873413 3
1718379243426 2.452787160873413 4
1718379244089 2.452787160873413 5
1718379244758 2.31205415725708 6
1718379245417 2.2776498794555664 7
1718379246143 2.2780888080596924 8
1718379246809 2.246333599090576 9
1718379247507 2.5796546936035156 10
1718379248291 2.5661368370056152 11
1718379249009 2.5237367153167725 12
1718379249682 2.496877670288086 13
1718379250369 2.5200743675231934 14
1718379251079 2.5200743675231934 15
1718379251750 2.395627737045288 16
1718379252453 2.395627737045288 17
1718379253166 2.395627737045288 18
1718379253845 2.2678844928741455 19
1718379254528 2.5668795108795166 20
1718379255211 2.1238932609558105 21
1718379255879 2.2828474044799805 22
1718379256685 2.237506151199341 23
1718379257350 2.690004825592041 24
1718379258004 2.6019604206085205 25
1718379258663 2.3920748233795166 26
1718379259321 2.3120198249816895 27
1718379259964 2.3760499954223633 28
1718379260638 2.651093006134033 29
1718379261312 2.4878742694854736 30
1718379261958 2.788970470428467 31
1718379262607 2.7859420776367188 32
1718379263282 2.785942316055298 33
1718379263948 2.785942316055298 34
1718379264623 2.785942316055298 35
1718379265279 2.597512722015381 36
1718379265964 2.395627737045288 37
1718379266629 2.34873628616333 38
1718379267287 2.3487370014190674 39
1718379267946 2.236478805541992 40
1718379268620 2.283583402633667 41
1718379269311 2.3413822650909424 42
1718379269970 2.3526830673217773 43
1718379270632 2.3502116203308105 44
1718379271307 2.3641164302825928 45
1718379271950 2.451974630355835 46
1718379272609 2.34873628616333 47
1718379273276 2.34873628616333 48
1718379273925 2.34873628616333 49
