1718328159428 -0.2233365774154663 0
1718328159750 0.04573512077331543 1
1718328160131 0.08942413330078125 2
1718328160510 0.13956284523010254 3
1718328160946 -0.1730126142501831 4
1718328161262 -0.031441450119018555 5
1718328161598 -0.0385514497756958 6
1718328161948 0.43939292430877686 7
1718328162315 0.10927867889404297 8
1718328162623 0.265694260597229 9
1718328162953 0.028340458869934082 10
1718328163271 0.0665888786315918 11
1718328163587 -0.013411521911621094 12
1718328163946 -0.06323790550231934 13
1718328164290 -0.02794957160949707 14
1718328164624 0.1388561725616455 15
1718328164996 0.2392880916595459 16
1718328165375 0.1441812515258789 17
1718328165756 -0.0031425952911376953 18
1718328166120 0.1399691104888916 19
1718328166436 -0.04662764072418213 20
1718328166741 0.1254880428314209 21
1718328167068 0.06353616714477539 22
1718328167387 0.3270179033279419 23
1718328167695 0.17572331428527832 24
1718328168024 -0.6883933544158936 25
1718328168333 0.08250808715820312 26
1718328168650 0.29094481468200684 27
1718328168989 -0.08208942413330078 28
1718328169298 0.27788078784942627 29
1718328169624 0.16940903663635254 30
1718328169984 -0.019695758819580078 31
1718328170294 0.43235039710998535 32
1718328170597 -0.767937183380127 33
1718328170975 -0.11209988594055176 34
1718328171307 -0.09324860572814941 35
1718328171622 0.08712339401245117 36
1718328171972 0.005494594573974609 37
1718328172340 -0.2553699016571045 38
1718328172694 0.007596611976623535 39
1718328173078 0.1447751522064209 40
1718328173390 -0.09453105926513672 41
1718328173707 -0.014593720436096191 42
1718328174039 0.11814403533935547 43
1718328174350 0.5130859613418579 44
1718328174664 -0.6060909032821655 45
1718328174994 0.46575844287872314 46
1718328175296 0.603204607963562 47
1718328175608 0.1264714002609253 48
1718328175988 -1.2969918251037598 49
