1718383292551 -0.20817577838897705 0
1718383292868 -0.10654234886169434 1
1718383293190 -0.02951228618621826 2
1718383293547 0.13991427421569824 3
1718383293875 -0.2484292984008789 4
1718383294197 -0.11883354187011719 5
1718383294526 -0.10329031944274902 6
1718383294842 -0.0539546012878418 7
1718383295164 -0.170729398727417 8
1718383295493 -0.053698062896728516 9
1718383295816 0.012277364730834961 10
1718383296135 0.16422128677368164 11
1718383296467 0.07400727272033691 12
1718383296792 0.17674636840820312 13
1718383297115 0.08341526985168457 14
1718383297467 -0.2614004611968994 15
1718383297785 -0.3063063621520996 16
1718383298108 -0.30465126037597656 17
1718383298448 -0.29627537727355957 18
1718383298775 -0.3126378059387207 19
1718383299104 -0.18570566177368164 20
1718383299440 -0.10515761375427246 21
1718383299753 -0.1195976734161377 22
1718383300076 -0.19582176208496094 23
1718383300423 -0.24171710014343262 24
1718383300738 -0.21415281295776367 25
1718383301057 -0.2405545711517334 26
1718383301393 -0.25525736808776855 27
1718383301717 -0.22598934173583984 28
1718383302037 -0.1854543685913086 29
1718383302374 -0.06681394577026367 30
1718383302697 0.08011507987976074 31
1718383303012 0.20964550971984863 32
1718383303352 0.15332436561584473 33
1718383303693 0.0638113021850586 34
1718383304020 -0.033512115478515625 35
1718383304357 0.03463459014892578 36
1718383304677 0.01516413688659668 37
1718383304988 -0.06656718254089355 38
1718383305314 0.05103886127471924 39
1718383305637 0.24335098266601562 40
1718383305962 -0.17250597476959229 41
1718383306283 -0.10429120063781738 42
1718383306611 -0.1425473690032959 43
1718383306940 -0.2032862901687622 44
1718383307266 -0.029069900512695312 45
1718383307593 0.006675243377685547 46
1718383307924 0.11588668823242188 47
1718383308233 -0.006344318389892578 48
1718383308558 -0.028345346450805664 49
