1718383292603 0.4612845138055222 0
1718383292920 0.28748037676609106 1
1718383293244 0.3497354497354497 2
1718383293601 0.5127164502164502 3
1718383293925 0.3677156177156177 4
1718383294252 0.5487629329734593 5
1718383294575 0.4274018379281537 6
1718383294894 0.30622710622710625 7
1718383295214 0.39766081871345027 8
1718383295546 0.2926829268292683 9
1718383295870 0.36312456016889516 10
1718383296181 0.3003246753246753 11
1718383296521 0.43873015873015875 12
1718383296850 0.3417207792207792 13
1718383297168 0.2708333333333333 14
1718383297520 0.2926829268292683 15
1718383297835 0.28654970760233917 16
1718383298160 0.28654970760233917 17
1718383298509 0.28654970760233917 18
1718383298835 0.28654970760233917 19
1718383299156 0.4717948717948719 20
1718383299492 0.4717948717948719 21
1718383299806 0.4327485380116959 22
1718383300141 0.37065637065637064 23
1718383300473 0.4717948717948719 24
1718383300791 0.4717948717948719 25
1718383301112 0.4717948717948719 26
1718383301452 0.4717948717948719 27
1718383301767 0.4717948717948719 28
1718383302086 0.30069930069930073 29
1718383302432 0.18055555555555555 30
1718383302751 0.44859584859584867 31
1718383303064 0.522077922077922 32
1718383303409 0.35805860805860806 33
1718383303746 0.43559666140311304 34
1718383304071 0.36666666666666664 35
1718383304408 0.3176470588235294 36
1718383304729 0.30052910052910053 37
1718383305032 0.25279866332497913 38
1718383305370 0.46911421911421913 39
1718383305687 0.3727453102453102 40
1718383306015 0.31593019983112863 41
1718383306336 0.2937062937062937 42
1718383306664 0.34335963182117035 43
1718383306993 0.3971794871794872 44
1718383307324 0.36976441102756896 45
1718383307646 0.46737967914438505 46
1718383307972 0.5257142857142857 47
1718383308287 0.4 48
1718383308607 0.18 49
