1718434835919 0.32851834648855394 0
1718434836136 0.11240775523190771 1
1718434836353 0.2037533512064343 2
1718434836606 0.019670090258325557 3
1718434836878 0.2037533512064343 4
1718434837119 0.21094793057409883 5
1718434837365 0.2037533512064343 6
1718434837602 0.1989247311827957 7
1718434837819 0.18181818181818182 8
1718434838036 0.2037533512064343 9
1718434838269 0.1793478260869565 10
1718434838502 0.1989247311827957 11
1718434838736 0.2037533512064343 12
1718434838989 0.1793478260869565 13
1718434839206 0.21094793057409883 14
1718434839435 0.1793478260869565 15
1718434839652 0.21094793057409883 16
1718434839902 0.1989247311827957 17
1718434840135 0.14535926400372656 18
1718434840369 0.18181818181818182 19
1718434840606 0.18181818181818182 20
1718434840835 0.1989247311827957 21
1718434841070 0.21094793057409883 22
1718434841285 0.18181818181818182 23
1718434841535 0.2037533512064343 24
1718434841768 0.1989247311827957 25
1718434841989 0.1989247311827957 26
1718434842235 0.21094793057409883 27
1718434842487 0.1989247311827957 28
1718434842754 0.12846481876332624 29
1718434843002 0.1989247311827957 30
1718434843235 0.21094793057409883 31
1718434843486 0.1989247311827957 32
1718434843718 0.21094793057409883 33
1718434843985 0.12949965847513864 34
1718434844238 0.06518099089989889 35
1718434844468 0.3789180185677716 36
1718434844701 0.07471494032395568 37
1718434844950 0.1577663034523272 38
1718434845184 0.4475212367910562 39
1718434845422 0.1793478260869565 40
1718434845651 0.21094793057409883 41
1718434845884 0.15850446665393514 42
1718434846134 0.1793478260869565 43
1718434846401 0.2037533512064343 44
1718434846650 0.15934065934065933 45
1718434846887 0.2037533512064343 46
1718434847121 0.1989247311827957 47
1718434847366 0.2037533512064343 48
1718434847601 0.21094793057409883 49
