1718510121940 0.09151515151515152 0
1718510122836 0.09151515151515152 1
1718510123754 0.1303030303030303 2
1718510124688 0.13333333333333333 3
1718510125592 0.09151515151515152 4
1718510126522 0.10848484848484849 5
1718510127423 0.15454545454545454 6
1718510128324 0.09151515151515152 7
1718510129274 0.09151515151515152 8
1718510130174 0.09151515151515152 9
1718510131059 0.09151515151515152 10
1718510131993 0.09151515151515152 11
1718510132911 0.10303030303030303 12
1718510133844 0.10787878787878788 13
1718510134729 0.09151515151515152 14
1718510135600 0.09151515151515152 15
1718510136513 0.09151515151515152 16
1718510137447 0.09393939393939393 17
1718510138383 0.09151515151515152 18
1718510139282 0.09151515151515152 19
1718510140199 0.09212121212121212 20
1718510141100 0.09151515151515152 21
1718510142001 0.09151515151515152 22
1718510142901 0.09151515151515152 23
1718510143819 0.09151515151515152 24
1718510144803 0.10242424242424242 25
1718510145703 0.09151515151515152 26
1718510146624 0.09151515151515152 27
1718510147521 0.1290909090909091 28
1718510148639 0.09151515151515152 29
1718510149523 0.09151515151515152 30
1718510150411 0.09151515151515152 31
1718510151324 0.15212121212121213 32
1718510152242 0.09151515151515152 33
1718510153242 0.09151515151515152 34
1718510154210 0.09151515151515152 35
1718510155144 0.09151515151515152 36
1718510156044 0.09151515151515152 37
1718510156962 0.09151515151515152 38
1718510157846 0.09151515151515152 39
1718510158712 0.09151515151515152 40
1718510159600 0.09151515151515152 41
1718510160514 0.09151515151515152 42
1718510161448 0.10303030303030303 43
1718510162483 0.09151515151515152 44
1718510163633 0.09151515151515152 45
1718510164768 0.09151515151515152 46
1718510165856 0.09151515151515152 47
1718510166939 0.09878787878787879 48
1718510168008 0.09151515151515152 49
