1718346682526 0.0 0
1718346685026 0.0 1
1718346687274 0.0 2
1718346689837 0.0 3
1718346692460 0.0 4
1718346694858 0.0 5
1718346697455 0.0 6
1718346699617 0.0 7
1718346702102 0.0 8
1718346704379 0.0 9
1718346706782 0.0 10
1718346709060 0.0 11
1718346711299 0.0 12
1718346713841 0.0 13
1718346716134 0.0 14
1718346718605 0.0 15
1718346720977 0.0 16
1718346723709 0.0 17
1718346726285 0.0 18
1718346728780 0.0 19
1718346731205 0.0 20
1718346733566 0.0 21
1718346736003 0.0 22
1718346738497 0.0 23
1718346741009 0.0 24
1718346743385 0.0 25
1718346745930 0.0 26
1718346748267 0.0 27
1718346750724 0.0 28
1718346753193 0.0 29
1718346755543 0.0 30
1718346758093 0.0 31
1718346760440 0.0 32
1718346762861 0.0 33
1718346765141 0.0 34
1718346767619 0.0 35
1718346769896 0.0 36
1718346772118 0.0 37
1718346774585 0.0 38
1718346776775 0.0 39
1718346779266 0.0 40
1718346781492 0.0 41
1718346784396 0.0 42
1718346786747 0.0 43
1718346789164 0.0 44
1718346791702 0.0 45
1718346794061 0.0 46
1718346796545 0.0 47
1718346798904 0.0 48
1718346801324 0.0 49
