1718392457406 0.2857142857142857 0
1718392457964 0.14285714285714285 1
1718392458371 0.2857142857142857 2
1718392458797 0.2571428571428571 3
1718392459203 0.2571428571428571 4
1718392459627 0.2571428571428571 5
1718392460048 0.2 6
1718392460473 0.2571428571428571 7
1718392460878 0.2571428571428571 8
1718392461256 0.22857142857142856 9
1718392461613 0.2857142857142857 10
1718392461952 0.2 11
1718392462297 0.2857142857142857 12
1718392462666 0.22857142857142856 13
1718392463013 0.2857142857142857 14
1718392463361 0.22857142857142856 15
1718392463722 0.22857142857142856 16
1718392464086 0.2571428571428571 17
1718392464455 0.22857142857142856 18
1718392464917 0.2857142857142857 19
1718392465320 0.2857142857142857 20
1718392465705 0.22857142857142856 21
1718392466055 0.3142857142857143 22
1718392466416 0.3142857142857143 23
1718392466784 0.17142857142857143 24
1718392467141 0.2857142857142857 25
1718392467510 0.2857142857142857 26
1718392467876 0.17142857142857143 27
1718392468231 0.17142857142857143 28
1718392468587 0.17142857142857143 29
1718392468942 0.22857142857142856 30
1718392469290 0.17142857142857143 31
1718392469657 0.2 32
1718392470008 0.2857142857142857 33
1718392470355 0.2857142857142857 34
1718392470717 0.2857142857142857 35
1718392471065 0.22857142857142856 36
1718392471412 0.2571428571428571 37
1718392471783 0.2571428571428571 38
1718392472135 0.2857142857142857 39
1718392472488 0.2 40
1718392472858 0.17142857142857143 41
1718392473204 0.14285714285714285 42
1718392473552 0.2857142857142857 43
1718392473898 0.17142857142857143 44
1718392474239 0.17142857142857143 45
1718392474586 0.17142857142857143 46
1718392474933 0.17142857142857143 47
1718392475281 0.17142857142857143 48
1718392475627 0.17142857142857143 49
