1718427372344 0.1 0
1718427372722 0.0 1
1718427373105 0.0 2
1718427373588 0.3 3
1718427374001 0.2 4
1718427374364 0.0 5
1718427374738 0.0 6
1718427375121 0.0 7
1718427375504 0.0 8
1718427375857 0.0 9
1718427376221 0.0 10
1718427376588 0.0 11
1718427376971 0.0 12
1718427377337 0.0 13
1718427377721 0.2 14
1718427378093 0.05 15
1718427378471 0.0 16
1718427378875 0.0 17
1718427379288 0.0 18
1718427379654 0.0 19
1718427380020 0.05 20
1718427380420 0.0 21
1718427380820 0.15 22
1718427381208 0.2 23
1718427381587 0.0 24
1718427381987 0.0 25
1718427382374 0.0 26
1718427382739 0.0 27
1718427383137 0.0 28
1718427383520 0.0 29
1718427383889 0.05 30
1718427384321 0.0 31
1718427384719 0.0 32
1718427385041 0.25 33
1718427385369 0.0 34
1718427385703 0.0 35
1718427386019 0.0 36
1718427386352 0.0 37
1718427386686 0.0 38
1718427387019 0.2 39
1718427387386 0.2 40
1718427387719 0.0 41
1718427388069 0.0 42
1718427388419 0.0 43
1718427388752 0.0 44
1718427389069 0.0 45
1718427389402 0.0 46
1718427389735 0.0 47
1718427390055 0.0 48
1718427390389 0.0 49
