1718427372372 0.5714285714285714 0
1718427372755 0.0 1
1718427373138 0.0 2
1718427373621 0.5073529411764706 3
1718427374032 0.711111111111111 4
1718427374388 0.0 5
1718427374772 0.0 6
1718427375156 0.0 7
1718427375521 0.0 8
1718427375888 0.0 9
1718427376254 0.0 10
1718427376621 0.0 11
1718427377004 0.0 12
1718427377375 0.0 13
1718427377738 0.4 14
1718427378125 0.09523809523809523 15
1718427378504 0.0 16
1718427378904 0.0 17
1718427379320 0.0 18
1718427379687 0.0 19
1718427380054 0.4 20
1718427380454 0.0 21
1718427380854 0.8571428571428571 22
1718427381238 0.4 23
1718427381623 0.0 24
1718427382003 0.0 25
1718427382403 0.0 26
1718427382770 0.0 27
1718427383168 0.0 28
1718427383539 0.0 29
1718427383923 0.3333333333333333 30
1718427384340 0.0 31
1718427384740 0.0 32
1718427385056 0.5034013605442177 33
1718427385403 0.0 34
1718427385719 0.0 35
1718427386041 0.0 36
1718427386386 0.0 37
1718427386702 0.0 38
1718427387056 0.6153846153846154 39
1718427387419 0.19875776397515527 40
1718427387742 0.0 41
1718427388103 0.0 42
1718427388452 0.0 43
1718427388772 0.0 44
1718427389085 0.0 45
1718427389435 0.0 46
1718427389756 0.0 47
1718427390085 0.0 48
1718427390417 0.0 49
