1718550318792 0.08727272727272728 0
1718550323542 0.08727272727272728 1
1718550328113 0.08727272727272728 2
1718550332673 0.08727272727272728 3
1718550337173 0.08727272727272728 4
1718550341805 0.08727272727272728 5
1718550346441 0.08727272727272728 6
1718550350976 0.08727272727272728 7
1718550355384 0.08727272727272728 8
1718550359835 0.08727272727272728 9
1718550364918 0.08727272727272728 10
1718550370267 0.08727272727272728 11
1718550375482 0.08727272727272728 12
1718550380599 0.08727272727272728 13
1718550385463 0.08727272727272728 14
1718550390031 0.08727272727272728 15
1718550394595 0.08727272727272728 16
1718550399594 0.08727272727272728 17
1718550404060 0.08727272727272728 18
1718550408592 0.08727272727272728 19
1718550413125 0.08727272727272728 20
1718550417691 0.08727272727272728 21
1718550422156 0.08727272727272728 22
1718550427439 0.08727272727272728 23
1718550432707 0.08727272727272728 24
1718550438036 0.08727272727272728 25
1718550442754 0.08727272727272728 26
1718550447285 0.08727272727272728 27
1718550451784 0.08727272727272728 28
1718550456366 0.08727272727272728 29
1718550460899 0.08727272727272728 30
1718550465498 0.08727272727272728 31
1718550469964 0.08727272727272728 32
1718550474566 0.08727272727272728 33
1718550479162 0.08727272727272728 34
1718550484110 0.08727272727272728 35
1718550489343 0.08727272727272728 36
1718550494759 0.08727272727272728 37
1718550500041 0.08727272727272728 38
1718550504507 0.08727272727272728 39
1718550508973 0.08727272727272728 40
1718550513455 0.08727272727272728 41
1718550518054 0.08727272727272728 42
1718550522572 0.08727272727272728 43
1718550527002 0.08727272727272728 44
1718550531685 0.08727272727272728 45
1718550536165 0.08727272727272728 46
1718550540759 0.08727272727272728 47
1718550545832 0.08727272727272728 48
1718550551031 0.08727272727272728 49
