1718392399812 -0.584011435508728 0
1718392400258 -0.5953226089477539 1
1718392400650 -0.6026865243911743 2
1718392400991 -0.5231165885925293 3
1718392401341 -0.40499114990234375 4
1718392401680 -0.3252828121185303 5
1718392402027 -0.1989896297454834 6
1718392402372 -0.6100772619247437 7
1718392402711 -0.5489528179168701 8
1718392403059 -0.7928271293640137 9
1718392403513 -0.5787529945373535 10
1718392403856 -0.6261314153671265 11
1718392404209 -0.6778087615966797 12
1718392404556 -0.7112134695053101 13
1718392404899 -0.6913350820541382 14
1718392405258 -0.29039788246154785 15
1718392405605 -0.6914057731628418 16
1718392405974 -0.5157632827758789 17
1718392406345 -0.4623626470565796 18
1718392406792 -0.44712328910827637 19
1718392407173 -0.44441843032836914 20
1718392407544 -0.4457134008407593 21
1718392407967 -0.44809627532958984 22
1718392408338 -0.45057356357574463 23
1718392408693 -0.45282697677612305 24
1718392409050 -0.4547821283340454 25
1718392409425 -0.45644688606262207 26
1718392409783 -0.457861065864563 27
1718392410147 -0.45906805992126465 28
1718392410499 -0.46010637283325195 29
1718392410854 -0.46101152896881104 30
1718392411224 -0.4618114233016968 31
1718392411575 -0.4625295400619507 32
1718392411921 -0.4631831645965576 33
1718392412290 -0.4637874364852905 34
1718392412648 -0.4643521308898926 35
1718392413016 -0.4648857116699219 36
1718392413377 -0.46539509296417236 37
1718392413734 -0.46588408946990967 38
1718392414093 -0.46635711193084717 39
1718392414438 -0.46681666374206543 40
1718392414783 -0.46726465225219727 41
1718392415134 -0.4706805944442749 42
1718392415477 -0.4702244997024536 43
1718392415824 -0.4699941873550415 44
1718392416173 -0.4699361324310303 45
1718392416515 -0.4699932336807251 46
1718392416858 -0.4701235294342041 47
1718392417220 -0.47030341625213623 48
1718392417555 -0.4705162048339844 49
