1718392399694 1.8402842283248901 0
1718392400151 1.8309481143951416 1
1718392400571 1.8254152536392212 2
1718392400907 2.035159111022949 3
1718392401263 2.3023598194122314 4
1718392401604 2.344059467315674 5
1718392401947 2.1672446727752686 6
1718392402301 1.9497212171554565 7
1718392402638 2.2340810298919678 8
1718392402975 1.7393317222595215 9
1718392403437 1.6391642093658447 10
1718392403779 1.5964144468307495 11
1718392404134 1.8412740230560303 12
1718392404476 1.8626021146774292 13
1718392404826 1.7766653299331665 14
1718392405180 2.081540584564209 15
1718392405527 1.8737761974334717 16
1718392405894 1.6870274543762207 17
1718392406265 1.6014355421066284 18
1718392406706 1.5508962869644165 19
1718392407085 1.5161776542663574 20
1718392407462 1.4904093742370605 21
1718392407885 1.4703744649887085 22
1718392408253 1.4543049335479736 23
1718392408617 1.4411275386810303 24
1718392408961 1.430145502090454 25
1718392409341 1.420880913734436 26
1718392409700 1.4129903316497803 27
1718392410062 1.406217336654663 28
1718392410420 1.4003666639328003 29
1718392410776 1.39528489112854 30
1718392411142 1.3908494710922241 31
1718392411493 1.3869612216949463 32
1718392411843 1.3835394382476807 33
1718392412213 1.3805173635482788 34
1718392412567 1.3778399229049683 35
1718392412933 1.3754600286483765 36
1718392413298 1.373339295387268 37
1718392413652 1.3714443445205688 38
1718392414009 1.3697469234466553 39
1718392414361 1.368222713470459 40
1718392414705 1.366851806640625 41
1718392415052 1.3676228523254395 42
1718392415403 1.3666877746582031 43
1718392415745 1.3659188747406006 44
1718392416091 1.3652163743972778 45
1718392416439 1.364562749862671 46
1718392416777 1.3639545440673828 47
1718392417141 1.3633899688720703 48
1718392417482 1.3628665208816528 49
