1718523621139 0.1858163826278175 0
1718523621948 0.18681318681318682 1
1718523622781 0.18681318681318682 2
1718523623600 0.1373109133717149 3
1718523624414 0.1858163826278175 4
1718523625270 0.18681318681318682 5
1718523626238 0.21343188629332446 6
1718523627096 0.18681318681318682 7
1718523627949 0.1858163826278175 8
1718523628779 0.1858163826278175 9
1718523629579 0.18681318681318682 10
1718523630396 0.4167604555733879 11
1718523631196 0.11464106924923076 12
1718523631994 0.18681318681318682 13
1718523632780 0.1747787610619469 14
1718523633579 0.16870144284128746 15
1718523634368 0.18681318681318682 16
1718523635195 0.34278933424809793 17
1718523635995 0.1858163826278175 18
1718523636778 0.18681318681318682 19
1718523637581 0.1858163826278175 20
1718523638361 0.5038097867543622 21
1718523639169 0.41770267368648273 22
1718523639977 0.4010099141009294 23
1718523640777 0.20683143716208272 24
1718523641560 0.09688575445952294 25
1718523642380 0.4261595249239022 26
1718523643177 0.11624559537264809 27
1718523643977 0.24400049086376388 28
1718523644793 0.27509385533507347 29
1718523645576 0.18681318681318682 30
1718523646393 0.1858163826278175 31
1718523647193 0.1858163826278175 32
1718523647976 0.1858873891118803 33
1718523648808 0.18544798777569646 34
1718523649618 0.18681318681318682 35
1718523650442 0.1858163826278175 36
1718523651292 0.16870144284128746 37
1718523652142 0.19573537452159653 38
1718523652978 0.1858163826278175 39
1718523653825 0.45706041035819817 40
1718523654624 0.18681318681318682 41
1718523655502 0.18681318681318682 42
1718523656357 0.16870144284128746 43
1718523657198 0.18681318681318682 44
1718523658089 0.18681318681318682 45
1718523659024 0.16870144284128746 46
1718523660060 0.18681318681318682 47
1718523660940 0.1747787610619469 48
1718523661740 0.18681318681318682 49
