1718494367501 2.2812299728393555 0
1718494367817 2.250387668609619 1
1718494368133 2.1724581718444824 2
1718494368451 2.3070294857025146 3
1718494368801 2.3331480026245117 4
1718494369117 2.295987606048584 5
1718494369452 2.2985212802886963 6
1718494369803 2.294553756713867 7
1718494370136 2.287919282913208 8
1718494370453 2.262458562850952 9
1718494370753 2.1982672214508057 10
1718494371070 2.2171008586883545 11
1718494371387 2.3970296382904053 12
1718494371687 2.3246803283691406 13
1718494371992 2.29536509513855 14
1718494372321 2.300623893737793 15
1718494372620 2.2926032543182373 16
1718494372922 2.2889022827148438 17
1718494373238 2.251444101333618 18
1718494373539 2.209425449371338 19
1718494373856 2.308772563934326 20
1718494374177 2.3039493560791016 21
1718494374487 2.3013765811920166 22
1718494374790 2.2983877658843994 23
1718494375106 2.2937071323394775 24
1718494375415 2.2970693111419678 25
1718494375724 2.2781565189361572 26
1718494376040 2.2718749046325684 27
1718494376357 2.2970051765441895 28
1718494376791 2.290663480758667 29
1718494377125 2.2656168937683105 30
1718494377425 2.2199819087982178 31
1718494377729 2.286036252975464 32
1718494378059 2.2224669456481934 33
1718494378392 2.2395102977752686 34
1718494378692 2.161020040512085 35
1718494378996 2.1517162322998047 36
1718494379326 2.4213805198669434 37
1718494379628 2.373598098754883 38
1718494379927 2.304396152496338 39
1718494380264 2.301111936569214 40
1718494380578 2.299708604812622 41
1718494380898 2.2995986938476562 42
1718494381215 2.299065589904785 43
1718494381526 2.298644542694092 44
1718494381828 2.2984707355499268 45
1718494382147 2.2985634803771973 46
1718494382529 2.2978591918945312 47
1718494382879 2.294934034347534 48
1718494383263 2.285212278366089 49
