1718379795238 0.2 0
1718379795900 0.3333333333333333 1
1718379796587 0.3333333333333333 2
1718379797258 0.25 3
1718379797917 0.5833333333333333 4
1718379798577 0.25 5
1718379799252 0.3333333333333333 6
1718379799916 0.3333333333333333 7
1718379800597 0.25 8
1718379801286 0.2 9
1718379801950 0.3333333333333333 10
1718379802641 0.3333333333333333 11
1718379803319 0.2 12
1718379804077 0.3333333333333333 13
1718379804754 0.5555555555555555 14
1718379805474 0.25 15
1718379806177 0.3333333333333333 16
1718379806869 0.5555555555555555 17
1718379807564 0.4444444444444444 18
1718379808254 0.3333333333333333 19
1718379808929 0.16666666666666666 20
1718379809621 0.7 21
1718379810323 0.5833333333333333 22
1718379811037 0.0 23
1718379811710 0.25 24
1718379812391 0.3333333333333333 25
1718379813052 0.5833333333333333 26
1718379813710 0.2222222222222222 27
1718379814482 0.3333333333333333 28
1718379815156 0.0 29
1718379815812 0.3333333333333333 30
1718379816481 0.0 31
1718379817147 0.3333333333333333 32
1718379817801 0.3333333333333333 33
1718379818473 0.2 34
1718379819130 0.3333333333333333 35
1718379819792 0.3333333333333333 36
1718379820462 0.25 37
1718379821116 0.3333333333333333 38
1718379821802 0.3333333333333333 39
1718379822503 0.3333333333333333 40
1718379823150 0.3333333333333333 41
1718379823817 0.16666666666666666 42
1718379824491 0.2 43
1718379825152 0.3333333333333333 44
1718379825810 0.3333333333333333 45
1718379826481 0.0 46
1718379827136 0.3333333333333333 47
1718379827810 0.5833333333333333 48
1718379828481 0.3333333333333333 49
