1718445209228 nan 0
1718445209865 nan 1
1718445210511 nan 2
1718445211147 nan 3
1718445211763 nan 4
1718445212393 nan 5
1718445213027 nan 6
1718445213627 nan 7
1718445214260 nan 8
1718445214877 nan 9
1718445215529 nan 10
1718445216160 nan 11
1718445216810 nan 12
1718445217510 nan 13
1718445218160 nan 14
1718445218826 nan 15
1718445219459 nan 16
1718445220124 nan 17
1718445220778 nan 18
1718445221526 nan 19
1718445222159 nan 20
1718445222829 nan 21
1718445223479 nan 22
1718445224092 nan 23
1718445224725 nan 24
1718445225341 nan 25
1718445225958 nan 26
1718445226591 nan 27
1718445227191 nan 28
1718445227824 nan 29
1718445228441 nan 30
1718445229060 nan 31
1718445229690 nan 32
1718445230309 nan 33
1718445230941 nan 34
1718445231568 nan 35
1718445232177 nan 36
1718445232790 nan 37
1718445233423 nan 38
1718445234040 nan 39
1718445234665 nan 40
1718445235276 nan 41
1718445235889 nan 42
1718445236506 nan 43
1718445237122 nan 44
1718445237772 nan 45
1718445238389 nan 46
1718445239005 nan 47
1718445239659 nan 48
1718445240340 nan 49
