1718498355092 4.326063039960755 0
1718498360045 -5.636504909520878 1
1718498365023 -5.589923872907533 2
1718498369786 0.3730101023442103 3
1718498374641 -0.6172083944915778 4
1718498379627 0.718084507625675 5
1718498384497 1.9943155844219405 6
1718498389351 -10.99819468677946 7
1718498394154 0.8090528538803099 8
1718498398990 -5.2876286194135265 9
1718498403911 -7.712217447829108 10
1718498409065 -5.014354347495928 11
1718498414403 1.3363072871670338 12
1718498419174 3.758960128184255 13
1718498424094 3.6782442358892626 14
1718498428897 1.565610367253984 15
1718498433650 0.6143694258253687 16
1718498438754 0.3530325688001197 17
1718498443841 0.20171973191520198 18
1718498448812 0.7847337674314625 19
1718498453814 3.7674761149487788 20
1718498458636 -7.454479587785144 21
1718498463556 -5.222124133670812 22
1718498468810 2.837440239090626 23
1718498473997 -3.3088346297267375 24
1718498478818 4.125743950263079 25
1718498483721 -10.407297579560872 26
1718498488575 4.305185272959191 27
1718498493395 0.7088760152618994 28
1718498498265 -13.96455471456273 29
1718498503020 -4.088735033246501 30
1718498507724 -8.899053992649993 31
1718498512677 1.427890703006926 32
1718498517496 4.410511095003784 33
1718498522467 2.8885154241696007 34
1718498527968 4.360340155755031 35
1718498533166 3.1804962097474347 36
1718498537971 -6.949755990489144 37
1718498542895 -10.762011142265422 38
1718498547720 3.0790081589940996 39
1718498552606 -3.2871683820543742 40
1718498557609 -10.350393640604175 41
1718498562533 1.4553998111152096 42
1718498567371 -7.255296039355536 43
1718498572312 -9.070789253035091 44
1718498577091 2.534302108444483 45
1718498581928 -2.6095877686631113 46
1718498587265 -2.3126478376136044 47
1718498592685 -9.345749701463888 48
1718498597589 4.144934411699676 49
