1718510306206 1.0 0
1718510307124 1.0 1
1718510307974 0.7109144542772862 2
1718510308875 1.0 3
1718510309726 1.0 4
1718510310593 0.5368731563421829 5
1718510311444 1.0 6
1718510312328 1.0 7
1718510313178 1.0 8
1718510314046 1.0 9
1718510314917 1.0 10
1718510315834 1.0 11
1718510316681 1.0 12
1718510317702 1.0 13
1718510318585 1.0 14
1718510319466 1.0 15
1718510320350 1.0 16
1718510321250 1.0 17
1718510322105 1.0 18
1718510322952 1.0 19
1718510323803 1.0 20
1718510324704 1.0 21
1718510325585 1.0 22
1718510326498 1.0 23
1718510327382 0.309375 24
1718510328256 1.0 25
1718510329123 1.0 26
1718510329974 0.53125 27
1718510330912 1.0 28
1718510331809 1.0 29
1718510332687 1.0 30
1718510333560 1.0 31
1718510334444 1.0 32
1718510335338 1.0 33
1718510336189 1.0 34
1718510337046 1.0 35
1718510337945 1.0 36
1718510338864 1.0 37
1718510339748 1.0 38
1718510340832 1.0 39
1718510341700 1.0 40
1718510342717 1.0 41
1718510343801 1.0 42
1718510344885 1.0 43
1718510345940 1.0 44
1718510347007 1.0 45
1718510347997 1.0 46
1718510349005 1.0 47
1718510350006 1.0 48
1718510351056 1.0 49
