1718423826453 0.0 0
1718423831102 0.0 1
1718423835918 0.0 2
1718423840671 0.0 3
1718423844790 0.0 4
1718423848600 0.0 5
1718423852416 0.0 6
1718423856347 0.0 7
1718423860216 0.0 8
1718423864046 0.0 9
1718423867925 0.0 10
1718423871760 0.0 11
1718423875626 0.0 12
1718423879526 0.0 13
1718423883757 0.0 14
1718423888368 0.0 15
1718423892973 0.0 16
1718423897488 0.0 17
1718423901941 0.0 18
1718423905854 0.0 19
1718423909686 0.0 20
1718423913569 0.0 21
1718423917518 0.0 22
1718423921351 0.0 23
1718423925167 0.0 24
1718423929002 0.0 25
1718423932827 0.0 26
1718423936731 0.0 27
1718423940581 0.0 28
1718423945096 0.0 29
1718423949779 0.0 30
1718423954378 0.0 31
1718423958964 0.0 32
1718423963243 0.0 33
1718423967125 0.0 34
1718423970959 0.0 35
1718423974776 0.0 36
1718423978606 0.0 37
1718423982422 0.0 38
1718423986241 0.0 39
1718423990039 0.0 40
1718423994052 0.0 41
1718423997869 0.0 42
1718424001718 0.0 43
1718424006084 0.0 44
1718424010433 0.0 45
1718424014932 0.0 46
1718424019382 0.0 47
1718424023530 0.0 48
1718424027363 0.0 49
