1718382507428 -0.4956371784210205 0
1718382507755 -0.4973487854003906 1
1718382508060 -0.4983839988708496 2
1718382508396 -0.49904894828796387 3
1718382508705 -0.49950504302978516 4
1718382509017 -0.49983859062194824 5
1718382509337 -0.5000965595245361 6
1718382509642 -0.5003061294555664 7
1718382509947 -0.5004839897155762 8
1718382510253 -0.501239538192749 9
1718382510578 -0.5018038749694824 10
1718382510888 -0.5021822452545166 11
1718382511199 -0.5024526119232178 12
1718382511517 -0.5026600360870361 13
1718382511827 -0.5028269290924072 14
1718382512136 -0.5029687881469727 15
1718382512462 -0.50309157371521 16
1718382512781 -0.5032005310058594 17
1718382513094 -0.5032989978790283 18
1718382513417 -0.5033886432647705 19
1718382513736 -0.5034701824188232 20
1718382514049 -0.5035455226898193 21
1718382514367 -0.5036144256591797 22
1718382514681 -0.5036780834197998 23
1718382514998 -0.503737211227417 24
1718382515329 -0.503791332244873 25
1718382515650 -0.5038414001464844 26
1718382515975 -0.503887414932251 27
1718382516285 -0.5039300918579102 28
1718382516613 -0.5039689540863037 29
1718382516935 -0.504004955291748 30
1718382517259 -0.5040378570556641 31
1718382517589 -0.5620341300964355 32
1718382517915 -0.5628304481506348 33
1718382518230 -0.5632369518280029 34
1718382518554 -0.5634229183197021 35
1718382518886 -0.5634825229644775 36
1718382519247 -0.5634715557098389 37
1718382519608 -0.5634200572967529 38
1718382519924 -0.5633463859558105 39
1718382520243 -0.5632612705230713 40
1718382520569 -0.5631709098815918 41
1718382520883 -0.5630781650543213 42
1718382521196 -0.5629873275756836 43
1718382521522 -0.562896728515625 44
1718382521841 -0.5628092288970947 45
1718382522243 -0.5627248287200928 46
1718382522586 -0.5626425743103027 47
1718382522900 -0.5625636577606201 48
1718382523213 -0.5624868869781494 49
