1718509838311 0.10242424242424242 0
1718509839258 0.10242424242424242 1
1718509840175 0.10242424242424242 2
1718509841097 0.10242424242424242 3
1718509842010 0.10242424242424242 4
1718509842897 0.10242424242424242 5
1718509843761 0.10242424242424242 6
1718509844679 0.10242424242424242 7
1718509845533 0.10242424242424242 8
1718509846417 0.10242424242424242 9
1718509847348 0.10303030303030303 10
1718509848282 0.10242424242424242 11
1718509849149 0.10242424242424242 12
1718509850068 0.10242424242424242 13
1718509850934 0.10242424242424242 14
1718509851817 0.10242424242424242 15
1718509852685 0.10242424242424242 16
1718509853552 0.10242424242424242 17
1718509854403 0.10242424242424242 18
1718509855287 0.10242424242424242 19
1718509856221 0.10242424242424242 20
1718509857097 0.10242424242424242 21
1718509857996 0.10303030303030303 22
1718509858873 0.10242424242424242 23
1718509859723 0.10242424242424242 24
1718509860707 0.10242424242424242 25
1718509861596 0.10242424242424242 26
1718509862592 0.10242424242424242 27
1718509863710 0.10242424242424242 28
1718509864793 0.10242424242424242 29
1718509865861 0.10242424242424242 30
1718509866912 0.10242424242424242 31
1718509867980 0.10242424242424242 32
1718509868997 0.10242424242424242 33
1718509869998 0.10242424242424242 34
1718509870982 0.10242424242424242 35
1718509872016 0.05398973172428394 36
1718509873075 0.10242424242424242 37
1718509874067 0.10242424242424242 38
1718509875089 0.10242424242424242 39
1718509876019 0.10242424242424242 40
1718509876907 0.10242424242424242 41
1718509877920 0.10242424242424242 42
1718509878786 0.10242424242424242 43
1718509879655 0.053128046012931834 44
1718509880539 0.10242424242424242 45
1718509881423 0.10242424242424242 46
1718509882300 0.10242424242424242 47
1718509883174 0.10242424242424242 48
1718509884074 0.10242424242424242 49
