1718386984657 0.28821370005607605 0
1718386984932 0.2900562882423401 1
1718386985205 0.3323778808116913 2
1718386985475 0.30371928215026855 3
1718386985751 0.27192479372024536 4
1718386986020 0.2584298253059387 5
1718386986289 0.27786538004875183 6
1718386986558 0.2841777801513672 7
1718386986836 0.26082509756088257 8
1718386987106 0.28011101484298706 9
1718386987371 0.257904589176178 10
1718386987645 0.27296268939971924 11
1718386987928 0.3159610331058502 12
1718386988198 0.28797048330307007 13
1718386988467 0.27518653869628906 14
1718386988747 0.3308659791946411 15
1718386989231 0.342038631439209 16
1718386989507 0.26410889625549316 17
1718386989810 0.3080165684223175 18
1718386990083 0.27737998962402344 19
1718386990350 0.260702520608902 20
1718386990620 0.2975669205188751 21
1718386990900 0.3035655617713928 22
1718386991176 0.30397364497184753 23
1718386991441 0.2963328957557678 24
1718386991724 0.3722381889820099 25
1718386992013 0.28445348143577576 26
1718386992288 0.2670023441314697 27
1718386992591 0.2682826817035675 28
1718386992861 0.2610494792461395 29
1718386993125 0.2786686420440674 30
1718386993390 0.2596079409122467 31
1718386993650 0.2711254358291626 32
1718386993935 0.2566560208797455 33
1718386994202 0.28320398926734924 34
1718386994464 0.24589736759662628 35
1718386994742 0.2797337472438812 36
1718386995014 0.39609295129776 37
1718386995236 0.3897098898887634 38
1718386995463 0.36050015687942505 39
1718386995693 0.34131133556365967 40
1718386995929 0.30452975630760193 41
1718386996173 0.27274706959724426 42
1718386996407 0.2556360363960266 43
1718386996634 0.2883046269416809 44
1718386996870 0.26526957750320435 45
1718386997091 0.24600574374198914 46
1718386997320 0.32133546471595764 47
1718386997538 0.3407079577445984 48
1718386997773 0.40695106983184814 49
