1718378412547 1.0 0
1718378413266 0.0 1
1718378413961 0.0 2
1718378414628 0.0 3
1718378415305 0.0 4
1718378416046 0.0 5
1718378416868 0.0 6
1718378417545 0.0 7
1718378418232 0.0 8
1718378418919 0.0 9
1718378419619 0.0 10
1718378420336 0.0 11
1718378421038 0.0 12
1718378421757 0.0 13
1718378422530 0.0 14
1718378423336 0.0 15
1718378424057 1.0 16
1718378424780 0.0 17
1718378425671 0.0 18
1718378426438 0.0 19
1718378427108 0.0 20
1718378427811 0.0 21
1718378428505 0.0 22
1718378429214 0.0 23
1718378429968 0.0 24
1718378430779 0.0 25
1718378431473 1.0 26
1718378432139 0.0 27
1718378432841 0.0 28
1718378433591 0.0 29
1718378434298 0.0 30
1718378434961 0.0 31
1718378435632 0.0 32
1718378436324 0.0 33
1718378437163 0.0 34
1718378437853 0.0 35
1718378438545 0.0 36
1718378439252 0.0 37
1718378439923 0.0 38
1718378440598 0.0 39
1718378441271 0.0 40
1718378441926 0.0 41
1718378442627 0.0 42
1718378443337 0.0 43
1718378444009 0.0 44
1718378444704 0.0 45
1718378445369 0.0 46
1718378446038 0.0 47
1718378446699 1.0 48
1718378447365 0.0 49
