1718388549122 0.8805970149253731 0
1718388549389 0.9044776119402985 1
1718388549660 0.9014925373134328 2
1718388549952 0.8776119402985074 3
1718388550254 0.8865671641791045 4
1718388550524 0.9044776119402985 5
1718388550847 0.8835820895522388 6
1718388551120 0.8985074626865671 7
1718388551406 0.8985074626865671 8
1718388551678 0.8955223880597015 9
1718388551966 0.8716417910447761 10
1718388552244 0.8865671641791045 11
1718388552525 0.8925373134328358 12
1718388552811 0.8776119402985074 13
1718388553076 0.8925373134328358 14
1718388553343 0.9044776119402985 15
1718388553610 0.8805970149253731 16
1718388553896 0.9074626865671642 17
1718388554191 0.9074626865671642 18
1718388554475 0.8865671641791045 19
1718388554740 0.8686567164179104 20
1718388555029 0.8895522388059701 21
1718388555297 0.8895522388059701 22
1718388555586 0.8477611940298507 23
1718388555863 0.826865671641791 24
1718388556148 0.8626865671641791 25
1718388556413 0.826865671641791 26
1718388556686 0.8776119402985074 27
1718388557153 0.8656716417910447 28
1718388557384 0.8776119402985074 29
1718388557617 0.8567164179104477 30
1718388557846 0.8835820895522388 31
1718388558095 0.8776119402985074 32
1718388558341 0.8716417910447761 33
1718388558578 0.8865671641791045 34
1718388558842 0.8805970149253731 35
1718388559108 0.8895522388059701 36
1718388559355 0.8746268656716418 37
1718388559598 0.8716417910447761 38
1718388559836 0.8746268656716418 39
1718388560081 0.8835820895522388 40
1718388560320 0.9014925373134328 41
1718388560552 0.8656716417910447 42
1718388560788 0.8805970149253731 43
1718388561034 0.8656716417910447 44
1718388561275 0.8895522388059701 45
1718388561508 0.8805970149253731 46
1718388561738 0.8656716417910447 47
1718388561983 0.8895522388059701 48
1718388562216 0.8776119402985074 49
