1718537417782 nan 0
1718537418651 nan 1
1718537419482 nan 2
1718537420282 nan 3
1718537421051 nan 4
1718537421815 nan 5
1718537422581 nan 6
1718537423382 nan 7
1718537424164 nan 8
1718537424963 nan 9
1718537425738 nan 10
1718537426540 nan 11
1718537427334 nan 12
1718537428147 nan 13
1718537428913 nan 14
1718537429747 nan 15
1718537430533 nan 16
1718537431346 nan 17
1718537432132 nan 18
1718537432899 nan 19
1718537433679 nan 20
1718537434462 nan 21
1718537435251 nan 22
1718537436079 nan 23
1718537436895 nan 24
1718537437678 nan 25
1718537438462 nan 26
1718537439245 nan 27
1718537440034 nan 28
1718537440795 nan 29
1718537441578 nan 30
1718537442395 nan 31
1718537443194 nan 32
1718537443944 nan 33
1718537444764 nan 34
1718537445529 nan 35
1718537446309 nan 36
1718537447092 nan 37
1718537447846 nan 38
1718537448660 nan 39
1718537449446 nan 40
1718537450230 nan 41
1718537450993 nan 42
1718537451762 nan 43
1718537452562 nan 44
1718537453342 nan 45
1718537454131 nan 46
1718537454892 nan 47
1718537455631 nan 48
1718537456440 nan 49
