1718331397555 0.3142857142857143 0
1718331398063 0.2571428571428571 1
1718331398452 0.2 2
1718331398888 0.2571428571428571 3
1718331399627 0.14285714285714285 4
1718331400189 0.17142857142857143 5
1718331400738 0.2 6
1718331401330 0.3142857142857143 7
1718331401658 0.14285714285714285 8
1718331402014 0.34285714285714286 9
1718331402470 0.2571428571428571 10
1718331402941 0.2571428571428571 11
1718331403439 0.2857142857142857 12
1718331403834 0.3142857142857143 13
1718331404223 0.22857142857142856 14
1718331404643 0.22857142857142856 15
1718331405065 0.2 16
1718331405437 0.11428571428571428 17
1718331405852 0.11428571428571428 18
1718331406250 0.2 19
1718331406642 0.22857142857142856 20
1718331407063 0.14285714285714285 21
1718331407460 0.2857142857142857 22
1718331407844 0.34285714285714286 23
1718331408273 0.17142857142857143 24
1718331408605 0.11428571428571428 25
1718331408949 0.2857142857142857 26
1718331409300 0.37142857142857144 27
1718331409642 0.2571428571428571 28
1718331409986 0.22857142857142856 29
1718331410323 0.2571428571428571 30
1718331410652 0.3142857142857143 31
1718331411009 0.2857142857142857 32
1718331411356 0.2571428571428571 33
1718331411708 0.2571428571428571 34
1718331412048 0.2 35
1718331412378 0.2 36
1718331412752 0.3142857142857143 37
1718331413106 0.37142857142857144 38
1718331413448 0.4 39
1718331413756 0.2571428571428571 40
1718331414081 0.34285714285714286 41
1718331414630 0.3142857142857143 42
1718331414977 0.37142857142857144 43
1718331415374 0.2 44
1718331415760 0.11428571428571428 45
1718331416133 0.17142857142857143 46
1718331416486 0.2 47
1718331416872 0.22857142857142856 48
1718331417349 0.2 49
