1718453261260 0.2608695652173913 0
1718453261610 0.22337662337662337 1
1718453262010 0.2608695652173913 2
1718453262393 0.2608695652173913 3
1718453262764 0.3138888888888889 4
1718453263126 0.2608695652173913 5
1718453263532 0.2608695652173913 6
1718453263946 0.2608695652173913 7
1718453264342 0.2608695652173913 8
1718453264726 0.2608695652173913 9
1718453265092 0.2608695652173913 10
1718453265459 0.2608695652173913 11
1718453265826 0.2608695652173913 12
1718453266195 0.2608695652173913 13
1718453266559 0.2608695652173913 14
1718453266926 0.18181818181818182 15
1718453267292 0.18181818181818182 16
1718453267679 0.2608695652173913 17
1718453268062 0.2608695652173913 18
1718453268445 0.2608695652173913 19
1718453268850 0.2608695652173913 20
1718453269227 0.2608695652173913 21
1718453269595 0.2608695652173913 22
1718453269992 0.2608695652173913 23
1718453270358 0.2608695652173913 24
1718453270742 0.2608695652173913 25
1718453271142 0.2608695652173913 26
1718453271541 0.18181818181818182 27
1718453271908 0.2608695652173913 28
1718453272287 0.2608695652173913 29
1718453272658 0.2608695652173913 30
1718453273041 0.2608695652173913 31
1718453273428 0.2608695652173913 32
1718453273792 0.2608695652173913 33
1718453274191 0.2608695652173913 34
1718453274560 0.2608695652173913 35
1718453274940 0.2608695652173913 36
1718453275309 0.2608695652173913 37
1718453275690 0.2608695652173913 38
1718453276090 0.2608695652173913 39
1718453276427 0.2608695652173913 40
1718453276790 0.2608695652173913 41
1718453277161 0.2608695652173913 42
1718453277507 0.18181818181818182 43
1718453277873 0.2608695652173913 44
1718453278261 0.2608695652173913 45
1718453278640 0.2608695652173913 46
1718453279008 0.2608695652173913 47
1718453279368 0.18181818181818182 48
1718453279723 0.2608695652173913 49
