1718524678746 0.09212121212121212 0
1718524679102 0.10848484848484849 1
1718524679428 0.08727272727272728 2
1718524679759 0.09575757575757576 3
1718524680138 0.08727272727272728 4
1718524680473 0.10848484848484849 5
1718524680839 0.1503030303030303 6
1718524681173 0.08727272727272728 7
1718524681498 0.10848484848484849 8
1718524681822 0.09212121212121212 9
1718524682172 0.09151515151515152 10
1718524682672 0.01090909090909091 11
1718524683139 0.10848484848484849 12
1718524683605 0.10848484848484849 13
1718524684055 0.10848484848484849 14
1718524684472 0.10848484848484849 15
1718524684905 0.1290909090909091 16
1718524685348 0.10848484848484849 17
1718524685772 0.10848484848484849 18
1718524686205 0.04363636363636364 19
1718524686658 0.09151515151515152 20
1718524687071 0.10848484848484849 21
1718524687521 0.09818181818181818 22
1718524687954 0.09212121212121212 23
1718524688521 0.09151515151515152 24
1718524688938 0.10848484848484849 25
1718524689388 0.09151515151515152 26
1718524689821 0.10848484848484849 27
1718524690271 0.10848484848484849 28
1718524690704 0.10848484848484849 29
1718524691137 0.09212121212121212 30
1718524691554 0.10909090909090909 31
1718524691970 0.19696969696969696 32
1718524692354 0.09151515151515152 33
1718524692750 0.10848484848484849 34
1718524693120 0.04242424242424243 35
1718524693537 0.10848484848484849 36
1718524693937 0.09212121212121212 37
1718524694337 0.10848484848484849 38
1718524694750 0.09575757575757576 39
1718524695170 0.10848484848484849 40
1718524695586 0.08969696969696969 41
1718524696003 0.17454545454545456 42
1718524696319 0.10848484848484849 43
1718524696669 0.2787878787878788 44
1718524697003 0.10848484848484849 45
1718524697354 0.09212121212121212 46
1718524697685 0.10848484848484849 47
1718524698036 0.10424242424242425 48
1718524698369 0.10848484848484849 49
