1718524678806 1.0 0
1718524679139 1.0 1
1718524679456 1.0 2
1718524679809 1.0 3
1718524680173 1.0 4
1718524680521 1.0 5
1718524680892 0.7515151515151515 6
1718524681222 1.0 7
1718524681539 1.0 8
1718524681872 1.0 9
1718524682258 1.0 10
1718524682747 0.054380664652567974 11
1718524683206 1.0 12
1718524683707 1.0 13
1718524684122 1.0 14
1718524684548 1.0 15
1718524684972 0.6435045317220544 16
1718524685405 1.0 17
1718524685848 1.0 18
1718524686286 0.2440677966101695 19
1718524686721 1.0 20
1718524687149 1.0 21
1718524687588 1.0 22
1718524688021 1.0 23
1718524688588 1.0 24
1718524689006 1.0 25
1718524689454 1.0 26
1718524689887 1.0 27
1718524690337 1.0 28
1718524690771 1.0 29
1718524691204 1.0 30
1718524691620 0.5454545454545454 31
1718524692020 0.9818731117824774 32
1718524692421 1.0 33
1718524692803 1.0 34
1718524693173 0.23648648648648649 35
1718524693603 1.0 36
1718524693987 1.0 37
1718524694387 1.0 38
1718524694803 0.5096774193548387 39
1718524695220 1.0 40
1718524695653 0.4625 41
1718524696053 0.4304932735426009 42
1718524696369 1.0 43
1718524696723 0.8897485493230174 44
1718524697053 1.0 45
1718524697386 1.0 46
1718524697734 1.0 47
1718524698069 0.38478747203579416 48
1718524698419 1.0 49
