1717608992191 0.7183908045977011 0
1717608999009 0.6810344827586207 1
1717609005055 0.7327586206896551 2
1717609010759 0.7327586206896551 3
1717609016121 0.7327586206896551 4
1717609021950 0.7327586206896551 5
1717609027700 0.4803738317757009 6
1717609033132 0.4803738317757009 7
1717609039037 0.3609898107714702 8
1717609044664 0.7327586206896551 9
1717609050412 0.4803738317757009 10
1717609056095 0.3506311360448808 11
1717609061443 0.7327586206896551 12
1717609067123 0.45981308411214955 13
1717609073121 0.3506311360448808 14
1717609078472 0.45981308411214955 15
1717609083719 0.4803738317757009 16
1717609088855 0.44672897196261685 17
1717609094154 0.7327586206896551 18
1717609099553 0.7327586206896551 19
