1718384896467 0.2857142857142857 0
1718384896806 0.2857142857142857 1
1718384897160 0.2857142857142857 2
1718384897479 0.2857142857142857 3
1718384897808 0.2857142857142857 4
1718384898126 0.2857142857142857 5
1718384898441 0.2857142857142857 6
1718384898766 0.2857142857142857 7
1718384899079 0.2857142857142857 8
1718384899397 0.2857142857142857 9
1718384899719 0.2857142857142857 10
1718384900025 0.2857142857142857 11
1718384900345 0.2857142857142857 12
1718384900664 0.2857142857142857 13
1718384900979 0.2857142857142857 14
1718384901281 0.2857142857142857 15
1718384901592 0.2857142857142857 16
1718384901931 0.2857142857142857 17
1718384902252 0.2857142857142857 18
1718384902566 0.2857142857142857 19
1718384902899 0.2857142857142857 20
1718384903220 0.2857142857142857 21
1718384903543 0.2857142857142857 22
1718384903878 0.2857142857142857 23
1718384904203 0.2857142857142857 24
1718384904544 0.2857142857142857 25
1718384904891 0.2857142857142857 26
1718384905215 0.2857142857142857 27
1718384905534 0.2857142857142857 28
1718384905872 0.2857142857142857 29
1718384906188 0.2857142857142857 30
1718384906502 0.2857142857142857 31
1718384906826 0.2857142857142857 32
1718384907169 0.2857142857142857 33
1718384907510 0.2857142857142857 34
1718384907837 0.2857142857142857 35
1718384908158 0.2857142857142857 36
1718384908478 0.2857142857142857 37
1718384908805 0.2857142857142857 38
1718384909120 0.2857142857142857 39
1718384909466 0.2857142857142857 40
1718384909791 0.2857142857142857 41
1718384910120 0.2857142857142857 42
1718384910479 0.20512820512820512 43
1718384910798 0.20512820512820512 44
1718384911118 0.20512820512820512 45
1718384911433 0.20512820512820512 46
1718384911744 0.20512820512820512 47
1718384912059 0.20512820512820512 48
1718384912367 0.20512820512820512 49
