1718344595722 0.0 0
1718344598178 0.0 1
1718344600860 0.0 2
1718344603735 0.0 3
1718344606476 0.0 4
1718344609391 0.0 5
1718344612122 0.0 6
1718344614889 0.0 7
1718344617552 0.0 8
1718344620215 0.0 9
1718344623171 0.0 10
1718344626157 0.0 11
1718344628743 0.0 12
1718344631367 0.0 13
1718344634058 0.0 14
1718344636748 0.0 15
1718344639328 0.0 16
1718344642178 0.0 17
1718344644757 0.0 18
1718344647547 0.0 19
1718344650112 0.0 20
1718344652913 0.0 21
1718344655547 0.0 22
1718344658261 0.0 23
1718344660876 0.0 24
1718344663612 0.0 25
1718344666228 0.0 26
1718344668925 0.0 27
1718344671540 0.0 28
1718344674277 0.0 29
1718344676931 0.0 30
1718344679759 0.0 31
1718344682467 0.0 32
1718344685589 0.0 33
1718344688159 0.0 34
1718344690971 0.0 35
1718344693594 0.0 36
1718344696434 0.0 37
1718344699006 0.0 38
1718344701789 0.0 39
1718344704350 0.0 40
1718344707133 0.0 41
1718344709694 0.0 42
1718344712475 0.0 43
1718344715114 0.0 44
1718344717839 0.0 45
1718344720477 0.0 46
1718344723241 0.0 47
1718344725887 0.0 48
1718344728728 0.0 49
