1718516330385 0.1676846196557468 0
1718516330816 0.20590150677608507 1
1718516331269 0.07930230940456316 2
1718516331716 0.1676846196557468 3
1718516332182 0.1676846196557468 4
1718516332599 0.1676846196557468 5
1718516333070 0.1676846196557468 6
1718516333536 0.1676846196557468 7
1718516333982 0.1676846196557468 8
1718516334457 0.12856913460333375 9
1718516334919 0.1676846196557468 10
1718516335382 0.1676846196557468 11
1718516335798 0.1676846196557468 12
1718516336231 0.1676846196557468 13
1718516336670 0.1676846196557468 14
1718516337135 0.1947483588621444 15
1718516337581 0.1676846196557468 16
1718516338048 0.1676846196557468 17
1718516338548 0.11300581232601042 18
1718516338981 0.1676846196557468 19
1718516339434 0.1676846196557468 20
1718516339881 0.1676846196557468 21
1718516340332 0.1676846196557468 22
1718516340747 0.10065327027345132 23
1718516341181 0.1676846196557468 24
1718516341597 0.1676846196557468 25
1718516342064 0.1676846196557468 26
1718516342714 0.1676846196557468 27
1718516343280 0.1676846196557468 28
1718516343843 0.1676846196557468 29
1718516344381 0.1676846196557468 30
1718516344916 0.1676846196557468 31
1718516345437 0.1676846196557468 32
1718516345946 0.07026227494184357 33
1718516346499 0.1676846196557468 34
1718516347013 0.1676846196557468 35
1718516347539 0.1062167041143088 36
1718516348062 0.06864806212994232 37
1718516348596 0.2666293832480816 38
1718516349146 0.1676846196557468 39
1718516349662 0.1676846196557468 40
1718516350212 0.1676846196557468 41
1718516350733 0.1676846196557468 42
1718516351228 0.08361202786945361 43
1718516351712 0.1676846196557468 44
1718516352212 0.1676846196557468 45
1718516352662 0.1676846196557468 46
1718516353178 0.5204680143532477 47
1718516353645 0.10271938684661341 48
1718516354130 0.1676846196557468 49
