1718493496384 0.09636363636363636 0
1718493496823 0.12606060606060607 1
1718493497240 0.19696969696969696 2
1718493497652 0.09151515151515152 3
1718493498118 0.09151515151515152 4
1718493498536 0.09151515151515152 5
1718493498953 0.09151515151515152 6
1718493499420 0.10848484848484849 7
1718493499854 0.14 8
1718493500254 0.18363636363636363 9
1718493500687 0.1812121212121212 10
1718493501094 0.10242424242424242 11
1718493501527 0.20303030303030303 12
1718493501943 0.14606060606060606 13
1718493502339 0.09151515151515152 14
1718493502755 0.10848484848484849 15
1718493503156 0.16545454545454547 16
1718493503590 0.20606060606060606 17
1718493504023 0.09151515151515152 18
1718493504441 0.09151515151515152 19
1718493504857 0.1103030303030303 20
1718493505274 0.12484848484848485 21
1718493505691 0.10363636363636364 22
1718493506092 0.19393939393939394 23
1718493506544 0.12545454545454546 24
1718493506992 0.10848484848484849 25
1718493507393 0.10848484848484849 26
1718493507826 0.09151515151515152 27
1718493508242 0.10606060606060606 28
1718493508644 0.2096969696969697 29
1718493509046 0.13696969696969696 30
1718493509494 0.13090909090909092 31
1718493509978 0.18848484848484848 32
1718493510445 0.19333333333333333 33
1718493510879 0.12545454545454546 34
1718493511318 0.18484848484848485 35
1718493511745 0.1103030303030303 36
1718493512163 0.09151515151515152 37
1718493512580 0.1296969696969697 38
1718493512995 0.20424242424242425 39
1718493513417 0.15575757575757576 40
1718493513847 0.10848484848484849 41
1718493514265 0.15212121212121213 42
1718493514698 0.10909090909090909 43
1718493515165 0.12727272727272726 44
1718493515602 0.1684848484848485 45
1718493516033 0.15636363636363637 46
1718493516443 0.16484848484848486 47
1718493516866 0.16242424242424242 48
1718493517316 0.09878787878787879 49
