1718387590403 0.8570529477313098 0
1718387590686 0.8757899053588704 1
1718387590955 0.8941623751455066 2
1718387591223 0.8682018403982862 3
1718387591507 0.8664430056534526 4
1718387591774 0.8612370562479816 5
1718387592051 0.8328322120706873 6
1718387592330 0.8886810139143607 7
1718387592604 0.8728455011604295 8
1718387592865 0.8966262499798131 9
1718387593147 0.852606110677062 10
1718387593430 0.8432850634928701 11
1718387593692 0.8781722370918701 12
1718387593967 0.7942861855792727 13
1718387594227 0.7902626577162278 14
1718387594507 0.8287463334665143 15
1718387594771 0.8655934477871098 16
1718387595067 0.8502067928983915 17
1718387595353 0.8861527892912195 18
1718387595625 0.8507481252723343 19
1718387595929 0.8773228855122984 20
1718387596151 0.8420662370719539 21
1718387596383 0.8737977362134166 22
1718387596621 0.8248294516435352 23
1718387596857 0.8646831011072158 24
1718387597093 0.8741651962799388 25
1718387597341 0.883369762402858 26
1718387597571 0.8744747602355298 27
1718387597811 0.8618876778731511 28
1718387598050 0.8771740524416243 29
1718387598300 0.8661079062936412 30
1718387598554 0.8590645440879436 31
1718387598793 0.8678464567525123 32
1718387599021 0.8678040467062004 33
1718387599251 0.8579663518288771 34
1718387599496 0.8768469106450136 35
1718387599727 0.8622870560107397 36
1718387599962 0.8659163644962715 37
1718387600194 0.8558744107322565 38
1718387600612 0.8645554330064198 39
1718387600840 0.8176549062744437 40
1718387601074 0.8621211203048446 41
1718387601324 0.8587318771271795 42
1718387601575 0.8432133919483603 43
1718387601812 0.9016523035785664 44
1718387602058 0.8892348714319142 45
1718387602288 0.8824490087212075 46
1718387602539 0.8815765706830696 47
1718387602792 0.8641820391872518 48
1718387603021 0.8651998805069864 49
