1718386838919 -0.06262397766113281 0
1718386839265 0.1182096004486084 1
1718386839635 0.08627653121948242 2
1718386839963 0.050342679023742676 3
1718386840296 0.3689988851547241 4
1718386840628 0.09039115905761719 5
1718386840955 0.0045964717864990234 6
1718386841306 0.0750889778137207 7
1718386841637 -0.0973653793334961 8
1718386841967 -0.12738037109375 9
1718386842297 -0.06386017799377441 10
1718386842636 -0.04833579063415527 11
1718386842962 -0.00639033317565918 12
1718386843297 0.2192777395248413 13
1718386843625 0.1672353744506836 14
1718386843950 0.09189391136169434 15
1718386844306 0.5517454147338867 16
1718386844644 -0.22532081604003906 17
1718386845004 0.04077434539794922 18
1718386845389 0.09396648406982422 19
1718386845762 0.0841374397277832 20
1718386846126 0.1349773406982422 21
1718386846562 0.038042545318603516 22
1718386846934 0.06620931625366211 23
1718386847316 0.07594156265258789 24
1718386847690 0.08034491539001465 25
1718386848027 0.08265805244445801 26
1718386848390 0.09996390342712402 27
1718386848713 0.1393427848815918 28
1718386849046 -0.05205082893371582 29
1718386849426 0.03068852424621582 30
1718386849793 0.011979103088378906 31
1718386850148 -0.09581828117370605 32
1718386850491 0.057854652404785156 33
1718386850811 0.09694957733154297 34
1718386851188 0.14053988456726074 35
1718386851613 0.04156649112701416 36
1718386851980 -0.020090818405151367 37
1718386852322 -0.10392570495605469 38
1718386852650 -0.14074468612670898 39
1718386852973 -0.021124601364135742 40
1718386853310 -0.17309093475341797 41
1718386853640 0.04854631423950195 42
1718386853977 0.05894875526428223 43
1718386854322 0.015331029891967773 44
1718386854649 0.03929853439331055 45
1718386854983 -0.12798213958740234 46
1718386855314 0.0007197856903076172 47
1718386855649 -0.1778860092163086 48
1718386855980 -0.15762996673583984 49
