1718492669036 0.10242424242424242 0
1718492669768 0.10242424242424242 1
1718492670535 0.10242424242424242 2
1718492671306 0.10242424242424242 3
1718492672103 0.10242424242424242 4
1718492672887 0.10242424242424242 5
1718492673673 0.10242424242424242 6
1718492674409 0.10242424242424242 7
1718492675190 0.10242424242424242 8
1718492675956 0.10242424242424242 9
1718492676721 0.10242424242424242 10
1718492677507 0.10242424242424242 11
1718492678257 0.10242424242424242 12
1718492679061 0.10242424242424242 13
1718492679842 0.15434554812338325 14
1718492680613 0.10242424242424242 15
1718492681413 0.3797578440940462 16
1718492682194 0.10242424242424242 17
1718492682999 0.10242424242424242 18
1718492683795 0.10242424242424242 19
1718492684629 0.10242424242424242 20
1718492685567 0.10242424242424242 21
1718492686447 0.10242424242424242 22
1718492687347 0.10242424242424242 23
1718492688268 0.10242424242424242 24
1718492689219 0.10242424242424242 25
1718492690098 0.10242424242424242 26
1718492690998 0.10242424242424242 27
1718492691868 0.10242424242424242 28
1718492692689 0.10242424242424242 29
1718492693502 0.10242424242424242 30
1718492694352 0.10242424242424242 31
1718492695153 0.10242424242424242 32
1718492695981 0.10242424242424242 33
1718492696805 0.10242424242424242 34
1718492697677 0.10242424242424242 35
1718492698456 0.10242424242424242 36
1718492699240 0.10242424242424242 37
1718492700007 0.10242424242424242 38
1718492700795 0.10242424242424242 39
1718492701575 0.10242424242424242 40
1718492702442 0.10242424242424242 41
1718492703376 0.10242424242424242 42
1718492704243 0.10242424242424242 43
1718492705118 0.10242424242424242 44
1718492705995 0.10242424242424242 45
1718492706845 0.10242424242424242 46
1718492707746 0.10242424242424242 47
1718492708633 0.10242424242424242 48
1718492709497 0.10242424242424242 49
