1718546819965 nan 0
1718546820332 nan 1
1718546820682 nan 2
1718546821032 nan 3
1718546821368 nan 4
1718546821715 nan 5
1718546822065 nan 6
1718546822547 nan 7
1718546823084 nan 8
1718546823598 nan 9
1718546824151 nan 10
1718546824581 nan 11
1718546825036 nan 12
1718546825514 nan 13
1718546825951 nan 14
1718546826384 nan 15
1718546826843 nan 16
1718546827313 nan 17
1718546827768 nan 18
1718546828201 nan 19
1718546828647 nan 20
1718546829080 nan 21
1718546829566 nan 22
1718546830013 nan 23
1718546830613 nan 24
1718546831063 nan 25
1718546831496 nan 26
1718546831980 nan 27
1718546832437 nan 28
1718546832879 nan 29
1718546833380 nan 30
1718546833879 nan 31
1718546834379 nan 32
1718546834879 nan 33
1718546835346 nan 34
1718546835796 nan 35
1718546836266 nan 36
1718546836712 nan 37
1718546837162 nan 38
1718546837612 nan 39
1718546838095 nan 40
1718546838495 nan 41
1718546838861 nan 42
1718546839211 nan 43
1718546839548 nan 44
1718546839895 nan 45
1718546840245 nan 46
1718546840594 nan 47
1718546840928 nan 48
1718546841294 nan 49
