1718443174662 -1.45013427734375 0
1718443178844 -0.03173828125 1
1718443182987 8.268085479736328 2
1718443187293 -0.036612510681152344 3
1718443191725 70.483154296875 4
1718443196041 -0.031783103942871094 5
1718443200523 0.5858154296875 6
1718443205406 -0.03531837463378906 7
1718443210558 -0.031617164611816406 8
1718443215554 83.56806182861328 9
1718443220468 -0.03532123565673828 10
1718443225052 -1.80792236328125 11
1718443229216 -1.8079833984375 12
1718443233291 -0.03393840789794922 13
1718443237366 14.020355224609375 14
1718443241535 -24.149017333984375 15
1718443245632 -0.97406005859375 16
1718443249780 15.159393310546875 17
1718443253896 -26.422607421875 18
1718443257962 -0.03379249572753906 19
1718443262094 -0.033835411071777344 20
1718443266960 -1.933837890625 21
1718443271842 -0.89990234375 22
1718443276808 -0.027606964111328125 23
1718443281627 -1.816192626953125 24
1718443285973 -0.03159523010253906 25
1718443290039 -0.03178691864013672 26
1718443294138 -1.2684326171875 27
1718443298320 -1.80792236328125 28
1718443302420 -0.03394031524658203 29
1718443306538 -0.031722068786621094 30
1718443310653 -36.832916259765625 31
1718443314751 -12.594451904296875 32
1718443318949 80.36004638671875 33
1718443323286 -1.80792236328125 34
1718443327931 -1.80792236328125 35
1718443332597 -0.035355567932128906 36
1718443337414 -0.005892753601074219 37
1718443342262 -1.8082275390625 38
1718443346595 0.6254119873046875 39
1718443350690 -1.80792236328125 40
1718443354759 -0.031787872314453125 41
1718443358842 -0.03178691864013672 42
1718443362908 -0.87548828125 43
1718443366956 -1.737030029296875 44
1718443371058 -0.919586181640625 45
1718443375289 -0.8355712890625 46
1718443379371 -0.033936500549316406 47
1718443383823 55.390167236328125 48
1718443388736 -0.03059673309326172 49
