1718382320502 0.18757987022399902 0
1718382320859 0.09018838405609131 1
1718382321190 0.2050771713256836 2
1718382321497 0.23669981956481934 3
1718382321819 -0.07372462749481201 4
1718382322124 -0.06849288940429688 5
1718382322435 0.07121074199676514 6
1718382322756 0.06631278991699219 7
1718382323060 0.1261119842529297 8
1718382323360 0.18192410469055176 9
1718382323670 0.24652433395385742 10
1718382323979 0.18886423110961914 11
1718382324288 0.2743959426879883 12
1718382324604 0.3269069194793701 13
1718382324914 0.3154296875 14
1718382325220 0.4114614725112915 15
1718382325525 0.4162874221801758 16
1718382325859 0.3291381597518921 17
1718382326168 0.14528679847717285 18
1718382326468 0.3299884796142578 19
1718382326794 0.1776597499847412 20
1718382327114 -0.019921064376831055 21
1718382327436 0.03715932369232178 22
1718382327769 0.2692992687225342 23
1718382328094 -0.0055849552154541016 24
1718382328417 0.14827442169189453 25
1718382328739 0.20508408546447754 26
1718382329064 0.20280992984771729 27
1718382329386 0.18424201011657715 28
1718382329718 0.14413142204284668 29
1718382330028 0.2604771852493286 30
1718382330346 0.19478702545166016 31
1718382330662 0.2819392681121826 32
1718382331019 0.32084953784942627 33
1718382331331 0.07673430442810059 34
1718382331645 0.09452700614929199 35
1718382331995 0.4366731643676758 36
1718382332330 0.32290351390838623 37
1718382332651 0.5964215993881226 38
1718382332978 0.44393491744995117 39
1718382333292 -0.7058517932891846 40
1718382333611 0.06009531021118164 41
1718382333938 0.210516095161438 42
1718382334252 0.003437042236328125 43
1718382334571 0.4149564504623413 44
1718382334897 0.2407602071762085 45
1718382335211 -0.009126424789428711 46
1718382335537 0.06835579872131348 47
1718382335865 0.1177222728729248 48
1718382336176 0.10789179801940918 49
