1718387461285 0.8810123476427322 0
1718387461514 0.8860928787259432 1
1718387461747 0.894981283568489 2
1718387461989 0.8979368891653988 3
1718387462278 0.8885776558646548 4
1718387462607 0.8806401502484811 5
1718387463119 0.8898127833750671 6
1718387463419 0.8916469677771683 7
1718387463718 0.8860096759175335 8
1718387463980 0.8952972280988217 9
1718387464260 0.8737555704941243 10
1718387464528 0.8769565757680502 11
1718387464791 0.8603344286726361 12
1718387465077 0.8434618336973105 13
1718387465351 0.808416859149566 14
1718387465617 0.8365354268112416 15
1718387465896 0.8613284839614271 16
1718387466193 0.8766324804803233 17
1718387466464 0.8724917954148055 18
1718387466739 0.8759863327300824 19
1718387467003 0.8798868206680408 20
1718387467274 0.8865728075790591 21
1718387467547 0.8682139296518803 22
1718387467839 0.9015036600818229 23
1718387468130 0.8927275905162446 24
1718387468412 0.8948263498257482 25
1718387468678 0.8974510565037342 26
1718387468946 0.8884103820777144 27
1718387469391 0.8807042757036779 28
1718387469672 0.8742470002454716 29
1718387469952 0.8666713633322198 30
1718387470228 0.868955632521065 31
1718387470527 0.8751484662213538 32
1718387470798 0.889964120223789 33
1718387471083 0.8825564227256762 34
1718387471362 0.871342752871104 35
1718387471644 0.8740263444324022 36
1718387471917 0.8885581465194284 37
1718387472191 0.883117114892691 38
1718387472474 0.872581950427442 39
1718387472746 0.882340058363883 40
1718387473022 0.8537246437587019 41
1718387473313 0.8766722660592728 42
1718387473578 0.883215801105293 43
1718387473847 0.8646852046016102 44
1718387474113 0.8948582229228924 45
1718387474400 0.8775065147045619 46
1718387474678 0.8803261167644097 47
1718387474950 0.8867963523659954 48
1718387475422 0.886261087122671 49
