1718516261135 0.1676846196557468 0
1718516261599 0.1676846196557468 1
1718516262017 0.1676846196557468 2
1718516262450 0.18681318681318682 3
1718516262896 0.1676846196557468 4
1718516263334 0.1375516399691543 5
1718516263763 0.18681318681318682 6
1718516264196 0.1676846196557468 7
1718516264646 0.07677104377104377 8
1718516265112 0.1676846196557468 9
1718516265565 0.1676846196557468 10
1718516265999 0.1676846196557468 11
1718516266431 0.1676846196557468 12
1718516266862 0.1676846196557468 13
1718516267295 0.1676846196557468 14
1718516267695 0.12438828721923005 15
1718516268132 0.1676846196557468 16
1718516268565 0.16870144284128746 17
1718516269011 0.1676846196557468 18
1718516269430 0.1858163826278175 19
1718516269878 0.1676846196557468 20
1718516270328 0.1676846196557468 21
1718516270744 0.1676846196557468 22
1718516271178 0.1676846196557468 23
1718516271611 0.1858163826278175 24
1718516272061 0.1676846196557468 25
1718516272513 0.1676846196557468 26
1718516272947 0.1676846196557468 27
1718516273379 0.1676846196557468 28
1718516273794 0.1676846196557468 29
1718516274197 0.1676846196557468 30
1718516274610 0.1676846196557468 31
1718516275027 0.1676846196557468 32
1718516275460 0.1676846196557468 33
1718516275893 0.1676846196557468 34
1718516276312 0.1676846196557468 35
1718516276726 0.1676846196557468 36
1718516277160 0.1676846196557468 37
1718516277593 0.1676846196557468 38
1718516278026 0.1676846196557468 39
1718516278444 0.1676846196557468 40
1718516278863 0.10627574590150266 41
1718516279276 0.1676846196557468 42
1718516279693 0.1676846196557468 43
1718516280126 0.1676846196557468 44
1718516280561 0.18681318681318682 45
1718516280976 0.1676846196557468 46
1718516281392 0.1676846196557468 47
1718516281821 0.1676846196557468 48
1718516282275 0.1676846196557468 49
