1718381756462 0.4797101449275362 0
1718381756847 0.42231134878193705 1
1718381757182 0.22745508459794173 2
1718381757512 0.20512820512820515 3
1718381757847 0.4975198412698412 4
1718381758168 0.46333410834689603 5
1718381758495 0.4031877213695395 6
1718381758828 0.37899877899877904 7
1718381759155 0.42811355311355304 8
1718381759480 0.09099264705882353 9
1718381759814 0.19117647058823528 10
1718381760159 0.4326923076923077 11
1718381760490 0.46554621848739497 12
1718381760828 0.33015873015873015 13
1718381761161 0.5045238095238095 14
1718381761485 0.2894736842105263 15
1718381761832 0.4119971264367816 16
1718381762158 0.46507936507936504 17
1718381762614 0.43333333333333335 18
1718381763056 0.3486291486291486 19
1718381763458 0.4227150537634408 20
1718381763854 0.4571428571428572 21
1718381764248 0.49107142857142855 22
1718381764646 0.24613899613899615 23
1718381765017 0.5181171319102353 24
1718381765391 0.37581168831168826 25
1718381765809 0.27142857142857146 26
1718381766195 0.4237771739130435 27
1718381766582 0.3913461538461539 28
1718381766971 0.1636363636363636 29
1718381767358 0.20444444444444446 30
1718381767728 0.15891710628552735 31
1718381768103 0.40441666666666665 32
1718381768498 0.429254955570745 33
1718381768884 0.5715084915084916 34
1718381769276 0.4999055864044422 35
1718381769683 0.3878787878787879 36
1718381770062 0.383116883116883 37
1718381770440 0.3160112402217666 38
1718381770814 0.3540792540792541 39
1718381771194 0.3737281237281238 40
1718381771559 0.23209876543209879 41
1718381771944 0.20101010101010097 42
1718381772408 0.3143790849673203 43
1718381772757 0.3055555555555556 44
1718381773077 0.13392857142857142 45
1718381773397 0.5059808612440191 46
1718381773770 0.29051724137931034 47
1718381774088 0.13714285714285712 48
1718381774413 0.47058823529411764 49
