1718523364098 0.09151515151515152 0
1718523365132 0.09151515151515152 1
1718523366165 0.09151515151515152 2
1718523367164 0.09151515151515152 3
1718523368164 0.3618587019179099 4
1718523369197 0.2802153080469152 5
1718523370217 0.09151515151515152 6
1718523371214 0.5523713340881183 7
1718523372147 0.10303030303030303 8
1718523373097 0.09151515151515152 9
1718523374148 0.09151515151515152 10
1718523375113 0.09151515151515152 11
1718523376013 0.09151515151515152 12
1718523376997 0.09151515151515152 13
1718523377814 0.09151515151515152 14
1718523378640 0.04098334136188141 15
1718523379444 0.09151515151515152 16
1718523380245 0.09151515151515152 17
1718523381078 0.09151515151515152 18
1718523381882 0.08702784128978351 19
1718523382678 0.09151515151515152 20
1718523383529 0.09151515151515152 21
1718523384344 0.09575757575757576 22
1718523385161 0.09151515151515152 23
1718523386011 0.09151515151515152 24
1718523386777 0.09151515151515152 25
1718523387777 0.6606385475931038 26
1718523388561 0.09151515151515152 27
1718523389380 0.09151515151515152 28
1718523390293 0.10242424242424242 29
1718523391196 0.12605739246802067 30
1718523392059 0.3969635842959695 31
1718523392876 0.09151515151515152 32
1718523393713 0.09151515151515152 33
1718523394492 0.09151515151515152 34
1718523395318 0.09575757575757576 35
1718523396140 0.5403473708796911 36
1718523396942 0.05394263156279009 37
1718523397761 0.11638387297633872 38
1718523398592 0.46623065973388217 39
1718523399429 0.09151515151515152 40
1718523400295 0.09151515151515152 41
1718523401201 0.09151515151515152 42
1718523402141 0.09151515151515152 43
1718523402978 0.09212121212121212 44
1718523403760 0.09151515151515152 45
1718523404593 0.09151515151515152 46
1718523405407 0.09151515151515152 47
1718523406193 0.09151515151515152 48
1718523407003 0.09151515151515152 49
