1718500652388 -0.846705280739708 0
1718500653323 0.09345174676851142 1
1718500654156 -0.2352962515328274 2
1718500655024 -0.5798109155308331 3
1718500655875 -0.6026536859790967 4
1718500656709 -0.8393217514592131 5
1718500657527 -0.9411085664632903 6
1718500658360 -1.1682882684757674 7
1718500659160 -2.1044336932916443 8
1718500660011 -0.12888759437970343 9
1718500660845 -0.22553981377602916 10
1718500661695 -0.9485733635902189 11
1718500662630 -3.671173001240646e-05 12
1718500663514 0.35329119969632794 13
1718500664365 -1.331640052531219 14
1718500665166 0.009399650283983263 15
1718500665983 0.28957101794348095 16
1718500666799 -2.4911741831759855 17
1718500667600 0.2900634665717803 18
1718500668418 -0.12007763174420161 19
1718500669234 -0.4812301319279535 20
1718500670052 -1.072548055503229 21
1718500670852 -2.190415330854599 22
1718500671688 -0.11342825112112065 23
1718500672487 0.18826597721422456 24
1718500673304 -0.2522108962852889 25
1718500674138 -0.9338409530394003 26
1718500674989 -0.07259832714165748 27
1718500675790 -0.9396890906228679 28
1718500676675 0.060688737222157396 29
1718500677591 -0.48799774800151363 30
1718500678475 -0.6174873231709248 31
1718500679343 -0.9699594868302399 32
1718500680259 0.05590752222752604 33
1718500681143 -0.27593121838375545 34
1718500681977 -0.5274930708228278 35
1718500682927 -0.5500062030804531 36
1718500683862 -0.4727211184277351 37
1718500684763 -1.6286038419797055 38
1718500685830 0.20727783926791687 39
1718500686764 0.2787562218902875 40
1718500687699 -1.1152006247123407 41
1718500688616 -2.2880431559764114 42
1718500689700 -0.1327803466908808 43
1718500690617 -1.669503108212873 44
1718500691551 -0.11931937513767688 45
1718500692535 -2.1308822699501095 46
1718500693537 -3.9004849574647844 47
1718500694470 -0.21307827537009105 48
1718500695271 -0.5416938756208838 49
