1718526835815 1.0 0
1718526840664 1.0 1
1718526846146 1.0 2
1718526851795 1.0 3
1718526857377 1.0 4
1718526862343 1.0 5
1718526867276 1.0 6
1718526872258 0.49834983498349833 7
1718526877040 1.0 8
1718526881856 1.0 9
1718526886805 1.0 10
1718526891591 1.0 11
1718526896456 0.45454545454545453 12
1718526901419 1.0 13
1718526907153 1.0 14
1718526912767 1.0 15
1718526918154 1.0 16
1718526922965 1.0 17
1718526927847 1.0 18
1718526932679 1.0 19
1718526937665 1.0 20
1718526942561 1.0 21
1718526947426 1.0 22
1718526952330 1.0 23
1718526957175 1.0 24
1718526962101 1.0 25
1718526968222 1.0 26
1718526973955 1.0 27
1718526979220 1.0 28
1718526984084 1.0 29
1718526988902 1.0 30
1718526994001 1.0 31
1718526998900 1.0 32
1718527003751 1.0 33
1718527008518 1.0 34
1718527013380 1.0 35
1718527018346 1.0 36
1718527023461 1.0 37
1718527029144 1.0 38
1718527034762 1.0 39
1718527039876 1.0 40
1718527044693 1.0 41
1718527049696 1.0 42
1718527054555 1.0 43
1718527059388 1.0 44
1718527064320 1.0 45
1718527069136 1.0 46
1718527074035 1.0 47
1718527078784 1.0 48
1718527083983 1.0 49
