1718410805899 6.4847259521484375 0
1718410811431 0.7150912284851074 1
1718410816980 7.022184371948242 2
1718410822229 0.9676008224487305 3
1718410826961 -1.2494187355041504 4
1718410831660 3.1888837814331055 5
1718410836376 -2.4673707485198975 6
1718410841027 4.305458068847656 7
1718410845974 12.272500991821289 8
1718410850857 -9.707601547241211 9
1718410855772 4.064870834350586 10
1718410860555 -16.1903133392334 11
1718410866020 3.0558767318725586 12
1718410871702 -0.17865371704101562 13
1718410877285 5.826555252075195 14
1718410882550 -14.539474487304688 15
1718410887233 -18.54060173034668 16
1718410891982 12.458740234375 17
1718410896607 -0.22468852996826172 18
1718410901263 5.286437034606934 19
1718410906012 25.072580337524414 20
1718410910661 11.953564643859863 21
1718410915310 1.0306525230407715 22
1718410920043 -1.7992539405822754 23
1718410925192 15.99112319946289 24
1718410930657 -8.467262268066406 25
1718410936256 7.373695373535156 26
1718410941622 1.3789260387420654 27
1718410946271 20.624996185302734 28
1718410950936 -4.747183322906494 29
1718410955621 3.7652602195739746 30
1718410960268 0.04020547866821289 31
1718410964951 9.996776580810547 32
1718410969651 18.351970672607422 33
1718410974315 -0.8273782730102539 34
1718410979048 5.487063407897949 35
1718410984020 1.0059642791748047 36
1718410989529 17.14480972290039 37
1718410995195 10.134474754333496 38
1718411000744 -23.469253540039062 39
1718411005459 21.896581649780273 40
1718411010125 16.403589248657227 41
1718411014822 0.20198726654052734 42
1718411019607 0.5874581336975098 43
1718411024256 8.070169448852539 44
1718411028905 6.478837013244629 45
1718411033554 7.695575714111328 46
1718411038220 5.597840309143066 47
1718411043069 -0.7771120071411133 48
1718411048701 -26.58627700805664 49
