1718380207493 0.6666666666666666 0
1718380208275 0.6666666666666666 1
1718380209083 0.4 2
1718380209853 0.6666666666666666 3
1718380210627 0.0 4
1718380211409 0.6666666666666666 5
1718380212097 0.0 6
1718380212759 0.6666666666666666 7
1718380213446 0.4444444444444444 8
1718380214137 1.0 9
1718380214810 0.5 10
1718380215511 0.6666666666666666 11
1718380216211 0.0 12
1718380216908 0.0 13
1718380217611 0.0 14
1718380218307 0.0 15
1718380218994 0.4 16
1718380219683 0.4 17
1718380220369 0.4 18
1718380221056 0.0 19
1718380221737 0.0 20
1718380222439 0.0 21
1718380223125 0.0 22
1718380223789 0.0 23
1718380224458 0.3333333333333333 24
1718380225132 0.0 25
1718380225808 0.3333333333333333 26
1718380226477 0.3333333333333333 27
1718380227155 0.3333333333333333 28
1718380227816 0.3333333333333333 29
1718380228488 0.3333333333333333 30
1718380229154 0.0 31
1718380229818 0.0 32
1718380230533 1.0 33
1718380231203 0.0 34
1718380231864 1.0 35
1718380232538 1.0 36
1718380233215 0.0 37
1718380233877 0.0 38
1718380234547 0.0 39
1718380235217 0.0 40
1718380235875 0.0 41
1718380236551 0.0 42
1718380237234 0.0 43
1718380237906 0.3333333333333333 44
1718380238599 0.0 45
1718380239288 0.0 46
1718380239943 0.0 47
1718380240616 0.6666666666666666 48
1718380241282 0.0 49
