1718514153842 -1.6041979578324916 0
1718514156362 7.711338472806042 1
1718514158884 3.3711949263987533 2
1718514161414 1.2348751523343235 3
1718514164051 0.29902046705425 4
1718514166601 7.898409598488318 5
1718514169088 -16.17744446700358 6
1718514171623 7.365344318675133 7
1718514174141 8.14347343403562 8
1718514176710 7.397897994577384 9
1718514179239 4.524910120377155 10
1718514181797 -4.298497859780186 11
1718514185016 7.654583780732292 12
1718514188422 7.1532923314925485 13
1718514191590 -14.070697581064117 14
1718514194157 1.4442985566193745 15
1718514196742 3.378201210482728 16
1718514199360 -14.44875617224788 17
1718514201942 7.209755405871267 18
1718514204481 7.124071511200839 19
1718514207066 -14.97033955943644 20
1718514209685 7.452953814710399 21
1718514212223 -8.664583237315162 22
1718514214771 -8.521448368186167 23
1718514217307 5.319462285333063 24
1718514219859 1.9219407478569526 25
1718514222394 -14.622902784622347 26
1718514224979 -3.4687472261742798 27
1718514227548 -2.392320014837008 28
1718514230083 -2.429421380856338 29
1718514232777 7.3464229118553845 30
1718514235381 -13.722688520552673 31
1718514237942 -1.7465681076413002 32
1718514240524 -0.5160590658207074 33
1718514243410 -4.78454415282949 34
1718514246762 -0.5229975071414064 35
1718514250098 2.7367011033099455 36
1718514252984 -1.6404857116561367 37
1718514255586 7.374831413023593 38
1718514258137 -5.752582625951014 39
1718514260706 -16.389336705976714 40
1718514263225 -9.023660538746258 41
1718514265743 6.327325233141185 42
1718514268262 -6.878635111156818 43
1718514270731 7.817300451425595 44
1718514273249 7.564756246764071 45
1718514275784 1.7399076704746683 46
1718514278353 8.459998759620678 47
1718514280874 2.314229075481796 48
1718514283373 7.484782525034046 49
