1718514153876 0.10242424242424242 0
1718514156395 0.10242424242424242 1
1718514158913 0.10242424242424242 2
1718514161449 0.10242424242424242 3
1718514164101 0.10242424242424242 4
1718514166638 0.10242424242424242 5
1718514169138 0.10242424242424242 6
1718514171657 0.10242424242424242 7
1718514174175 0.10242424242424242 8
1718514176760 0.10242424242424242 9
1718514179279 0.10242424242424242 10
1718514181844 0.10242424242424242 11
1718514185086 0.10242424242424242 12
1718514188483 0.10242424242424242 13
1718514191641 0.10242424242424242 14
1718514194206 0.10242424242424242 15
1718514196792 0.10242424242424242 16
1718514199397 0.10242424242424242 17
1718514201979 0.10242424242424242 18
1718514204514 0.10242424242424242 19
1718514207100 0.10242424242424242 20
1718514209718 0.10242424242424242 21
1718514212269 0.10242424242424242 22
1718514214805 0.10242424242424242 23
1718514217340 0.10848484848484848 24
1718514219892 0.10242424242424242 25
1718514222428 0.10242424242424242 26
1718514225032 0.10242424242424242 27
1718514227597 0.10242424242424242 28
1718514230133 0.10242424242424242 29
1718514232802 0.10242424242424242 30
1718514235421 0.10242424242424242 31
1718514237992 0.10242424242424242 32
1718514240561 0.10242424242424242 33
1718514243477 0.10242424242424242 34
1718514246812 0.10242424242424242 35
1718514250148 0.10242424242424242 36
1718514253017 0.10242424242424242 37
1718514255636 0.10242424242424242 38
1718514258192 0.10242424242424242 39
1718514260740 0.10242424242424242 40
1718514263258 0.10242424242424242 41
1718514265780 0.10242424242424242 42
1718514268312 0.10242424242424242 43
1718514270764 0.10242424242424242 44
1718514273282 0.10242424242424242 45
1718514275820 0.10242424242424242 46
1718514278405 0.10242424242424242 47
1718514280920 0.10242424242424242 48
1718514283406 0.10242424242424242 49
