1718510443158 0.10242424242424242 0
1718510444059 0.10242424242424242 1
1718510444960 0.10242424242424242 2
1718510445827 0.10242424242424242 3
1718510446695 0.10242424242424242 4
1718510447595 0.10242424242424242 5
1718510448479 0.10242424242424242 6
1718510449347 0.10242424242424242 7
1718510450214 0.10242424242424242 8
1718510451098 0.10242424242424242 9
1718510451986 0.10242424242424242 10
1718510452849 0.10242424242424242 11
1718510453750 0.10242424242424242 12
1718510454634 0.10242424242424242 13
1718510455518 0.10242424242424242 14
1718510456417 0.10242424242424242 15
1718510457274 0.10242424242424242 16
1718510458136 0.10242424242424242 17
1718510459054 0.10242424242424242 18
1718510459938 0.10242424242424242 19
1718510460805 0.10242424242424242 20
1718510461706 0.10242424242424242 21
1718510462740 0.10242424242424242 22
1718510463828 0.10242424242424242 23
1718510464925 0.10242424242424242 24
1718510466009 0.10242424242424242 25
1718510467093 0.10242424242424242 26
1718510468111 0.10242424242424242 27
1718510469145 0.10242424242424242 28
1718510470112 0.10242424242424242 29
1718510471134 0.10242424242424242 30
1718510472133 0.10242424242424242 31
1718510473130 0.10242424242424242 32
1718510474148 0.10242424242424242 33
1718510475132 0.10242424242424242 34
1718510476050 0.10242424242424242 35
1718510476967 0.10242424242424242 36
1718510477868 0.10242424242424242 37
1718510478852 0.10242424242424242 38
1718510479770 0.10242424242424242 39
1718510480637 0.10242424242424242 40
1718510481521 0.10242424242424242 41
1718510482383 0.10242424242424242 42
1718510483255 0.10242424242424242 43
1718510484139 0.10242424242424242 44
1718510485009 0.10242424242424242 45
1718510485893 0.10303030303030303 46
1718510486808 0.10242424242424242 47
1718510487699 0.10242424242424242 48
1718510488600 0.10242424242424242 49
