1718439335488 0.1 0
1718439335722 0.11791044776119403 1
1718439335967 0.11044776119402985 2
1718439336222 0.1 3
1718439336437 0.11194029850746269 4
1718439336684 0.11044776119402985 5
1718439337129 0.11791044776119403 6
1718439337334 0.09253731343283582 7
1718439337567 0.11791044776119403 8
1718439337818 0.11194029850746269 9
1718439338037 0.11044776119402985 10
1718439338254 0.0955223880597015 11
1718439338483 0.11194029850746269 12
1718439338716 0.11044776119402985 13
1718439338933 0.1044776119402985 14
1718439339150 0.11194029850746269 15
1718439339368 0.1 16
1718439339600 0.11791044776119403 17
1718439339833 0.11194029850746269 18
1718439340052 0.1 19
1718439340266 0.10597014925373134 20
1718439340486 0.11791044776119403 21
1718439340733 0.1 22
1718439340952 0.11044776119402985 23
1718439341183 0.11791044776119403 24
1718439341399 0.1 25
1718439341633 0.1 26
1718439341866 0.11791044776119403 27
1718439342103 0.1 28
1718439342333 0.11044776119402985 29
1718439342599 0.09850746268656717 30
1718439342853 0.11791044776119403 31
1718439343099 0.11044776119402985 32
1718439343366 0.09402985074626866 33
1718439343582 0.11791044776119403 34
1718439343820 0.1 35
1718439344050 0.1 36
1718439344320 0.11791044776119403 37
1718439344553 0.09402985074626866 38
1718439344799 0.11194029850746269 39
1718439345032 0.09402985074626866 40
1718439345249 0.11791044776119403 41
1718439345466 0.11194029850746269 42
1718439345699 0.11044776119402985 43
1718439345936 0.1 44
1718439346181 0.09402985074626866 45
1718439346399 0.11044776119402985 46
1718439346633 0.11194029850746269 47
1718439346865 0.11791044776119403 48
1718439347098 0.11044776119402985 49
