1718439335467 1.8027000427246094 0
1718439335684 2.4225540161132812 1
1718439335951 -1.3815898895263672 2
1718439336195 1.9759979248046875 3
1718439336426 1.7895469665527344 4
1718439336655 -2.8076486587524414 5
1718439337100 9.515764236450195 6
1718439337322 3.2699952125549316 7
1718439337534 -4.494893550872803 8
1718439337785 -2.0962705612182617 9
1718439338020 3.2639527320861816 10
1718439338233 3.8925490379333496 11
1718439338450 -2.4672603607177734 12
1718439338683 -6.1251068115234375 13
1718439338900 8.149357795715332 14
1718439339131 -13.178055763244629 15
1718439339350 6.8177947998046875 16
1718439339583 -5.304771423339844 17
1718439339800 0.31167125701904297 18
1718439340033 11.49859619140625 19
1718439340250 0.741396427154541 20
1718439340466 -7.7309722900390625 21
1718439340703 -4.884087562561035 22
1718439340933 6.432171821594238 23
1718439341166 1.046370506286621 24
1718439341383 -2.914870262145996 25
1718439341599 6.079000473022461 26
1718439341833 0.8375999927520752 27
1718439342066 -3.32645845413208 28
1718439342300 3.6212897300720215 29
1718439342568 -2.2104339599609375 30
1718439342830 -0.781496524810791 31
1718439343085 -14.174949645996094 32
1718439343332 4.7791290283203125 33
1718439343566 -0.7588691711425781 34
1718439343800 4.612905502319336 35
1718439344034 7.714704513549805 36
1718439344282 -2.1679043769836426 37
1718439344532 0.4171485900878906 38
1718439344770 2.587157964706421 39
1718439344999 -7.555428504943848 40
1718439345228 -11.205830574035645 41
1718439345447 -0.9417667388916016 42
1718439345666 12.06157398223877 43
1718439345916 -4.351744651794434 44
1718439346153 2.638225555419922 45
1718439346382 8.801775932312012 46
1718439346616 -9.238836288452148 47
1718439346849 -0.8343706130981445 48
1718439347082 9.872600555419922 49
