1718494915893 1.0 0
1718494920713 1.0 1
1718494925951 1.0 2
1718494931054 1.0 3
1718494936040 1.0 4
1718494940812 1.0 5
1718494945585 0.45151515151515154 6
1718494950552 1.0 7
1718494955361 0.25412541254125415 8
1718494960196 1.0 9
1718494965037 1.0 10
1718494969834 1.0 11
1718494974688 1.0 12
1718494979560 1.0 13
1718494985030 1.0 14
1718494990098 1.0 15
1718494995120 0.46060606060606063 16
1718494999897 1.0 17
1718495004818 1.0 18
1718495009632 1.0 19
1718495014417 0.5115511551155115 20
1718495019454 0.6909090909090909 21
1718495024381 1.0 22
1718495029378 1.0 23
1718495034198 1.0 24
1718495039035 1.0 25
1718495044071 1.0 26
1718495049361 1.0 27
1718495054411 1.0 28
1718495059183 1.0 29
1718495064037 1.0 30
1718495068824 1.0 31
1718495073579 1.0 32
1718495078314 1.0 33
1718495083235 1.0 34
1718495088277 1.0 35
1718495093194 1.0 36
1718495098017 1.0 37
1718495102938 1.0 38
1718495108387 1.0 39
1718495113494 1.0 40
1718495118294 1.0 41
1718495123416 1.0 42
1718495128233 1.0 43
1718495133072 1.0 44
1718495137827 1.0 45
1718495142640 1.0 46
1718495147515 1.0 47
1718495152238 1.0 48
1718495156977 1.0 49
