1718433943565 6.685514450073242 0
1718433944295 2.424461603164673 1
1718433945032 1.612567663192749 2
1718433945695 1.6596078872680664 3
1718433946361 -4.652038097381592 4
1718433947023 -2.502450466156006 5
1718433947680 -1.7838551998138428 6
1718433948344 3.4915294647216797 7
1718433949011 2.1944308280944824 8
1718433949711 -1.8578243255615234 9
1718433950410 -7.687674522399902 10
1718433951248 -2.368711471557617 11
1718433951943 -3.468870162963867 12
1718433952647 -0.8873500823974609 13
1718433953397 2.8794467449188232 14
1718433954093 -5.064543724060059 15
1718433954794 -6.046974182128906 16
1718433955528 5.168769836425781 17
1718433956227 -6.005667686462402 18
1718433956913 -2.4735450744628906 19
1718433957609 -9.646566390991211 20
1718433958342 -1.0817065238952637 21
1718433959042 -8.727070808410645 22
1718433959726 2.363128662109375 23
1718433960408 1.3036737442016602 24
1718433961081 -1.6790270805358887 25
1718433961758 -6.419422149658203 26
1718433962560 -6.4995880126953125 27
1718433963425 7.446724891662598 28
1718433964295 -0.06023883819580078 29
1718433965107 -7.2591962814331055 30
1718433965925 -0.21904420852661133 31
1718433966774 -0.9077959060668945 32
1718433967607 -5.85469913482666 33
1718433968425 -1.4529647827148438 34
1718433969261 1.5005245208740234 35
1718433970090 -8.203840255737305 36
1718433970927 -7.0412445068359375 37
1718433971760 -1.7389183044433594 38
1718433972573 -3.0033626556396484 39
1718433973376 2.502182960510254 40
1718433974139 -0.9662487506866455 41
1718433974962 -2.261399984359741 42
1718433975805 0.25754690170288086 43
1718433976593 -0.9092106819152832 44
1718433977359 -3.598134994506836 45
1718433978138 1.2701153755187988 46
1718433978888 2.456207275390625 47
1718433979661 -1.7794647216796875 48
1718433980471 -6.68269681930542 49
