1718511029316 2.3898098512932107 0
1718511029838 2.351810022636696 1
1718511030313 2.3983945382965937 2
1718511030802 2.4890999529096813 3
1718511031264 2.405009053371571 4
1718511031714 2.4108110577971846 5
1718511032181 2.439726741225631 6
1718511032672 2.667106208977876 7
1718511033149 2.4035625678521617 8
1718511033614 2.3397353755103216 9
1718511034087 2.4529698954688177 10
1718511034566 2.4598289374951965 11
1718511035017 2.4491708366959184 12
1718511035500 2.8485706779691906 13
1718511035967 2.3992105987336902 14
1718511036451 2.39945258696874 15
1718511036905 2.3898577645972923 16
1718511037406 2.506501414157726 17
1718511037902 2.444589023236875 18
1718511038374 2.4537017654489586 19
1718511038820 2.39954615522314 20
1718511039307 2.5493767614717835 21
1718511039787 2.505687157313029 22
1718511040280 2.4354107777277627 23
1718511040738 3.2097361705921315 24
1718511041255 2.8278971954628274 25
1718511041725 3.979421447824549 26
1718511042155 2.557806240187751 27
1718511042639 2.570274070457176 28
1718511043121 2.792398896482256 29
1718511043590 2.486085149976942 30
1718511044060 2.59162974357605 31
1718511044522 2.341297498455754 32
1718511045027 3.2948224235464028 33
1718511045499 2.3446224751295865 34
1718511045975 3.0756004165720054 35
1718511046425 2.3753001513304532 36
1718511046909 2.3873669041527643 37
1718511047376 2.40485006791574 38
1718511047843 2.3611676383901528 39
1718511048314 2.610582603348626 40
1718511048794 2.3622901527969926 41
1718511049261 2.504094225388986 42
1718511049744 2.340361988102948 43
1718511050211 3.6324207606139005 44
1718511050695 2.5733172628614636 45
1718511051162 2.4755650758743286 46
1718511051646 2.4638119803534613 47
1718511052138 2.9106824972011425 48
1718511052581 2.4930999720538103 49
