1718532734257 1.0 0
1718532734828 1.0 1
1718532735371 1.0 2
1718532735921 1.0 3
1718532736654 1.0 4
1718532737191 1.0 5
1718532737738 1.0 6
1718532738287 1.0 7
1718532738787 1.0 8
1718532739270 1.0 9
1718532739739 1.0 10
1718532740203 1.0 11
1718532740686 1.0 12
1718532741186 1.0 13
1718532741670 1.0 14
1718532742153 1.0 15
1718532742636 1.0 16
1718532743169 1.0 17
1718532743636 1.0 18
1718532744136 1.0 19
1718532744685 1.0 20
1718532745185 1.0 21
1718532745652 1.0 22
1718532746102 1.0 23
1718532746619 1.0 24
1718532747104 1.0 25
1718532747568 1.0 26
1718532748101 1.0 27
1718532748588 1.0 28
1718532749068 1.0 29
1718532749533 1.0 30
1718532750018 1.0 31
1718532750484 1.0 32
1718532750984 1.0 33
1718532751501 1.0 34
1718532751984 1.0 35
1718532752517 1.0 36
1718532753017 1.0 37
1718532753486 1.0 38
1718532753967 1.0 39
1718532754452 1.0 40
1718532754917 1.0 41
1718532755366 1.0 42
1718532755867 1.0 43
1718532756357 1.0 44
1718532756833 1.0 45
1718532757353 1.0 46
1718532757857 1.0 47
1718532758358 1.0 48
1718532758816 1.0 49
