1718392112235 -0.24741673469543457 0
1718392112588 -0.24874353408813477 1
1718392112948 -0.24974346160888672 2
1718392113333 -0.25051426887512207 3
1718392113680 -0.25112438201904297 4
1718392114051 -0.2516183853149414 5
1718392114396 -0.252028226852417 6
1718392114746 -0.25237512588500977 7
1718392115105 -0.25267481803894043 8
1718392115455 -0.25293850898742676 9
1718392115809 -0.2531735897064209 10
1718392116179 -0.2533864974975586 11
1718392116535 -0.25357961654663086 12
1718392116893 -0.25375819206237793 13
1718392117263 -0.2539236545562744 14
1718392117620 -0.2540762424468994 15
1718392118115 -0.25422024726867676 16
1718392118588 -0.25435328483581543 17
1718392119078 -0.25447940826416016 18
1718392119488 -0.25459718704223633 19
1718392119913 -0.25470733642578125 20
1718392120339 -0.25481104850769043 21
1718392120722 -0.25490808486938477 22
1718392121099 -0.25499987602233887 23
1718392121481 -0.25508618354797363 24
1718392121872 -0.25516676902770996 25
1718392122531 -0.25524210929870605 26
1718392123146 -0.2553126811981201 27
1718392123623 -0.25537967681884766 28
1718392123984 -0.25544166564941406 29
1718392124349 -0.25550031661987305 30
1718392124711 -0.2555551528930664 31
1718392125090 -0.25560641288757324 32
1718392125555 -0.25565457344055176 33
1718392125921 -0.25569963455200195 34
1718392126425 -0.2557413578033447 35
1718392126799 -0.2557809352874756 36
1718392127180 -0.2558174133300781 37
1718392127553 -0.25585246086120605 38
1718392127939 -0.25588536262512207 39
1718392128378 -0.25591516494750977 40
1718392128805 -0.25594329833984375 41
1718392129210 -0.2559700012207031 42
1718392129586 -0.2559957504272461 43
1718392129927 -0.25601983070373535 44
1718392130317 -0.2560422420501709 45
1718392130692 -0.25606346130371094 46
1718392131044 -0.25608396530151367 47
1718392131395 -0.2561013698577881 48
1718392131765 -0.2561209201812744 49
