1718381492876 -0.5048747062683105 0
1718381493610 -0.28636693954467773 1
1718381494301 -0.4911651611328125 2
1718381494950 -0.2493901252746582 3
1718381495617 -0.24130463600158691 4
1718381496288 -0.3310060501098633 5
1718381496954 -0.7114136219024658 6
1718381497628 -0.21709847450256348 7
1718381498291 -0.24247288703918457 8
1718381499001 -0.03411602973937988 9
1718381499703 -0.10981631278991699 10
1718381500392 -0.2665691375732422 11
1718381501085 -0.03585243225097656 12
1718381501791 -0.2584836483001709 13
1718381502490 -0.2142500877380371 14
1718381503178 0.02829265594482422 15
1718381503882 -0.28621816635131836 16
1718381504582 -0.2702629566192627 17
1718381505266 -0.2185380458831787 18
1718381505942 -0.19414472579956055 19
1718381506636 -0.3975343704223633 20
1718381507613 -0.3657712936401367 21
1718381508314 -0.2563784122467041 22
1718381508985 -0.36354637145996094 23
1718381509662 -0.8232619762420654 24
1718381510321 -0.487241268157959 25
1718381510990 -0.4963858127593994 26
1718381511653 -0.2689659595489502 27
1718381512328 -0.2906806468963623 28
1718381512999 -0.17267680168151855 29
1718381513678 -0.3838620185852051 30
1718381514381 -0.16057467460632324 31
1718381515046 -0.20729422569274902 32
1718381515728 -0.28629612922668457 33
1718381516404 -0.21196627616882324 34
1718381517056 -0.25852036476135254 35
1718381517733 -0.2687666416168213 36
1718381518410 -0.2661933898925781 37
1718381519082 0.7427833080291748 38
1718381519762 -0.2752108573913574 39
1718381520450 -0.26604366302490234 40
1718381521116 -0.36194372177124023 41
1718381521786 -0.3045008182525635 42
1718381522572 -0.38455653190612793 43
1718381523421 -0.1221163272857666 44
1718381524181 -0.2580437660217285 45
1718381525048 -0.3262946605682373 46
1718381525838 -0.17882275581359863 47
1718381526607 -0.2687242031097412 48
1718381527368 -0.3927581310272217 49
