1718382932147 2.2206764221191406 0
1718382932487 1.9508670568466187 1
1718382932794 1.9796638488769531 2
1718382933143 1.7401903867721558 3
1718382933461 1.7946226596832275 4
1718382933770 1.9710570573806763 5
1718382934099 1.7793776988983154 6
1718382934413 1.8315670490264893 7
1718382934723 1.8254600763320923 8
1718382935033 2.269519805908203 9
1718382935346 1.9182010889053345 10
1718382935650 2.026660203933716 11
1718382935961 2.0855371952056885 12
1718382936268 2.067674398422241 13
1718382936589 1.9519413709640503 14
1718382936895 2.0247254371643066 15
1718382937219 1.9030296802520752 16
1718382937531 1.8459908962249756 17
1718382937852 1.8836637735366821 18
1718382938195 1.9647274017333984 19
1718382938515 1.936425805091858 20
1718382938830 1.960686445236206 21
1718382939168 1.860898494720459 22
1718382939493 1.8112114667892456 23
1718382939806 2.0115933418273926 24
1718382940138 2.055608034133911 25
1718382940497 1.759270429611206 26
1718382940815 2.2969367504119873 27
1718382941138 1.7213993072509766 28
1718382941481 2.22670578956604 29
1718382941799 2.1316475868225098 30
1718382942138 1.9182966947555542 31
1718382942457 2.033714771270752 32
1718382942781 2.0894274711608887 33
1718382943119 2.172537088394165 34
1718382943431 2.048687696456909 35
1718382943744 1.6040946245193481 36
1718382944060 1.618040919303894 37
1718382944391 1.953126072883606 38
1718382944717 1.8302439451217651 39
1718382945038 1.9063082933425903 40
1718382945363 2.0429978370666504 41
1718382945681 2.010063409805298 42
1718382946024 2.0122568607330322 43
1718382946391 1.9123412370681763 44
1718382946719 2.002089500427246 45
1718382947031 1.8484227657318115 46
1718382947347 2.2847936153411865 47
1718382947649 2.279423713684082 48
1718382947956 2.2910232543945312 49
