1718392184799 -0.18198299407958984 0
1718392185607 -0.18076276779174805 1
1718392186265 -0.1799159049987793 2
1718392186848 -0.17937159538269043 3
1718392187521 -0.17906427383422852 4
1718392188090 -0.17893767356872559 5
1718392188656 -0.17894554138183594 6
1718392189182 -0.17905378341674805 7
1718392189745 -0.17923307418823242 8
1718392190291 -0.17946505546569824 9
1718392190916 -0.17973041534423828 10
1718392191526 -0.18001937866210938 11
1718392192149 -0.18032336235046387 12
1718392192721 -0.1806344985961914 13
1718392193283 -0.18095040321350098 14
1718392193817 -0.18126630783081055 15
1718392197260 -0.1815800666809082 16
1718392198572 -0.18189096450805664 17
1718392199394 -0.18219733238220215 18
1718392200747 -0.18249869346618652 19
1718392201427 -0.18279528617858887 20
1718392202115 -0.18308734893798828 21
1718392202881 -0.18337368965148926 22
1718392203709 -0.1836543083190918 23
1718392204281 -0.18393182754516602 24
1718392204867 -0.1842033863067627 25
1718392205361 -0.18447089195251465 26
1718392205862 -0.18473362922668457 27
1718392206779 -0.18499350547790527 28
1718392207338 -0.18524765968322754 29
1718392207871 -0.185499906539917 30
1718392208403 -0.18574833869934082 31
1718392209053 -0.18599367141723633 32
1718392209592 -0.1862349510192871 33
1718392210065 -0.18647241592407227 34
1718392210784 -0.18670868873596191 35
1718392211302 -0.18694162368774414 36
1718392211840 -0.18717169761657715 37
1718392212354 -0.18739962577819824 38
1718392212850 -0.18762469291687012 39
1718392213331 -0.18784832954406738 40
1718392213786 -0.18806695938110352 41
1718392214260 -0.18828511238098145 42
1718392214754 -0.18850016593933105 43
1718392215212 -0.18871331214904785 44
1718392215775 -0.18892264366149902 45
1718392216410 -0.189131498336792 46
1718392216980 -0.18933820724487305 47
1718392217607 -0.1895427703857422 48
1718392218093 -0.1897437572479248 49
