1718537457375 nan 0
1718537458131 nan 1
1718537458958 nan 2
1718537459757 nan 3
1718537460532 nan 4
1718537461324 nan 5
1718537462274 nan 6
1718537463194 nan 7
1718537464140 nan 8
1718537465009 nan 9
1718537465860 nan 10
1718537466710 nan 11
1718537467605 nan 12
1718537468456 nan 13
1718537469322 nan 14
1718537470195 nan 15
1718537471072 nan 16
1718537471955 nan 17
1718537472825 nan 18
1718537473705 nan 19
1718537474588 nan 20
1718537475504 nan 21
1718537476471 nan 22
1718537477373 nan 23
1718537478237 nan 24
1718537479046 nan 25
1718537479820 nan 26
1718537480570 nan 27
1718537481370 nan 28
1718537482137 nan 29
1718537482920 nan 30
1718537483687 nan 31
1718537484436 nan 32
1718537485202 nan 33
1718537486035 nan 34
1718537486802 nan 35
1718537487569 nan 36
1718537488335 nan 37
1718537489102 nan 38
1718537489952 nan 39
1718537490768 nan 40
1718537491568 nan 41
1718537492334 nan 42
1718537493138 nan 43
1718537493934 nan 44
1718537494701 nan 45
1718537495484 nan 46
1718537496257 nan 47
1718537497002 nan 48
1718537497767 nan 49
