1718537457508 1.0 0
1718537458274 1.0 1
1718537459095 1.0 2
1718537459874 1.0 3
1718537460661 1.0 4
1718537461457 1.0 5
1718537462474 1.0 6
1718537463423 1.0 7
1718537464340 1.0 8
1718537465190 1.0 9
1718537466040 1.0 10
1718537466901 1.0 11
1718537467775 1.0 12
1718537468639 1.0 13
1718537469506 1.0 14
1718537470372 1.0 15
1718537471272 1.0 16
1718537472138 1.0 17
1718537473005 1.0 18
1718537473905 1.0 19
1718537474771 1.0 20
1718537475704 1.0 21
1718537476637 1.0 22
1718537477521 1.0 23
1718537478387 1.0 24
1718537479170 1.0 25
1718537479937 1.0 26
1718537480703 1.0 27
1718537481486 1.0 28
1718537482270 1.0 29
1718537483036 1.0 30
1718537483803 1.0 31
1718537484569 1.0 32
1718537485356 1.0 33
1718537486152 1.0 34
1718537486936 1.0 35
1718537487685 1.0 36
1718537488468 1.0 37
1718537489235 1.0 38
1718537490085 1.0 39
1718537490901 1.0 40
1718537491701 1.0 41
1718537492468 1.0 42
1718537493266 1.0 43
1718537494067 1.0 44
1718537494834 1.0 45
1718537495615 1.0 46
1718537496367 1.0 47
1718537497117 1.0 48
1718537497883 1.0 49
