1718386972128 0.0772038996219635 0
1718386972347 0.07208043336868286 1
1718386972577 0.04395914077758789 2
1718386972845 0.0013618767261505127 3
1718386973065 -0.03729891777038574 4
1718386973293 0.16937366127967834 5
1718386973524 0.0707344114780426 6
1718386973765 0.004300147294998169 7
1718386973986 0.06389555335044861 8
1718386974207 -0.005905270576477051 9
1718386974446 0.06818406283855438 10
1718386974689 -0.06718108057975769 11
1718386974920 0.0713595449924469 12
1718386975137 -0.006624996662139893 13
1718386975374 0.05683061480522156 14
1718386975611 0.0418318510055542 15
1718386975834 0.06758871674537659 16
1718386976078 0.034279078245162964 17
1718386976301 0.05490797758102417 18
1718386976538 0.028754502534866333 19
1718386976768 0.029619157314300537 20
1718386976991 0.00490918755531311 21
1718386977215 -0.08361321687698364 22
1718386977445 0.09711137413978577 23
1718386977677 0.06899839639663696 24
1718386977906 0.014974862337112427 25
1718386978128 0.03646251559257507 26
1718386978561 0.06227412819862366 27
1718386978788 0.03417733311653137 28
1718386979027 0.08056722581386566 29
1718386979252 -0.009468793869018555 30
1718386979474 0.025227665901184082 31
1718386979715 0.017908602952957153 32
1718386979944 0.054913491010665894 33
1718386980178 0.03349137306213379 34
1718386980413 0.07353442907333374 35
1718386980825 -0.019848227500915527 36
1718386981043 0.06179404258728027 37
1718386981272 0.028468281030654907 38
1718386981494 -0.004435330629348755 39
1718386981736 0.04152998328208923 40
1718386981965 -0.011562258005142212 41
1718386982194 -0.00019153952598571777 42
1718386982495 0.019473880529403687 43
1718386982795 0.03515341877937317 44
1718386983088 0.007552236318588257 45
1718386983380 -0.09771645069122314 46
1718386983662 0.12338948249816895 47
1718386983933 -0.040604472160339355 48
1718386984196 0.0325433611869812 49
