1718511451559 0.1744635935985679 0
1718511451914 0.025282621383666992 1
1718511452278 -0.0020989793719667915 2
1718511452632 -0.30741717418034886 3
1718511452966 -0.22597492463660984 4
1718511453331 0.3895976651798594 5
1718511453662 -0.03030538558959961 6
1718511454013 -0.03633351398236817 7
1718511454350 0.0005742925586122993 8
1718511454664 0.025530461109045888 9
1718511454999 -0.09393593398007472 10
1718511455340 -0.4050932653022534 11
1718511455814 -0.08737259200125047 12
1718511456148 0.49658958839647704 13
1718511456500 0.04562517007191991 14
1718511456848 0.08185683235977637 15
1718511457182 -0.002251509464148427 16
1718511457552 -0.015035795442985833 17
1718511457886 0.005576404658230949 18
1718511458232 0.017073555426164067 19
1718511458549 0.03655441240830859 20
1718511458883 -0.1204570965333418 21
1718511459200 0.039319078127542983 22
1718511459533 0.03032528270374657 23
1718511459850 0.09586307496735547 24
1718511460184 -0.08769368764125929 25
1718511460520 -0.2348188234098032 26
1718511460868 0.1875534310485376 27
1718511461218 -0.008773101098609626 28
1718511461552 -0.044553178729433096 29
1718511461935 0.049330411535320806 30
1718511462302 -0.005194129365863276 31
1718511462636 -0.00752092852736963 32
1718511462973 -0.0064902811339409006 33
1718511463319 -0.004131194316979503 34
1718511463636 -0.0036695148005629896 35
1718511463953 0.0012722954605566272 36
1718511464303 0.03088543993054005 37
1718511464654 0.10802202694343777 38
1718511464978 -0.20637521960518557 39
1718511465304 0.07586780100157764 40
1718511465624 -0.0048922878323178765 41
1718511466104 -0.08752166141163231 42
1718511466422 0.023701490777911616 43
1718511466755 -0.007515986760457505 44
1718511467092 -0.0041000734676015504 45
1718511467439 -0.0026267947572651273 46
1718511467773 -0.0040058042063857435 47
1718511468107 0.002990224144675313 48
1718511468423 0.027436238346677744 49
