1718501750341 0.564442153541899 0
1718501750791 0.10242424242424242 1
1718501751225 0.10242424242424242 2
1718501751674 0.0577252909595359 3
1718501752109 0.10242424242424242 4
1718501752576 0.10242424242424242 5
1718501753010 0.06928354342628194 6
1718501753427 0.10242424242424242 7
1718501753860 0.05540327946445372 8
1718501754294 0.09511955087727164 9
1718501754711 0.10242424242424242 10
1718501755144 0.16933294974268578 11
1718501755561 0.10242424242424242 12
1718501755978 0.10242424242424242 13
1718501756429 0.10242424242424242 14
1718501756879 0.10242424242424242 15
1718501757296 0.5663449149396169 16
1718501757763 0.10242424242424242 17
1718501758212 0.10242424242424242 18
1718501758664 0.10242424242424242 19
1718501759098 0.10242424242424242 20
1718501759531 0.24049262417106512 21
1718501759998 0.5658557954397958 22
1718501760515 0.10242424242424242 23
1718501761082 0.10848484848484848 24
1718501761599 0.5283661781657774 25
1718501762120 0.10242424242424242 26
1718501762650 0.10848484848484848 27
1718501763150 0.10242424242424242 28
1718501763651 0.1646681206386795 29
1718501764134 0.27409767042612804 30
1718501764635 0.10242424242424242 31
1718501765135 0.10242424242424242 32
1718501765652 0.10242424242424242 33
1718501766136 0.10242424242424242 34
1718501766637 0.10242424242424242 35
1718501767103 0.28018878637871864 36
1718501767604 0.10242424242424242 37
1718501768104 0.10242424242424242 38
1718501768605 0.12056121433957691 39
1718501769138 0.4284317958080164 40
1718501769655 0.5642595115815952 41
1718501770172 0.10242424242424242 42
1718501770856 0.24549107560041117 43
1718501771457 0.10242424242424242 44
1718501772057 0.10242424242424242 45
1718501772641 0.15961309920168207 46
1718501773158 0.5159421594157249 47
1718501773642 0.24951968577948946 48
1718501774092 0.5568641200594403 49
