1718570960812 4.5223597492999525 0
1718570964774 3.8429643318089375 1
1718570969247 3.6175657273225705 2
1718570973519 3.9672037844238743 3
1718570977355 4.649872918411516 4
1718570981209 3.817914386772308 5
1718570985118 4.128826370114392 6
1718570988853 3.943815509611366 7
1718570992724 3.5990515343393787 8
1718570996477 4.312739347603557 9
1718571000312 4.280220395412138 10
1718571004905 3.9973761806246695 11
1718571010392 4.627844827005254 12
1718571015723 3.6233260939713863 13
1718571019902 3.9615187351481143 14
1718571023557 4.5839767138706415 15
1718571027129 4.294199808325691 16
1718571030669 4.319707253343405 17
1718571034357 3.8379462378596028 18
1718571037826 4.523288586477265 19
1718571041330 4.265046838363306 20
1718571044829 5.063235458526878 21
1718571048352 3.754615434627061 22
1718571052038 4.935393140822154 23
1718571056074 3.743397901405082 24
1718571059610 4.151033111426681 25
1718571063563 4.681187717463365 26
1718571068612 4.7905975274548425 27
1718571073871 3.6634035536571306 28
1718571078465 4.360594473029992 29
1718571082284 3.6572778625679607 30
1718571086432 3.8243530227660676 31
1718571090126 4.563763004334212 32
1718571093752 3.7931297895904814 33
1718571097492 5.391310289733946 34
1718571101122 4.097144338994199 35
1718571104736 4.868372261871076 36
1718571108319 4.381834001195773 37
1718571111868 3.6712267200411994 38
1718571115556 4.116478550718451 39
1718571119212 3.847971217800041 40
1718571123246 3.9156253435212256 41
1718571128697 4.163553301921612 42
1718571135002 3.7329382130961446 43
1718571140248 4.451882908638153 44
1718571143962 3.930512657567574 45
1718571147897 4.662165338241224 46
1718571151642 4.893978750090535 47
1718571155248 4.730661118346584 48
1718571158897 4.6221949552352 49
