1718400800294 0.026154279708862305 0
1718400800678 0.058899879455566406 1
1718400801012 0.07144927978515625 2
1718400801362 0.1437060832977295 3
1718400801679 0.16379833221435547 4
1718400801962 0.0030329227447509766 5
1718400802279 0.02801227569580078 6
1718400802596 0.05860424041748047 7
1718400802880 0.4681227207183838 8
1718400803163 0.15866518020629883 9
1718400803480 0.012164592742919922 10
1718400803797 -0.17978501319885254 11
1718400804097 0.10005807876586914 12
1718400804415 0.19345688819885254 13
1718400804765 0.11228084564208984 14
1718400805048 0.04214978218078613 15
1718400805348 0.0730898380279541 16
1718400805632 0.04759049415588379 17
1718400805932 0.0179440975189209 18
1718400806214 0.0733191967010498 19
1718400806516 0.018454790115356445 20
1718400806833 0.09006452560424805 21
1718400807182 0.24041223526000977 22
1718400807500 0.10919523239135742 23
1718400807783 -0.003584146499633789 24
1718400808067 0.1326735019683838 25
1718400808367 0.38495397567749023 26
1718400808684 0.07903766632080078 27
1718400809001 0.0037543773651123047 28
1718400809335 0.11815047264099121 29
1718400809686 0.029138565063476562 30
1718400810002 0.07456755638122559 31
1718400810436 0.01825261116027832 32
1718400810769 0.013374567031860352 33
1718400811104 0.10637187957763672 34
1718400811473 -0.049466848373413086 35
1718400811856 0.05954885482788086 36
1718400812170 0.1323254108428955 37
1718400812487 0.08984708786010742 38
1718400812821 0.08130049705505371 39
1718400813104 0.0184326171875 40
1718400813405 0.023572683334350586 41
1718400813704 -0.03435492515563965 42
1718400813988 0.13773107528686523 43
1718400814288 0.12488818168640137 44
1718400814572 0.11299943923950195 45
1718400814889 0.1768796443939209 46
1718400815172 0.1617896556854248 47
1718400815489 0.10930657386779785 48
1718400815773 0.24177289009094238 49
