1718523056276 -7.318745736674667 0
1718523057143 -12.42459405906758 1
1718523058008 -0.6816859159168747 2
1718523058828 2.0012963089749913 3
1718523059625 -5.307537160379106 4
1718523060476 2.060937328664279 5
1718523061341 -13.015322439288294 6
1718523062208 2.7162630726098476 7
1718523063324 0.9550127284335961 8
1718523064374 -2.085686167741674 9
1718523065341 -3.4490480755099027 10
1718523066324 -4.684128238962335 11
1718523067304 0.7614740162130826 12
1718523068273 1.7414650152787425 13
1718523069273 1.2896198996830073 14
1718523070259 -0.5862319669751548 15
1718523071259 1.8148285253508387 16
1718523072206 0.5442425321260225 17
1718523073172 -3.406206557730214 18
1718523074122 0.10797232583549388 19
1718523075101 -0.2728116070183617 20
1718523075998 0.39960504603946667 21
1718523076938 -5.535734534708421 22
1718523077721 -6.6924965898681155 23
1718523078588 2.2022279122737345 24
1718523079469 -4.772601184007648 25
1718523080258 2.7317320473428124 26
1718523081108 -4.262323873633985 27
1718523081937 2.56718202518263 28
1718523082786 -2.8169907224981667 29
1718523083587 1.6027369435315535 30
1718523084407 0.4395795003529974 31
1718523085237 -2.5803998437255613 32
1718523086070 -1.453027649426665 33
1718523086920 -4.57716727804027 34
1718523087736 0.10392470000718568 35
1718523088553 2.1118348225486163 36
1718523089409 1.0828701999326573 37
1718523090252 2.030143837241876 38
1718523091089 -3.559551151439864 39
1718523091902 0.6922769591663824 40
1718523092718 -4.956717830715757 41
1718523093535 0.5152703332502018 42
1718523094335 3.3872313512929795 43
1718523095151 0.10237558007456027 44
1718523095971 -2.735470059094845 45
1718523096754 0.8259576032707345 46
1718523097565 -2.795029920563338 47
1718523098404 -2.1998495352128034 48
1718523099255 0.8054727916801641 49
