1718331596154 0.537593984962406 0
1718331596446 0.537593984962406 1
1718331596781 0.537593984962406 2
1718331597077 0.537593984962406 3
1718331597367 0.537593984962406 4
1718331597665 0.537593984962406 5
1718331597945 0.537593984962406 6
1718331598236 0.27982954545454547 7
1718331598531 0.264021164021164 8
1718331598817 0.4833333333333334 9
1718331599105 0.4833333333333334 10
1718331599389 0.4833333333333334 11
1718331599683 0.4833333333333334 12
1718331599975 0.4833333333333334 13
1718331600259 0.4833333333333334 14
1718331600554 0.4833333333333334 15
1718331600841 0.4833333333333334 16
1718331601131 0.4833333333333334 17
1718331601422 0.4833333333333334 18
1718331601718 0.4833333333333334 19
1718331602007 0.4833333333333334 20
1718331602374 0.4833333333333334 21
1718331602749 0.4833333333333334 22
1718331603083 0.4833333333333334 23
1718331603432 0.4833333333333334 24
1718331603791 0.4833333333333334 25
1718331604152 0.4833333333333334 26
1718331604510 0.4833333333333334 27
1718331604837 0.4833333333333334 28
1718331605130 0.4833333333333334 29
1718331605447 0.2556818181818182 30
1718331605753 0.2556818181818182 31
1718331606045 0.45919946926138877 32
1718331606341 0.5071910545594756 33
1718331606649 0.47596153846153844 34
1718331606936 0.5163242554546902 35
1718331607223 0.5161761315607469 36
1718331607516 0.5163242554546902 37
1718331607821 0.5163242554546902 38
1718331608121 0.5163242554546902 39
1718331608419 0.17500000000000002 40
1718331608724 0.3409090909090909 41
1718331609008 0.15789473684210525 42
1718331609302 0.15789473684210525 43
1718331609595 0.15789473684210525 44
1718331609891 0.15789473684210525 45
1718331610179 0.15789473684210525 46
1718331610472 0.15789473684210525 47
1718331610773 0.15789473684210525 48
1718331611067 0.15789473684210525 49
