1718330809860 0.3982248520710059 0
1718330810181 0.3982248520710059 1
1718330810523 0.5143729787998562 2
1718330810813 0.5226824457593688 3
1718330811109 0.5928515928515928 4
1718330811412 0.5928515928515928 5
1718330811702 0.5928515928515928 6
1718330811992 0.5928515928515928 7
1718330812295 0.5928515928515928 8
1718330812580 0.5928515928515928 9
1718330812867 0.5928515928515928 10
1718330813158 0.5928515928515928 11
1718330813442 0.5928515928515928 12
1718330813740 0.5928515928515928 13
1718330814021 0.5928515928515928 14
1718330814310 0.5928515928515928 15
1718330814595 0.5928515928515928 16
1718330814893 0.5928515928515928 17
1718330815184 0.5928515928515928 18
1718330815473 0.5928515928515928 19
1718330815769 0.5928515928515928 20
1718330816074 0.5928515928515928 21
1718330816374 0.5928515928515928 22
1718330816667 0.5928515928515928 23
1718330816958 0.5928515928515928 24
1718330817263 0.5928515928515928 25
1718330817555 0.5928515928515928 26
1718330817842 0.5928515928515928 27
1718330818139 0.5928515928515928 28
1718330818468 0.5928515928515928 29
1718330818787 0.5928515928515928 30
1718330819076 0.5928515928515928 31
1718330819377 0.5928515928515928 32
1718330819667 0.5928515928515928 33
1718330819970 0.5928515928515928 34
1718330820278 0.5928515928515928 35
1718330820566 0.5928515928515928 36
1718330820855 0.5928515928515928 37
1718330821165 0.5928515928515928 38
1718330821483 0.5928515928515928 39
1718330821774 0.5928515928515928 40
1718330822066 0.5928515928515928 41
1718330822455 0.5928515928515928 42
1718330822797 0.5928515928515928 43
1718330823155 0.5928515928515928 44
1718330823495 0.5928515928515928 45
1718330823821 0.5928515928515928 46
1718330824147 0.5928515928515928 47
1718330824474 0.5928515928515928 48
1718330824763 0.5928515928515928 49
