1718376892419 -0.18407630920410156 0
1718376893116 -0.21730804443359375 1
1718376893866 -0.1626584529876709 2
1718376894566 -0.3333284854888916 3
1718376895299 -0.16076874732971191 4
1718376895965 -0.7701449394226074 5
1718376896625 -0.2930915355682373 6
1718376897299 -0.48227572441101074 7
1718376897972 0.3010275363922119 8
1718376898649 -0.10379457473754883 9
1718376899337 0.29798269271850586 10
1718376900026 -0.19840049743652344 11
1718376900769 -0.19840145111083984 12
1718376901487 -0.2017204761505127 13
1718376902254 -0.19725489616394043 14
1718376903043 -0.2017209529876709 15
1718376904135 -0.18088841438293457 16
1718376904894 -0.08086442947387695 17
1718376905626 -0.05445718765258789 18
1718376906330 -0.10731816291809082 19
1718376907021 -0.20281744003295898 20
1718376907706 -0.175339937210083 21
1718376908395 -0.5195586681365967 22
1718376909079 -0.05124211311340332 23
1718376909849 -0.1893787384033203 24
1718376910543 -0.5522584915161133 25
1718376911257 -0.07315969467163086 26
1718376911933 -0.32835960388183594 27
1718376912628 -0.1146235466003418 28
1718376913389 -0.16180729866027832 29
1718376914084 -0.14022254943847656 30
1718376914777 -0.16017889976501465 31
1718376915485 -0.16017913818359375 32
1718376916155 -0.13536739349365234 33
1718376916859 -0.08117556571960449 34
1718376917567 -0.14286255836486816 35
1718376918281 -0.18962550163269043 36
1718376918943 0.07865023612976074 37
1718376919632 -0.3649427890777588 38
1718376920344 -0.2175769805908203 39
1718376921026 -0.14104008674621582 40
1718376921716 -0.14846038818359375 41
1718376922436 -0.2731046676635742 42
1718376923151 -0.22376179695129395 43
1718376923853 -0.3657050132751465 44
1718376924554 -0.18950963020324707 45
1718376925330 -0.07908010482788086 46
1718376926200 -0.08837294578552246 47
1718376926959 -0.13651657104492188 48
1718376927668 -0.19544410705566406 49
