1718533048592 1.5524432269812438 0
1718533049117 2.0661071518856264 1
1718533049611 1.1300379487400498 2
1718533050125 -11.688351138673648 3
1718533050617 -8.701834441435459 4
1718533051092 5.668067961830884 5
1718533051561 -11.962322244740495 6
1718533052058 9.275173322118894 7
1718533052558 -15.567570439492812 8
1718533053041 -12.704021599156286 9
1718533053541 -10.892864251778985 10
1718533054058 -12.233656751989116 11
1718533054561 -8.967323136650753 12
1718533055090 2.9674626829648263 13
1718533055593 4.932573506727765 14
1718533056074 3.4515065018978186 15
1718533056541 6.058250383495883 16
1718533057041 1.5210827757613825 17
1718533057561 0.12029030347111247 18
1718533058040 -15.120525365726717 19
1718533058524 -4.066584208196261 20
1718533059024 -11.396479236959205 21
1718533059507 -7.590839408864879 22
1718533060023 -3.767276657952202 23
1718533060540 -4.899058039340909 24
1718533061023 -4.891008542442965 25
1718533061482 -3.5026139743400346 26
1718533061990 7.787395259346624 27
1718533062475 -6.971482526573668 28
1718533062939 1.4711836010518677 29
1718533063439 9.372904974603493 30
1718533063923 -11.85609828984296 31
1718533064438 -13.164523564605199 32
1718533064906 -10.286700559786272 33
1718533065372 -10.094208956166147 34
1718533065842 -6.85206950955118 35
1718533066339 4.108800381923766 36
1718533066822 -6.573892190801574 37
1718533067322 -14.241752132020814 38
1718533067839 5.216741085453869 39
1718533068338 -14.265644832893653 40
1718533068805 -9.7851331587191 41
1718533069305 -8.547398922017928 42
1718533069808 -3.487665129028988 43
1718533070300 -12.417765967372292 44
1718533070771 3.9482751623147263 45
1718533071271 -15.419688375710638 46
1718533071757 9.967710349696253 47
1718533072254 5.036865097505075 48
1718533072721 3.579828428098249 49
