1718533048642 0.09151515151515152 0
1718533049159 0.09212121212121212 1
1718533049659 0.046329770591738074 2
1718533050178 0.09151515151515152 3
1718533050658 0.09151515151515152 4
1718533051142 0.09151515151515152 5
1718533051609 0.09151515151515152 6
1718533052095 0.09151515151515152 7
1718533052617 0.09151515151515152 8
1718533053091 0.09151515151515152 9
1718533053594 0.09151515151515152 10
1718533054118 0.09151515151515152 11
1718533054608 0.09151515151515152 12
1718533055124 0.04588464944055381 13
1718533055641 0.09151515151515152 14
1718533056124 0.10848484848484848 15
1718533056607 0.09151515151515152 16
1718533057104 0.09151515151515152 17
1718533057607 0.09151515151515152 18
1718533058094 0.09151515151515152 19
1718533058581 0.09151515151515152 20
1718533059057 0.09151515151515152 21
1718533059557 0.09151515151515152 22
1718533060081 0.09151515151515152 23
1718533060581 0.09151515151515152 24
1718533061056 0.09151515151515152 25
1718533061523 0.09151515151515152 26
1718533062027 0.09151515151515152 27
1718533062523 0.09151515151515152 28
1718533062999 0.09151515151515152 29
1718533063498 0.09151515151515152 30
1718533063973 0.09151515151515152 31
1718533064482 0.09151515151515152 32
1718533064956 0.09151515151515152 33
1718533065422 0.09151515151515152 34
1718533065900 0.09151515151515152 35
1718533066398 0.09151515151515152 36
1718533066872 0.09151515151515152 37
1718533067371 0.09151515151515152 38
1718533067891 0.09151515151515152 39
1718533068397 0.09151515151515152 40
1718533068855 0.09151515151515152 41
1718533069355 0.09151515151515152 42
1718533069855 0.09151515151515152 43
1718533070342 0.09151515151515152 44
1718533070820 0.09151515151515152 45
1718533071321 0.09151515151515152 46
1718533071804 0.09151515151515152 47
1718533072321 0.09151515151515152 48
1718533072771 0.09151515151515152 49
