1718552762715 1.0 0
1718552768162 1.0 1
1718552773463 1.0 2
1718552779342 1.0 3
1718552784428 1.0 4
1718552789374 1.0 5
1718552794389 1.0 6
1718552799492 1.0 7
1718552804487 1.0 8
1718552809474 1.0 9
1718552814539 1.0 10
1718552819588 1.0 11
1718552824967 1.0 12
1718552830699 1.0 13
1718552836481 1.0 14
1718552841897 1.0 15
1718552846896 1.0 16
1718552851761 1.0 17
1718552856776 1.0 18
1718552861718 1.0 19
1718552866678 1.0 20
1718552871608 1.0 21
1718552876656 1.0 22
1718552881672 1.0 23
1718552887255 1.0 24
1718552893137 1.0 25
1718552898902 1.0 26
1718552904168 1.0 27
1718552909133 1.0 28
1718552914319 1.0 29
1718552919217 1.0 30
1718552924285 1.0 31
1718552929086 1.0 32
1718552933948 1.0 33
1718552938861 1.0 34
1718552944227 1.0 35
1718552949925 1.0 36
1718552955774 1.0 37
1718552961190 1.0 38
1718552966122 1.0 39
1718552971208 1.0 40
1718552976204 1.0 41
1718552981173 1.0 42
1718552986402 1.0 43
1718552991235 1.0 44
1718552996216 1.0 45
1718553001164 1.0 46
1718553006600 1.0 47
1718553011913 1.0 48
1718553017496 1.0 49
