1717609670361 0.33868145652326265 0
1717609671457 0.2811829866260267 1
1717609672490 0.34194116174658573 2
1717609673506 0.19101745858492444 3
1717609674573 0.27404597595207064 4
1717609675573 0.377787042592966 5
1717609676572 0.2690507481904681 6
1717609677556 0.24462468032328658 7
1717609678555 0.13479122053976803 8
1717609679572 0.07663712726561754 9
1717609680572 0.20338658733568787 10
1717609681555 0.11587006710163145 11
1717609682552 0.2578551115525332 12
1717609683549 0.18850607608472705 13
1717609684521 0.14312704487249384 14
1717609685521 0.09893006770357159 15
1717609686642 0.21911911119450803 16
1717609687654 0.2036414313424189 17
1717609688639 0.10110661913381566 18
1717609689605 0.1408605418269333 19
