1718502011419 0.3326271186440678 0
1718502011953 0.8787878787878788 1
1718502012453 1.0 2
1718502013003 0.5424242424242425 3
1718502013491 1.0 4
1718502013937 1.0 5
1718502014421 0.696969696969697 6
1718502014855 1.0 7
1718502015322 0.6534653465346535 8
1718502015805 0.49834983498349833 9
1718502016323 0.7629179331306991 10
1718502016840 1.0 11
1718502017323 0.6696969696969697 12
1718502017790 0.5818181818181818 13
1718502018224 0.47878787878787876 14
1718502018658 0.30561330561330563 15
1718502019091 0.533195020746888 16
1718502019525 1.0 17
1718502019959 0.18220338983050846 18
1718502020392 0.3921161825726141 19
1718502020859 1.0 20
1718502021276 0.3755186721991701 21
1718502021743 0.5424242424242425 22
1718502022194 1.0 23
1718502022627 0.3775933609958506 24
1718502023078 1.0 25
1718502023545 0.31212121212121213 26
1718502023962 1.0 27
1718502024395 1.0 28
1718502024829 0.4666666666666667 29
1718502025263 0.42574257425742573 30
1718502025713 0.6639004149377593 31
1718502026163 1.0 32
1718502026597 0.9333333333333333 33
1718502027047 0.471875 34
1718502027513 0.49230769230769234 35
1718502027965 0.5313531353135313 36
1718502028398 0.8787878787878788 37
1718502028849 1.0 38
1718502029282 0.9242424242424242 39
1718502029716 1.0 40
1718502030216 0.3432343234323432 41
1718502030750 0.484375 42
1718502031250 0.5424242424242425 43
1718502031799 1.0 44
1718502032368 1.0 45
1718502032852 0.591182364729459 46
1718502033319 0.22798552472858866 47
1718502033786 1.0 48
1718502034203 0.47720364741641336 49
