1718508406806 0.1858163826278175 0
1718508412031 0.1858163826278175 1
1718508417185 0.1858163826278175 2
1718508422378 0.09858558728053926 3
1718508428422 0.08273955328943375 4
1718508434010 0.1858163826278175 5
1718508439312 0.19573537452159653 6
1718508444418 0.1858163826278175 7
1718508449575 0.1858163826278175 8
1718508454675 0.19573537452159653 9
1718508459841 0.1858163826278175 10
1718508464971 0.1858163826278175 11
1718508470053 0.1858163826278175 12
1718508475204 0.1858163826278175 13
1718508480394 0.15779744522586978 14
1718508486082 0.06145381735132016 15
1718508491736 0.1858163826278175 16
1718508497104 0.1858163826278175 17
1718508502177 0.1858163826278175 18
1718508507385 0.1858163826278175 19
1718508512518 0.1858163826278175 20
1718508517640 0.1858163826278175 21
1718508522826 0.1858163826278175 22
1718508527963 0.1858163826278175 23
1718508533121 0.1858163826278175 24
1718508538238 0.1858163826278175 25
1718508543692 0.1858163826278175 26
1718508549395 0.1858163826278175 27
1718508555122 0.1858163826278175 28
1718508560221 0.1858163826278175 29
1718508565359 0.1858163826278175 30
1718508570512 0.1858163826278175 31
1718508575632 0.1858163826278175 32
1718508580689 0.21534648849833785 33
1718508585873 0.1858163826278175 34
1718508591060 0.1858163826278175 35
1718508596201 0.1858163826278175 36
1718508601418 0.1858163826278175 37
1718508607308 0.1858163826278175 38
1718508613013 0.1858163826278175 39
1718508618381 0.1858163826278175 40
1718508623485 0.09608636704649058 41
1718508628555 0.1858163826278175 42
1718508633676 0.1858163826278175 43
1718508638779 0.22123299176349956 44
1718508643950 0.1858163826278175 45
1718508649088 0.1858163826278175 46
1718508654223 0.31920245165633887 47
1718508659378 0.1858163826278175 48
1718508664966 0.1858163826278175 49
