1718379418905 0.0912935733795166 0
1718379419642 0.033616065979003906 1
1718379420350 0.042963266372680664 2
1718379421048 -0.053903818130493164 3
1718379421759 -0.01758289337158203 4
1718379422461 -0.012772798538208008 5
1718379423197 -0.011479377746582031 6
1718379423860 -0.010895013809204102 7
1718379424728 -0.010572671890258789 8
1718379425472 -0.010364055633544922 9
1718379426186 -0.010204076766967773 10
1718379426920 0.10629749298095703 11
1718379427579 0.4600406885147095 12
1718379428331 0.5591452121734619 13
1718379429122 0.5634291172027588 14
1718379429884 0.5645543336868286 15
1718379430825 0.5650410652160645 16
1718379431936 0.5653293132781982 17
1718379432887 0.5655226707458496 18
1718379433673 0.5656594038009644 19
1718379434340 0.5657603740692139 20
1718379435007 0.5658388137817383 21
1718379435661 0.5659019947052002 22
1718379436303 0.5659534931182861 23
1718379437000 0.5659359693527222 24
1718379437665 0.5659581422805786 25
1718379438339 0.5659836530685425 26
1718379439084 0.5660058259963989 27
1718379439719 0.5660252571105957 28
1718379440480 0.5660418272018433 29
1718379441116 0.566056489944458 30
1718379441751 0.5660698413848877 31
1718379442369 0.6162078380584717 32
1718379442988 0.7089757919311523 33
1718379443600 0.6266210079193115 34
1718379444227 0.6267359256744385 35
1718379444883 0.6267251968383789 36
1718379445576 0.6267067193984985 37
1718379446286 0.626692533493042 38
1718379447003 0.6266837120056152 39
1718379447642 0.6266779899597168 40
1718379448280 0.6266742944717407 41
1718379448934 0.6266720294952393 42
1718379449586 0.6266703605651855 43
1718379450237 1.0935981273651123 44
1718379450911 1.095130205154419 45
1718379451618 1.095933437347412 46
1718379452278 1.0963705778121948 47
1718379452942 1.0966111421585083 48
1718379453612 1.0967434644699097 49
