1718546977234 0.08727272727272728 0
1718546977603 0.08727272727272728 1
1718546977957 0.08727272727272728 2
1718546978284 0.08727272727272728 3
1718546978634 0.08727272727272728 4
1718546978984 0.08727272727272728 5
1718546979326 0.08727272727272728 6
1718546979800 0.08727272727272728 7
1718546980165 0.08727272727272728 8
1718546980504 0.08727272727272728 9
1718546980837 0.08727272727272728 10
1718546981184 0.08727272727272728 11
1718546981533 0.08727272727272728 12
1718546981869 0.08727272727272728 13
1718546982237 0.08727272727272728 14
1718546982570 0.08727272727272728 15
1718546982900 0.08727272727272728 16
1718546983266 0.08727272727272728 17
1718546983600 0.08727272727272728 18
1718546983960 0.08727272727272728 19
1718546984286 0.08727272727272728 20
1718546984633 0.08727272727272728 21
1718546984983 0.08727272727272728 22
1718546985352 0.08727272727272728 23
1718546985683 0.08727272727272728 24
1718546986049 0.08727272727272728 25
1718546986382 0.08727272727272728 26
1718546986716 0.08727272727272728 27
1718546987099 0.08727272727272728 28
1718546987461 0.08727272727272728 29
1718546987799 0.08727272727272728 30
1718546988164 0.08727272727272728 31
1718546988482 0.08727272727272728 32
1718546988958 0.08727272727272728 33
1718546989315 0.08727272727272728 34
1718546989665 0.08727272727272728 35
1718546990032 0.08727272727272728 36
1718546990382 0.08727272727272728 37
1718546990715 0.08727272727272728 38
1718546991065 0.08727272727272728 39
1718546991415 0.08727272727272728 40
1718546991765 0.08727272727272728 41
1718546992115 0.08727272727272728 42
1718546992431 0.08727272727272728 43
1718546992765 0.08727272727272728 44
1718546993102 0.08727272727272728 45
1718546993434 0.08727272727272728 46
1718546993764 0.08727272727272728 47
1718546994114 0.08727272727272728 48
1718546994464 0.08727272727272728 49
