1718389362828 0.9460386392157996 0
1718389363065 0.9052784821768964 1
1718389363337 0.919102465611532 2
1718389363757 0.9432511474058354 3
1718389363987 0.9518105305607212 4
1718389364241 0.9460184035330622 5
1718389364503 0.957922990335744 6
1718389364743 0.9519388109481988 7
1718389364977 0.9580653518816964 8
1718389365210 0.9430110458900834 9
1718389365436 0.9376492204493195 10
1718389365672 0.943537100716891 11
1718389365914 0.9373935047822584 12
1718389366164 0.9370890784480095 13
1718389366404 0.9278163007405115 14
1718389366641 0.904103610074962 15
1718389366889 0.9433320697410802 16
1718389367141 0.9409261111436555 17
1718389367358 0.9129006134335911 18
1718389367585 0.9309857451588947 19
1718389367813 0.8973821003889796 20
1718389368056 0.9363975221831091 21
1718389368296 0.8862116161644233 22
1718389368525 0.92341135192019 23
1718389368768 0.9373896195484006 24
1718389369039 0.9296689470156777 25
1718389369279 0.9465066197906755 26
1718389369523 0.9374172882585797 27
1718389369767 0.9229730077987808 28
1718389370001 0.9189115321929564 29
1718389370241 0.9253008386508164 30
1718389370478 0.9342721816572144 31
1718389370734 0.9114030983322687 32
1718389370981 0.9219998843156043 33
1718389371245 0.9151799434953527 34
1718389371508 0.9460469512615877 35
1718389371755 0.9341778439219691 36
1718389372003 0.94303895600341 37
1718389372251 0.9284265639007541 38
1718389372490 0.9289213748517723 39
1718389372727 0.9102960153694188 40
1718389372974 0.9168493323768766 41
1718389373219 0.9460666037676843 42
1718389373452 0.8630678049582777 43
1718389373697 0.8934092574952761 44
1718389373926 0.8443478865681935 45
1718389374363 0.8247175635267467 46
1718389374604 0.8585626003395683 47
1718389374843 0.7646341622241064 48
1718389375094 0.8455943187195729 49
