1718416227336 0.2085561497326203 0
1718416227532 0.2085561497326203 1
1718416227765 0.2085561497326203 2
1718416228006 0.2085561497326203 3
1718416228282 0.2085561497326203 4
1718416228515 0.10831478504966385 5
1718416228732 0.19256122786630472 6
1718416228949 0.2875979667164137 7
1718416229182 0.1989247311827957 8
1718416229399 0.5229599565117931 9
1718416229615 0.2085561497326203 10
1718416229831 0.1989247311827957 11
1718416230064 0.2085561497326203 12
1718416230281 0.1989247311827957 13
1718416230498 0.1842818428184282 14
1718416230714 0.1989247311827957 15
1718416230931 0.2037533512064343 16
1718416231147 0.2085561497326203 17
1718416231348 0.16939890710382513 18
1718416231564 0.2037533512064343 19
1718416231796 0.2037533512064343 20
1718416232014 0.09936372352479735 21
1718416232231 0.2037533512064343 22
1718416232464 0.2326185535010416 23
1718416232681 0.23592171209868648 24
1718416232914 0.2229537833503426 25
1718416233130 0.25971361289246325 26
1718416233347 0.1989247311827957 27
1718416233547 0.2085561497326203 28
1718416233780 0.16939890710382513 29
1718416234014 0.1842818428184282 30
1718416234231 0.13878326072195526 31
1718416234447 0.11547383071148414 32
1718416234680 0.05147639772346836 33
1718416234914 0.2085561497326203 34
1718416235147 0.10966915004405992 35
1718416235381 0.058520545400150004 36
1718416235612 0.11851432880844645 37
1718416235830 0.29106417579418176 38
1718416236080 0.2085561497326203 39
1718416236313 0.2037533512064343 40
1718416236563 0.1989247311827957 41
1718416236797 0.2037533512064343 42
1718416237033 0.17189631650750342 43
1718416237266 0.34631959182622574 44
1718416237498 0.058906429160887834 45
1718416237713 0.2085561497326203 46
1718416238030 0.2085561497326203 47
1718416238246 0.10469798657718121 48
1718416238480 0.12505223483141464 49
