1718538165185 1.0 0
1718538165618 1.0 1
1718538166051 1.0 2
1718538166484 1.0 3
1718538166903 1.0 4
1718538167371 1.0 5
1718538167804 1.0 6
1718538168256 1.0 7
1718538168670 1.0 8
1718538169117 1.0 9
1718538169553 1.0 10
1718538170000 1.0 11
1718538170436 1.0 12
1718538170870 1.0 13
1718538171328 1.0 14
1718538171784 1.0 15
1718538172267 1.0 16
1718538172701 1.0 17
1718538173184 1.0 18
1718538173667 1.0 19
1718538174100 1.0 20
1718538174561 1.0 21
1718538175000 1.0 22
1718538175467 1.0 23
1718538175883 1.0 24
1718538176302 1.0 25
1718538176769 1.0 26
1718538177183 1.0 27
1718538177666 1.0 28
1718538178100 1.0 29
1718538178552 1.0 30
1718538178982 1.0 31
1718538179404 1.0 32
1718538179836 1.0 33
1718538180298 1.0 34
1718538180782 1.0 35
1718538181265 1.0 36
1718538181715 1.0 37
1718538182157 1.0 38
1718538182858 1.0 39
1718538183515 1.0 40
1718538184132 1.0 41
1718538184665 1.0 42
1718538185215 1.0 43
1718538185764 1.0 44
1718538186314 1.0 45
1718538186848 1.0 46
1718538187381 1.0 47
1718538187914 1.0 48
1718538188464 1.0 49
