1718375891901 2.0779755115509033 0
1718375892574 2.062563180923462 1
1718375893391 2.057262420654297 2
1718375894028 2.0547778606414795 3
1718375894655 2.0531492233276367 4
1718375895281 2.0518431663513184 5
1718375895912 2.0507194995880127 6
1718375896560 2.0497422218322754 7
1718375897191 2.0488994121551514 8
1718375897906 2.0481808185577393 9
1718375898590 2.047572135925293 10
1718375899238 2.047058582305908 11
1718375899938 2.048804759979248 12
1718375900640 2.0483248233795166 13
1718375901515 2.047438144683838 14
1718375902285 2.0471203327178955 15
1718375903006 2.0469253063201904 16
1718375903731 2.0467326641082764 17
1718375904402 2.046527624130249 18
1718375905058 2.046318769454956 19
1718375905785 2.0461180210113525 20
1718375906522 2.0459299087524414 21
1718375907334 2.04575777053833 22
1718375908159 2.0456013679504395 23
1718375909088 2.045459270477295 24
1718375909794 2.0453312397003174 25
1718375910835 2.045214891433716 26
1718375911569 2.0447888374328613 27
1718375912335 2.044607162475586 28
1718375913066 2.044457197189331 29
1718375913775 2.0443243980407715 30
1718375914420 2.044205904006958 31
1718375915167 2.0440993309020996 32
1718375916406 2.044003963470459 33
1718375917838 2.0439181327819824 34
1718375918990 2.0438411235809326 35
1718375919825 2.0437722206115723 36
1718375920495 2.0437095165252686 37
1718375921113 2.040147066116333 38
1718375921749 2.0396342277526855 39
1718375922352 2.039360523223877 40
1718375922970 2.0392260551452637 41
1718375923575 2.0391685962677 42
1718375924200 2.0391528606414795 43
1718375924835 2.0391597747802734 44
1718375925453 2.0391783714294434 45
1718375926078 2.047419548034668 46
1718375926685 2.113600254058838 47
1718375927297 1.5677920579910278 48
1718375927924 1.9979432821273804 49
