1718382285796 0.5599999999999999 0
1718382286098 0.44909688013136284 1
1718382286423 0.5099218962855327 2
1718382286775 0.547008547008547 3
1718382287078 0.39819245082402976 4
1718382287392 0.4451706608569353 5
1718382287697 0.48253968253968255 6
1718382288012 0.17777777777777778 7
1718382288323 0.3282828282828283 8
1718382288634 0.20512820512820512 9
1718382288940 0.20512820512820512 10
1718382289244 0.20512820512820512 11
1718382289564 0.20512820512820512 12
1718382289889 0.20512820512820512 13
1718382290190 0.20512820512820512 14
1718382290504 0.20512820512820512 15
1718382290829 0.20512820512820512 16
1718382291155 0.20512820512820512 17
1718382291537 0.20512820512820512 18
1718382291855 0.18514285714285714 19
1718382292172 0.27242212674543503 20
1718382292499 0.2511680911680912 21
1718382292815 0.3212121212121212 22
1718382293136 0.21271551724137933 23
1718382293467 0.3502685284640171 24
1718382293792 0.42666666666666664 25
1718382294139 0.3049923195084485 26
1718382294462 0.48922305764411034 27
1718382294780 0.5196953781512605 28
1718382295093 0.4349957374254049 29
1718382295416 0.4074074074074074 30
1718382295753 0.4514285714285714 31
1718382296073 0.5378151260504203 32
1718382296398 0.5066666666666666 33
1718382296727 0.5066666666666666 34
1718382297041 0.5969696969696969 35
1718382297361 0.20512820512820512 36
1718382297689 0.20512820512820512 37
1718382298002 0.20512820512820512 38
1718382298419 0.20512820512820512 39
1718382298744 0.20512820512820512 40
1718382299054 0.20512820512820512 41
1718382299372 0.20512820512820512 42
1718382299702 0.20512820512820512 43
1718382300027 0.20512820512820512 44
1718382300361 0.20512820512820512 45
1718382300695 0.20512820512820512 46
1718382301001 0.20512820512820512 47
1718382301332 0.20512820512820512 48
1718382301646 0.20512820512820512 49
