1718382149026 2.1233267784118652 0
1718382149389 2.0047478675842285 1
1718382149706 1.5806822776794434 2
1718382150025 2.1514182090759277 3
1718382150407 2.2726974487304688 4
1718382150729 2.09796404838562 5
1718382151051 2.088756799697876 6
1718382151369 2.045400619506836 7
1718382151681 2.2115678787231445 8
1718382152001 2.0485124588012695 9
1718382152331 1.8888179063796997 10
1718382152648 1.7497082948684692 11
1718382152967 1.7378517389297485 12
1718382153288 1.7230830192565918 13
1718382153611 1.969892144203186 14
1718382153920 1.7955775260925293 15
1718382154243 2.153075695037842 16
1718382154563 2.149139881134033 17
1718382154891 2.0901522636413574 18
1718382155233 1.7283363342285156 19
1718382155563 1.8576900959014893 20
1718382155885 1.7699640989303589 21
1718382156224 2.0552501678466797 22
1718382156552 2.3333957195281982 23
1718382156877 2.157289981842041 24
1718382157210 1.9627450704574585 25
1718382157546 1.8797577619552612 26
1718382157872 2.1239373683929443 27
1718382158240 2.187546491622925 28
1718382158568 1.9286463260650635 29
1718382158897 1.682620644569397 30
1718382159234 1.676880955696106 31
1718382159547 1.8413074016571045 32
1718382159868 2.1527395248413086 33
1718382160194 1.9423190355300903 34
1718382160527 2.1172642707824707 35
1718382160860 1.6625571250915527 36
1718382161203 2.0544373989105225 37
1718382161545 1.8790546655654907 38
1718382161882 1.6846815347671509 39
1718382162230 2.1110548973083496 40
1718382162555 1.6082974672317505 41
1718382162880 1.7737075090408325 42
1718382163218 2.047389030456543 43
1718382163566 1.9453896284103394 44
1718382163892 2.0082521438598633 45
1718382164232 2.0499818325042725 46
1718382164565 1.9465984106063843 47
1718382164887 2.088329553604126 48
1718382165229 1.7421685457229614 49
