1718545558466 0.08727272727272728 0
1718545559266 0.08727272727272728 1
1718545560047 0.08727272727272728 2
1718545560880 0.08727272727272728 3
1718545561696 0.08727272727272728 4
1718545562653 0.08727272727272728 5
1718545563679 0.08727272727272728 6
1718545564730 0.08727272727272728 7
1718545565765 0.08727272727272728 8
1718545566765 0.08727272727272728 9
1718545567738 0.08727272727272728 10
1718545568715 0.08727272727272728 11
1718545569701 0.08727272727272728 12
1718545570648 0.08727272727272728 13
1718545571661 0.08727272727272728 14
1718545572628 0.08727272727272728 15
1718545573594 0.08727272727272728 16
1718545574596 0.08727272727272728 17
1718545575610 0.08727272727272728 18
1718545576843 0.08727272727272728 19
1718545577876 0.08727272727272728 20
1718545578776 0.08727272727272728 21
1718545579646 0.08727272727272728 22
1718545580459 0.08727272727272728 23
1718545581246 0.08727272727272728 24
1718545582059 0.08727272727272728 25
1718545582842 0.08727272727272728 26
1718545583659 0.08727272727272728 27
1718545584492 0.08727272727272728 28
1718545585275 0.08727272727272728 29
1718545586058 0.08727272727272728 30
1718545586908 0.08727272727272728 31
1718545587761 0.08727272727272728 32
1718545588604 0.08727272727272728 33
1718545589390 0.08727272727272728 34
1718545590210 0.08727272727272728 35
1718545591040 0.08727272727272728 36
1718545591803 0.08727272727272728 37
1718545592573 0.08727272727272728 38
1718545593394 0.08727272727272728 39
1718545594157 0.08727272727272728 40
1718545594943 0.08727272727272728 41
1718545595756 0.08727272727272728 42
1718545596559 0.08727272727272728 43
1718545597339 0.08727272727272728 44
1718545598139 0.08727272727272728 45
1718545598955 0.08727272727272728 46
1718545599739 0.08727272727272728 47
1718545600539 0.08727272727272728 48
1718545601305 0.08727272727272728 49
