1717628768368 0.10303030303030303 0
1717628769131 0.18 1
1717628769856 0.13636363636363635 2
1717628770568 0.14545454545454545 3
1717628771282 0.22787878787878788 4
1717628772001 0.16121212121212122 5
1717628772739 0.17575757575757575 6
1717628773456 0.23030303030303031 7
1717628774157 0.17272727272727273 8
1717628774857 0.22121212121212122 9
1717628775589 0.2818181818181818 10
1717628776322 0.2096969696969697 11
1717628776960 0.21393939393939393 12
1717628777566 0.11393939393939394 13
1717628778271 0.12181818181818181 14
1717628778944 0.13393939393939394 15
1717628779658 0.17575757575757575 16
1717628780338 0.20484848484848484 17
1717628781088 0.15878787878787878 18
1717628781822 0.24606060606060606 19
1717628782623 0.23636363636363636 20
1717628783405 0.16545454545454547 21
1717628784138 0.2515151515151515 22
1717628784855 0.10484848484848484 23
1717628785588 0.2818181818181818 24
1717628786354 0.22666666666666666 25
1717628787099 0.15696969696969698 26
1717628787824 0.2593939393939394 27
1717628788548 0.1206060606060606 28
1717628789282 0.1703030303030303 29
1717628789971 0.23333333333333334 30
1717628790730 0.21515151515151515 31
1717628791443 0.21878787878787878 32
1717628792170 0.2193939393939394 33
1717628792898 0.11878787878787879 34
1717628793625 0.13515151515151516 35
1717628794347 0.1618181818181818 36
1717628795060 0.2006060606060606 37
1717628795786 0.10363636363636364 38
1717628796503 0.16727272727272727 39
1717628797345 0.13454545454545455 40
1717628797876 0.17575757575757575 41
1717628798612 0.16424242424242425 42
1717628799335 0.16 43
1717628800052 0.15636363636363637 44
1717628800778 0.1684848484848485 45
1717628801496 0.15333333333333332 46
1717628802218 0.2224242424242424 47
1717628802951 0.25757575757575757 48
1717628803685 0.20545454545454545 49
