1718388705259 0.943623018997564 0
1718388705542 0.9313575453065107 1
1718388705831 0.9401587655321131 2
1718388706305 0.9373242058284265 3
1718388706575 0.931446706833775 4
1718388706852 0.9521777194781416 5
1718388707101 0.9521822483469143 6
1718388707346 0.9492176541042834 7
1718388707577 0.9611594353644058 8
1718388707812 0.9369724882640179 9
1718388708045 0.9433720033558802 10
1718388708288 0.9440279672714976 11
1718388708524 0.943955997016141 12
1718388708772 0.9375236326215364 13
1718388709014 0.9553731821765177 14
1718388709251 0.9466151175134369 15
1718388709506 0.9173002218165918 16
1718388709751 0.9261347514775615 17
1718388709985 0.9317189624812586 18
1718388710216 0.9382159222182358 19
1718388710456 0.9036402118317967 20
1718388710683 0.9053727978771076 21
1718388710924 0.9073345391538561 22
1718388711159 0.9228045738837122 23
1718388711397 0.9157732329447276 24
1718388711625 0.9379160301426543 25
1718388711854 0.8813840132903804 26
1718388712123 0.9134821605242344 27
1718388712366 0.913288711231825 28
1718388712602 0.9220196214208525 29
1718388712838 0.9191179780792673 30
1718388713080 0.90121868482981 31
1718388713325 0.9051806364311703 32
1718388713567 0.9369332742026187 33
1718388713820 0.9308680860591324 34
1718388714059 0.9042512583344013 35
1718388714301 0.913026808845358 36
1718388714554 0.9246656626955134 37
1718388714782 0.9311135912639762 38
1718388715017 0.9193009391365539 39
1718388715257 0.9366503851077528 40
1718388715496 0.9425281208354563 41
1718388715732 0.9401705988727745 42
1718388715968 0.925274625490116 43
1718388716207 0.9459304045355397 44
1718388716450 0.945877802696595 45
1718388716857 0.9363597985631342 46
1718388717085 0.8538313567419354 47
1718388717321 0.8820200763396632 48
1718388717566 0.9029801965032107 49
