1718494068778 2.2698447704315186 0
1718494069093 2.2516250610351562 1
1718494069395 2.2207095623016357 2
1718494069895 2.2445068359375 3
1718494070246 2.194059371948242 4
1718494070615 2.279541015625 5
1718494070933 2.3226609230041504 6
1718494071267 2.2832584381103516 7
1718494071597 2.2521896362304688 8
1718494071926 2.2324392795562744 9
1718494072230 2.2623000144958496 10
1718494072547 2.3231606483459473 11
1718494072852 2.264448642730713 12
1718494073148 2.215245008468628 13
1718494073465 2.166257858276367 14
1718494073782 2.134279727935791 15
1718494074082 2.1477127075195312 16
1718494074399 2.3417580127716064 17
1718494074751 2.3044021129608154 18
1718494075066 2.2980189323425293 19
1718494075383 2.2922096252441406 20
1718494075683 2.305610418319702 21
1718494075987 2.29815936088562 22
1718494076283 2.295647144317627 23
1718494076617 2.2814114093780518 24
1718494076951 2.2426352500915527 25
1718494077284 2.188480854034424 26
1718494077584 2.1603915691375732 27
1718494077901 2.438539743423462 28
1718494078235 2.3291566371917725 29
1718494078668 2.231006145477295 30
1718494078969 2.264070749282837 31
1718494079302 2.230238199234009 32
1718494079619 2.2816309928894043 33
1718494079935 2.2068350315093994 34
1718494080253 2.196221351623535 35
1718494080589 2.245734453201294 36
1718494080904 2.2446017265319824 37
1718494081204 2.3425745964050293 38
1718494081521 2.2963247299194336 39
1718494081832 2.297199249267578 40
1718494082132 2.298537254333496 41
1718494082522 2.2969894409179688 42
1718494082888 2.2868621349334717 43
1718494083289 2.2445363998413086 44
1718494083656 2.2068710327148438 45
1718494084006 2.3384883403778076 46
1718494084376 2.3011069297790527 47
1718494084761 2.2955939769744873 48
1718494085123 2.298056125640869 49
