1718386189541 0.1013648509979248 0
1718386189880 0.10146021842956543 1
1718386190214 0.10153698921203613 2
1718386190573 0.10159897804260254 3
1718386190886 0.10164880752563477 4
1718386191215 0.10168981552124023 5
1718386191528 0.10172390937805176 6
1718386191838 0.10175251960754395 7
1718386192155 0.1017763614654541 8
1718386192470 0.10179615020751953 9
1718386192786 0.10181379318237305 10
1718386193103 0.10182857513427734 11
1718386193419 0.10184121131896973 12
1718386193726 0.1018524169921875 13
1718386194044 0.10186243057250977 14
1718386194372 0.10187029838562012 15
1718386194676 0.10187792778015137 16
1718386194994 0.10188436508178711 17
1718386195335 0.10189032554626465 18
1718386195649 0.10189533233642578 19
1718386195999 0.10190010070800781 20
1718386196333 0.10190415382385254 21
1718386196650 0.10190773010253906 22
1718386196972 0.10191082954406738 23
1718386197326 0.1019139289855957 24
1718386197655 0.10191607475280762 25
1718386198091 0.10191893577575684 26
1718386198432 0.10192084312438965 27
1718386198753 0.10192275047302246 28
1718386199081 0.10192322731018066 29
1718386199434 0.10192513465881348 30
1718386199769 0.10192656517028809 31
1718386200113 0.10192751884460449 32
1718386200445 0.1019282341003418 33
1718386200773 0.1019289493560791 34
1718386201097 0.10192990303039551 35
1718386201439 0.10193061828613281 36
1718386201762 0.10193133354187012 37
1718386202084 0.10193181037902832 38
1718386202504 0.10193204879760742 39
1718386202908 0.10193276405334473 40
1718386203314 0.10193324089050293 41
1718386203720 0.10193371772766113 42
1718386204092 0.10193371772766113 43
1718386204460 0.10193419456481934 44
1718386204827 0.10193443298339844 45
1718386205198 0.10193419456481934 46
1718386205590 0.10193490982055664 47
1718386205952 0.10193514823913574 48
1718386206315 0.10193514823913574 49
