1718504152105 -5.930566511350376 0
1718504157603 -29.796240037083205 1
1718504162940 -28.11377415145425 2
1718504168762 -2.1488066736226 3
1718504174633 11.18398959146262 4
1718504179837 -9.508578671405399 5
1718504185224 -7.141221837180266 6
1718504190511 -1.973898988861361 7
1718504195732 -2.4855935109171075 8
1718504201436 -3.7214076987052156 9
1718504206756 4.5357037350005704 10
1718504212044 3.230826113052302 11
1718504217414 5.1435423959309094 12
1718504222635 -9.994277059481714 13
1718504228406 6.93878803021943 14
1718504234177 5.767278131363623 15
1718504239381 10.51769700709588 16
1718504244818 6.455294585032595 17
1718504249972 3.632426089111844 18
1718504255393 -3.481969551656981 19
1718504260814 6.517144181314919 20
1718504266001 -16.00714379009861 21
1718504271155 -4.4248648785316345 22
1718504276575 -3.70612890637366 23
1718504281763 -2.294831503418761 24
1718504287433 2.7384281269790876 25
1718504293071 5.948418772850777 26
1718504298425 -5.395046579938473 27
1718504303812 -10.28639406098036 28
1718504309049 4.742285244347087 29
1718504314187 -5.921175693227445 30
1718504319641 -3.9659849891981835 31
1718504324861 6.500118356159599 32
1718504330049 -14.788772811548103 33
1718504335486 3.3195411894072873 34
1718504340790 7.659151897584959 35
1718504346411 9.951395817027349 36
1718504352349 -3.1123410435671754 37
1718504357752 4.090632350500023 38
1718504363073 4.822993501140038 39
1718504368444 8.67858919741435 40
1718504373581 7.500298049148922 41
1718504378918 -33.281372403569435 42
1718504384139 6.72544923171847 43
1718504389309 9.7117366848892 44
1718504394713 0.16087442152332088 45
1718504399901 -3.4876047296678934 46
1718504405588 9.695650384152328 47
1718504411476 0.9344962222394084 48
1718504416947 -0.39231763117534335 49
