1718328824560 0.17142857142857143 0
1718328824890 0.17142857142857143 1
1718328825187 0.34285714285714286 2
1718328825471 0.34285714285714286 3
1718328825769 0.2 4
1718328826058 0.3142857142857143 5
1718328826336 0.2857142857142857 6
1718328826621 0.14285714285714285 7
1718328826901 0.08571428571428572 8
1718328827183 0.08571428571428572 9
1718328827469 0.08571428571428572 10
1718328827778 0.08571428571428572 11
1718328828054 0.11428571428571428 12
1718328828332 0.17142857142857143 13
1718328828615 0.17142857142857143 14
1718328828895 0.17142857142857143 15
1718328829174 0.14285714285714285 16
1718328829461 0.14285714285714285 17
1718328829756 0.14285714285714285 18
1718328830043 0.14285714285714285 19
1718328830319 0.14285714285714285 20
1718328830603 0.08571428571428572 21
1718328830897 0.11428571428571428 22
1718328831184 0.08571428571428572 23
1718328831527 0.08571428571428572 24
1718328831834 0.17142857142857143 25
1718328832115 0.14285714285714285 26
1718328832402 0.08571428571428572 27
1718328832700 0.11428571428571428 28
1718328832985 0.11428571428571428 29
1718328833289 0.11428571428571428 30
1718328833580 0.11428571428571428 31
1718328833879 0.11428571428571428 32
1718328834170 0.11428571428571428 33
1718328834468 0.11428571428571428 34
1718328834772 0.11428571428571428 35
1718328835061 0.11428571428571428 36
1718328835365 0.11428571428571428 37
1718328835678 0.14285714285714285 38
1718328835977 0.14285714285714285 39
1718328836266 0.14285714285714285 40
1718328836551 0.08571428571428572 41
1718328836849 0.08571428571428572 42
1718328837135 0.08571428571428572 43
1718328837425 0.14285714285714285 44
1718328837721 0.11428571428571428 45
1718328838019 0.17142857142857143 46
1718328838317 0.3142857142857143 47
1718328838606 0.2 48
1718328838907 0.2571428571428571 49
