1718420134913 0.2 0
1718420135563 0.2 1
1718420136179 0.2 2
1718420136779 0.2 3
1718420137412 0.2 4
1718420138012 0.2 5
1718420138595 0.2 6
1718420139212 0.2 7
1718420139812 0.2 8
1718420140428 0.2 9
1718420141028 0.2 10
1718420141650 0.2 11
1718420142278 0.2 12
1718420142928 0.2 13
1718420143628 0.2 14
1718420144293 0.2 15
1718420145011 0.2 16
1718420145711 0.2 17
1718420146361 0.2 18
1718420146994 0.2 19
1718420147610 0.2 20
1718420148244 0.2 21
1718420148877 0.2 22
1718420149500 0.2 23
1718420150149 0.2 24
1718420150726 0.2 25
1718420151410 0.2 26
1718420152095 0.2 27
1718420152693 0.2 28
1718420153343 0.2 29
1718420153942 0.2 30
1718420154565 0.2 31
1718420155182 0.2 32
1718420155792 0.2 33
1718420156425 0.2 34
1718420157059 0.2 35
1718420157676 0.2 36
1718420158292 0.2 37
1718420158891 0.2 38
1718420159508 0.2 39
1718420160108 0.2 40
1718420160731 0.2 41
1718420161358 0.2 42
1718420161957 0.2 43
1718420162790 0.2 44
1718420163590 0.2 45
1718420164391 0.2 46
1718420165190 0.2 47
1718420165923 0.2 48
1718420166690 0.2 49
