1718331875732 0.08571428571428572 0
1718331876057 0.08571428571428572 1
1718331876374 0.08571428571428572 2
1718331876663 0.08571428571428572 3
1718331876959 0.08571428571428572 4
1718331877249 0.08571428571428572 5
1718331877535 0.08571428571428572 6
1718331877821 0.08571428571428572 7
1718331878114 0.08571428571428572 8
1718331878405 0.08571428571428572 9
1718331878693 0.08571428571428572 10
1718331878982 0.08571428571428572 11
1718331879271 0.08571428571428572 12
1718331879568 0.08571428571428572 13
1718331879855 0.08571428571428572 14
1718331880145 0.08571428571428572 15
1718331880429 0.08571428571428572 16
1718331880729 0.08571428571428572 17
1718331881043 0.08571428571428572 18
1718331881337 0.08571428571428572 19
1718331881619 0.08571428571428572 20
1718331881912 0.08571428571428572 21
1718331882202 0.08571428571428572 22
1718331882492 0.08571428571428572 23
1718331882786 0.08571428571428572 24
1718331883094 0.08571428571428572 25
1718331883398 0.08571428571428572 26
1718331883687 0.08571428571428572 27
1718331883988 0.08571428571428572 28
1718331884333 0.08571428571428572 29
1718331884657 0.08571428571428572 30
1718331884973 0.08571428571428572 31
1718331885275 0.08571428571428572 32
1718331885567 0.08571428571428572 33
1718331885856 0.08571428571428572 34
1718331886163 0.08571428571428572 35
1718331886453 0.08571428571428572 36
1718331886754 0.08571428571428572 37
1718331887060 0.08571428571428572 38
1718331887348 0.08571428571428572 39
1718331887646 0.08571428571428572 40
1718331887959 0.08571428571428572 41
1718331888259 0.08571428571428572 42
1718331888555 0.08571428571428572 43
1718331888859 0.08571428571428572 44
1718331889163 0.08571428571428572 45
1718331889457 0.08571428571428572 46
1718331889754 0.08571428571428572 47
1718331890060 0.08571428571428572 48
1718331890352 0.08571428571428572 49
