1718389244703 0.12663405090297716 0
1718389244933 0.13797888307369732 1
1718389245198 0.28232026056619647 2
1718389245466 0.2198475504275911 3
1718389245901 0.3199556276864589 4
1718389246145 0.3945361487662242 5
1718389246408 0.5101254934117327 6
1718389246683 0.47795042786292 7
1718389246954 0.3687379753379058 8
1718389247200 0.46469340960867606 9
1718389247432 0.5063746819596326 10
1718389247667 0.36073210292797203 11
1718389247885 0.38067974638394686 12
1718389248119 0.3588476108911721 13
1718389248343 0.4726769094633752 14
1718389248571 0.40614626591565317 15
1718389248798 0.5988808540215748 16
1718389249037 0.5920281066340062 17
1718389249276 0.6523042170070484 18
1718389249524 0.6084138379295331 19
1718389249745 0.6012353689533787 20
1718389249981 0.6084281752546739 21
1718389250228 0.7720526325075843 22
1718389250456 0.7137832765494462 23
1718389250694 0.6778946519625851 24
1718389250925 0.634307019785322 25
1718389251177 0.6954666800886449 26
1718389251421 0.7440883789991634 27
1718389251680 0.7268304212071723 28
1718389251930 0.7018506390222109 29
1718389252178 0.7460693033061941 30
1718389252428 0.6742458155813703 31
1718389252665 0.7519236779864858 32
1718389252901 0.7713217224231131 33
1718389253143 0.7668476663948555 34
1718389253379 0.7744242431675309 35
1718389253619 0.7129491269186532 36
1718389253855 0.6510750974549874 37
1718389254093 0.6594463183815519 38
1718389254336 0.7512231575899927 39
1718389254626 0.7467243491020045 40
1718389254894 0.7387211679191769 41
1718389255146 0.7477820281672451 42
1718389255557 0.8102896100899586 43
1718389255810 0.795140173594165 44
1718389256076 0.7832591994604082 45
1718389256324 0.812911967017156 46
1718389256576 0.8148801406873356 47
1718389256851 0.7965894348833762 48
1718389257106 0.8385850876300915 49
