1718382965509 -0.17754197120666504 0
1718382965888 -0.27701103687286377 1
1718382966288 -0.14122998714447021 2
1718382966705 0.16047954559326172 3
1718382967060 0.2148035764694214 4
1718382967428 -0.13974356651306152 5
1718382967827 -0.0706331729888916 6
1718382968240 -0.30356383323669434 7
1718382968666 -0.3066028356552124 8
1718382969067 -0.13875102996826172 9
1718382969446 -0.1203463077545166 10
1718382969808 -0.329351544380188 11
1718382970157 -0.3847949504852295 12
1718382970534 -0.24625670909881592 13
1718382970929 -0.2583904266357422 14
1718382971305 -0.2027270793914795 15
1718382971677 -0.2687070369720459 16
1718382972103 -0.3568613529205322 17
1718382972548 -0.31975841522216797 18
1718382973034 -0.3484635353088379 19
1718382973453 -0.3247631788253784 20
1718382973812 -0.4123551845550537 21
1718382974131 -0.3646266460418701 22
1718382974467 -0.32305729389190674 23
1718382974791 -0.18790006637573242 24
1718382975117 -0.012223482131958008 25
1718382975486 -0.14729595184326172 26
1718382975915 -0.31465423107147217 27
1718382976252 -0.1919841766357422 28
1718382976578 -0.20499467849731445 29
1718382976899 -0.21581602096557617 30
1718382977215 -0.21442079544067383 31
1718382977546 -0.21303725242614746 32
1718382977869 -0.2826392650604248 33
1718382978198 -0.2762258052825928 34
1718382978528 -0.1805253028869629 35
1718382978851 -0.1805095672607422 36
1718382979171 -0.18050932884216309 37
1718382979498 -0.18050932884216309 38
1718382979827 -0.18050932884216309 39
1718382980143 -0.18050932884216309 40
1718382980489 -0.18050503730773926 41
1718382980837 -0.18050932884216309 42
1718382981140 -0.18050932884216309 43
1718382981477 -0.1805095672607422 44
1718382981852 -0.18050932884216309 45
1718382982197 -0.21361207962036133 46
1718382982518 -0.7501267194747925 47
1718382982831 -0.0720820426940918 48
1718382983143 -0.33574068546295166 49
