1718385530403 0.2926829268292683 0
1718385530743 0.1925133689839572 1
1718385531060 0.21176470588235294 2
1718385531396 0.3025210084033613 3
1718385531713 0.3025210084033613 4
1718385532031 0.3025210084033613 5
1718385532361 0.3025210084033613 6
1718385532666 0.3025210084033613 7
1718385532984 0.3025210084033613 8
1718385533303 0.3025210084033613 9
1718385533631 0.3025210084033613 10
1718385533942 0.3025210084033613 11
1718385534259 0.3025210084033613 12
1718385534573 0.3025210084033613 13
1718385534889 0.3025210084033613 14
1718385535198 0.3025210084033613 15
1718385535531 0.3434343434343434 16
1718385535866 0.2926829268292683 17
1718385536178 0.2926829268292683 18
1718385536497 0.2926829268292683 19
1718385536822 0.2926829268292683 20
1718385537143 0.2926829268292683 21
1718385537469 0.2926829268292683 22
1718385537797 0.2926829268292683 23
1718385538120 0.2926829268292683 24
1718385538450 0.2926829268292683 25
1718385538854 0.2926829268292683 26
1718385539176 0.2926829268292683 27
1718385539511 0.2926829268292683 28
1718385539835 0.2926829268292683 29
1718385540167 0.2926829268292683 30
1718385540506 0.2926829268292683 31
1718385540845 0.2926829268292683 32
1718385541175 0.2926829268292683 33
1718385541508 0.2926829268292683 34
1718385541833 0.2926829268292683 35
1718385542147 0.2926829268292683 36
1718385542622 0.2926829268292683 37
1718385543021 0.2926829268292683 38
1718385543408 0.2926829268292683 39
1718385543785 0.2926829268292683 40
1718385544163 0.2926829268292683 41
1718385544539 0.2926829268292683 42
1718385544912 0.2926829268292683 43
1718385545280 0.2926829268292683 44
1718385545692 0.2926829268292683 45
1718385546069 0.2926829268292683 46
1718385546494 0.2926829268292683 47
1718385546859 0.2926829268292683 48
1718385547212 0.2926829268292683 49
