1718415153726 2.7543203830718994 0
1718415154441 2.593634605407715 1
1718415155143 2.274672031402588 2
1718415155876 2.5202109813690186 3
1718415156641 2.3888134956359863 4
1718415157326 5.892389297485352 5
1718415158025 2.5832622051239014 6
1718415158725 4.8807291984558105 7
1718415159425 2.746075391769409 8
1718415160142 2.4805660247802734 9
1718415160875 6.259207725524902 10
1718415161625 3.3114218711853027 11
1718415162341 5.28800106048584 12
1718415163075 2.4810845851898193 13
1718415163811 3.1957736015319824 14
1718415164542 12.435799598693848 15
1718415165324 2.968604564666748 16
1718415166041 3.7097327709198 17
1718415166774 2.99591064453125 18
1718415167491 2.504622459411621 19
1718415168207 8.097478866577148 20
1718415168940 3.7185211181640625 21
1718415169640 3.6185765266418457 22
1718415170340 2.727893352508545 23
1718415171040 2.6904430389404297 24
1718415171755 2.999225616455078 25
1718415172439 6.821263790130615 26
1718415173139 2.2992615699768066 27
1718415173856 3.0799598693847656 28
1718415174556 2.9184820652008057 29
1718415175272 2.4174368381500244 30
1718415175972 2.5855460166931152 31
1718415176722 5.695474624633789 32
1718415177588 5.530125617980957 33
1718415178288 3.165757417678833 34
1718415179005 10.276189804077148 35
1718415179688 10.276823043823242 36
1718415180421 3.0975751876831055 37
1718415181254 2.6784234046936035 38
1718415181971 2.650146007537842 39
1718415182804 2.483147382736206 40
1718415183654 6.84041690826416 41
1718415184520 2.732515811920166 42
1718415185371 5.05026912689209 43
1718415186220 2.584970474243164 44
1718415187071 3.0651228427886963 45
1718415187936 2.707235813140869 46
1718415188903 7.7443084716796875 47
1718415189736 2.4247686862945557 48
1718415190572 4.939853668212891 49
