1718390289521 0.2421407550573349 0
1718390289806 0.2685251235961914 1
1718390290076 0.2536914646625519 2
1718390290379 0.25286349654197693 3
1718390290683 0.24835838377475739 4
1718390290969 0.24982643127441406 5
1718390291259 0.24413742125034332 6
1718390291538 0.24537542462348938 7
1718390291816 0.24236920475959778 8
1718390292103 0.2525824308395386 9
1718390292398 0.23113185167312622 10
1718390292687 0.25325000286102295 11
1718390292956 0.2428910881280899 12
1718390293238 0.2529776394367218 13
1718390293538 0.25741052627563477 14
1718390293821 0.26513200998306274 15
1718390294104 0.270677387714386 16
1718390294423 0.29369956254959106 17
1718390294935 0.25029173493385315 18
1718390295220 0.3216710388660431 19
1718390295509 0.22410732507705688 20
1718390295793 0.26343685388565063 21
1718390296095 0.2564602196216583 22
1718390296452 0.26168200373649597 23
1718390296744 0.2275160402059555 24
1718390297028 0.2746051549911499 25
1718390297313 0.24157242476940155 26
1718390297598 0.24819417297840118 27
1718390297901 0.3806268870830536 28
1718390298168 0.2778026759624481 29
1718390298464 0.310907244682312 30
1718390298717 0.301379531621933 31
1718390298962 0.32835933566093445 32
1718390299304 0.2619345188140869 33
1718390299566 0.23916567862033844 34
1718390299804 0.2522357106208801 35
1718390300052 0.2486347109079361 36
1718390300300 0.27815988659858704 37
1718390300545 0.2628961205482483 38
1718390300787 0.253521203994751 39
1718390301031 0.24245184659957886 40
1718390301276 0.23939836025238037 41
1718390301519 0.27979573607444763 42
1718390301759 0.2743682563304901 43
1718390301992 0.2908394932746887 44
1718390302245 0.2663011848926544 45
1718390302526 0.25652655959129333 46
1718390302769 0.2649630010128021 47
1718390302994 0.2659703493118286 48
1718390303243 0.32129567861557007 49
