1718381457340 0.0 0
1718381458032 0.0 1
1718381458819 0.0 2
1718381459488 0.0 3
1718381460207 0.6666666666666666 4
1718381460940 0.0 5
1718381461656 0.3333333333333333 6
1718381462402 0.0 7
1718381463226 0.0 8
1718381464020 0.0 9
1718381464815 0.0 10
1718381465602 0.0 11
1718381466376 0.0 12
1718381467195 0.0 13
1718381467992 1.0 14
1718381468785 0.0 15
1718381469575 0.0 16
1718381470379 1.0 17
1718381471156 0.6666666666666666 18
1718381471892 0.0 19
1718381472578 0.0 20
1718381473276 0.0 21
1718381473949 1.0 22
1718381474614 0.0 23
1718381475298 0.0 24
1718381475961 0.0 25
1718381476622 1.0 26
1718381477286 0.0 27
1718381477956 0.0 28
1718381478618 0.0 29
1718381479292 0.6666666666666666 30
1718381479964 0.0 31
1718381480626 1.0 32
1718381481301 0.0 33
1718381481966 0.0 34
1718381482629 1.0 35
1718381483301 0.0 36
1718381483965 0.0 37
1718381484626 1.0 38
1718381485297 0.0 39
1718381485955 0.0 40
1718381486633 0.0 41
1718381487315 1.0 42
1718381487987 0.3333333333333333 43
1718381488681 0.0 44
1718381489393 0.0 45
1718381490072 1.0 46
1718381490733 0.0 47
1718381491405 0.0 48
1718381492071 0.0 49
