1718438968355 nan 0
1718438968623 nan 1
1718438968960 nan 2
1718438969289 nan 3
1718438969589 nan 4
1718438969894 nan 5
1718438970189 nan 6
1718438970472 nan 7
1718438970772 nan 8
1718438971075 nan 9
1718438971372 nan 10
1718438971675 nan 11
1718438971972 nan 12
1718438972272 nan 13
1718438972571 nan 14
1718438972872 nan 15
1718438973172 nan 16
1718438973470 nan 17
1718438973772 nan 18
1718438974088 nan 19
1718438974388 nan 20
1718438974707 nan 21
1718438975022 nan 22
1718438975338 nan 23
1718438975670 nan 24
1718438975971 nan 25
1718438976288 nan 26
1718438976588 nan 27
1718438976908 nan 28
1718438977253 nan 29
1718438977708 nan 30
1718438978038 nan 31
1718438978338 nan 32
1718438978639 nan 33
1718438978955 nan 34
1718438979271 nan 35
1718438979604 nan 36
1718438979924 nan 37
1718438980238 nan 38
1718438980537 nan 39
1718438980854 nan 40
1718438981157 nan 41
1718438981471 nan 42
1718438981770 nan 43
1718438982070 nan 44
1718438982370 nan 45
1718438982674 nan 46
1718438982990 nan 47
1718438983287 nan 48
1718438983587 nan 49
