1718434308806 14.547317504882812 0
1718434309540 2.290689706802368 1
1718434310210 9.428712844848633 2
1718434310865 8.971090316772461 3
1718434311539 7.700228214263916 4
1718434312206 2.280449867248535 5
1718434312841 2.2734971046447754 6
1718434313507 8.088528633117676 7
1718434314172 10.813108444213867 8
1718434314890 2.267716884613037 9
1718434315663 6.756021976470947 10
1718434316372 19.120561599731445 11
1718434317059 9.636491775512695 12
1718434317855 8.056017875671387 13
1718434318638 9.313693046569824 14
1718434319325 2.2760848999023438 15
1718434320022 9.001460075378418 16
1718434320738 2.772841453552246 17
1718434321471 2.2156906127929688 18
1718434322154 9.668266296386719 19
1718434323094 8.785141944885254 20
1718434324021 2.2684569358825684 21
1718434324894 2.2726035118103027 22
1718434325770 2.285310745239258 23
1718434326595 11.592930793762207 24
1718434327420 2.2781529426574707 25
1718434328236 9.220236778259277 26
1718434329069 2.180781841278076 27
1718434329902 2.377026081085205 28
1718434330769 25.6054744720459 29
1718434331602 19.843107223510742 30
1718434332437 11.634224891662598 31
1718434333318 8.986594200134277 32
1718434334070 2.2694826126098633 33
1718434334868 2.3247225284576416 34
1718434335637 2.258101463317871 35
1718434336384 10.048711776733398 36
1718434337168 2.275684118270874 37
1718434337951 2.2868294715881348 38
1718434338734 9.715566635131836 39
1718434339497 9.110871315002441 40
1718434340222 9.85664176940918 41
1718434340967 9.122085571289062 42
1718434341750 8.918012619018555 43
1718434342523 16.401721954345703 44
1718434343285 9.338777542114258 45
1718434344051 7.940451622009277 46
1718434344733 2.497252941131592 47
1718434345399 2.236402750015259 48
1718434346067 9.51446533203125 49
