1718383464427 0.3745851370851371 0
1718383464761 0.3919753086419753 1
1718383465122 0.3837944664031621 2
1718383465436 0.4623641042405345 3
1718383465757 0.4690476190476191 4
1718383466066 0.39766081871345027 5
1718383466378 0.4275724275724275 6
1718383466695 0.08080808080808081 7
1718383467012 0.34151785714285715 8
1718383467327 0.5690672963400236 9
1718383467632 0.46987522281639926 10
1718383467953 0.3680124223602484 11
1718383468261 0.36209150326797385 12
1718383468592 0.3572192513368984 13
1718383468906 0.363145626303521 14
1718383469219 0.49597060693317374 15
1718383469529 0.48717948717948717 16
1718383469859 0.43129559516114135 17
1718383470198 0.5249019607843138 18
1718383470503 0.3588095238095238 19
1718383470837 0.5883190883190883 20
1718383471153 0.4135586635586635 21
1718383471476 0.45244755244755236 22
1718383471810 0.6241395859042919 23
1718383472127 0.3534188034188034 24
1718383472447 0.5377433530552623 25
1718383472769 0.481505376344086 26
1718383473085 0.43028222730739896 27
1718383473414 0.3052910052910053 28
1718383473735 0.4523131189797856 29
1718383474071 0.5041666666666667 30
1718383474399 0.22542967804405714 31
1718383474719 0.4918142463597009 32
1718383475096 0.42521367521367526 33
1718383475477 0.5054945054945055 34
1718383475806 0.453968253968254 35
1718383476161 0.26001690617075235 36
1718383476477 0.34023668639053256 37
1718383476805 0.4717948717948719 38
1718383477116 0.5145063430777717 39
1718383477480 0.36801818870784386 40
1718383477803 0.3854945054945054 41
1718383478122 0.4684343434343434 42
1718383478431 0.5340136054421769 43
1718383478756 0.19440559440559443 44
1718383479085 0.5151515151515151 45
1718383479401 0.4607424822942064 46
1718383479724 0.3165532879818594 47
1718383480053 0.20267896354852874 48
1718383480364 0.2504273504273504 49
