1718533433500 0.09212121212121212 0
1718533433866 0.09151515151515152 1
1718533434216 0.09212121212121212 2
1718533434581 0.10848484848484849 3
1718533434933 0.09212121212121212 4
1718533435283 0.09151515151515152 5
1718533435633 0.09212121212121212 6
1718533435983 0.009696969696969697 7
1718533436364 0.10606060606060606 8
1718533436733 0.1812121212121212 9
1718533437083 0.10848484848484849 10
1718533437462 0.09212121212121212 11
1718533437816 0.09151515151515152 12
1718533438215 0.10848484848484849 13
1718533438600 0.09151515151515152 14
1718533438965 0.10848484848484849 15
1718533439365 0.09151515151515152 16
1718533439768 0.09212121212121212 17
1718533440202 0.10848484848484849 18
1718533440617 0.10787878787878788 19
1718533441015 0.09212121212121212 20
1718533441400 0.11818181818181818 21
1718533441751 0.09212121212121212 22
1718533442131 0.2175757575757576 23
1718533442665 0.20242424242424242 24
1718533443165 0.21515151515151515 25
1718533443665 0.10848484848484849 26
1718533444181 0.09212121212121212 27
1718533444642 0.17636363636363636 28
1718533445114 0.24909090909090909 29
1718533445750 0.15878787878787878 30
1718533446214 0.2503030303030303 31
1718533446701 0.2587878787878788 32
1718533447164 0.23636363636363636 33
1718533447642 0.10848484848484849 34
1718533448114 0.08727272727272728 35
1718533448601 0.09212121212121212 36
1718533449080 0.09818181818181818 37
1718533449613 0.09212121212121212 38
1718533450114 0.10848484848484849 39
1718533450631 0.09212121212121212 40
1718533451162 0.10848484848484849 41
1718533451663 0.09212121212121212 42
1718533452164 0.10848484848484849 43
1718533452663 0.09212121212121212 44
1718533453144 0.10848484848484849 45
1718533453642 0.09212121212121212 46
1718533454096 0.10848484848484849 47
1718533454547 0.09212121212121212 48
1718533455017 0.10848484848484849 49
