1718555499990 0.5470588235294118 0
1718555500390 1.0 1
1718555500790 1.0 2
1718555501189 1.0 3
1718555501576 1.0 4
1718555501940 1.0 5
1718555502326 1.0 6
1718555502723 1.0 7
1718555503106 1.0 8
1718555503510 1.0 9
1718555503906 1.0 10
1718555504289 1.0 11
1718555504673 1.0 12
1718555505056 1.0 13
1718555505441 1.0 14
1718555505822 1.0 15
1718555506222 1.0 16
1718555506606 1.0 17
1718555507005 1.0 18
1718555507389 1.0 19
1718555507772 1.0 20
1718555508155 0.6006389776357828 21
1718555508505 1.0 22
1718555508858 1.0 23
1718555509205 1.0 24
1718555509555 1.0 25
1718555510038 1.0 26
1718555510388 1.0 27
1718555510755 1.0 28
1718555511121 1.0 29
1718555511471 1.0 30
1718555511838 1.0 31
1718555512191 1.0 32
1718555512538 1.0 33
1718555512904 1.0 34
1718555513238 1.0 35
1718555513591 1.0 36
1718555513938 1.0 37
1718555514287 1.0 38
1718555514637 1.0 39
1718555514987 1.0 40
1718555515354 1.0 41
1718555515687 1.0 42
1718555516087 1.0 43
1718555516436 1.0 44
1718555516787 1.0 45
1718555517128 1.0 46
1718555517487 1.0 47
1718555517853 1.0 48
1718555518220 1.0 49
