1718537540542 1.0 0
1718537541391 1.0 1
1718537542240 1.0 2
1718537542989 1.0 3
1718537543741 1.0 4
1718537544524 1.0 5
1718537545301 1.0 6
1718537546240 1.0 7
1718537547040 1.0 8
1718537547857 1.0 9
1718537548657 1.0 10
1718537549460 1.0 11
1718537550256 1.0 12
1718537551076 1.0 13
1718537551873 1.0 14
1718537552702 1.0 15
1718537553442 1.0 16
1718537554224 1.0 17
1718537555005 1.0 18
1718537555791 1.0 19
1718537556587 1.0 20
1718537557338 1.0 21
1718537558105 1.0 22
1718537558897 1.0 23
1718537559641 1.0 24
1718537560404 1.0 25
1718537561269 1.0 26
1718537562091 1.0 27
1718537562870 1.0 28
1718537563637 1.0 29
1718537564440 1.0 30
1718537565203 1.0 31
1718537565970 1.0 32
1718537566756 1.0 33
1718537567520 1.0 34
1718537568303 1.0 35
1718537569086 1.0 36
1718537569869 1.0 37
1718537570639 1.0 38
1718537571402 1.0 39
1718537572256 1.0 40
1718537573085 1.0 41
1718537573838 1.0 42
1718537574605 1.0 43
1718537575385 1.0 44
1718537576160 1.0 45
1718537576901 1.0 46
1718537577684 1.0 47
1718537578417 1.0 48
1718537579201 1.0 49
