1718330503286 0.17142857142857143 0
1718330503571 0.17142857142857143 1
1718330503900 0.17142857142857143 2
1718330504215 0.17142857142857143 3
1718330504501 0.17142857142857143 4
1718330504788 0.17142857142857143 5
1718330505082 0.08571428571428572 6
1718330505381 0.08571428571428572 7
1718330505676 0.08571428571428572 8
1718330505957 0.08571428571428572 9
1718330506233 0.08571428571428572 10
1718330506518 0.14285714285714285 11
1718330506806 0.14285714285714285 12
1718330507109 0.14285714285714285 13
1718330507390 0.14285714285714285 14
1718330507680 0.14285714285714285 15
1718330507965 0.14285714285714285 16
1718330508263 0.14285714285714285 17
1718330508549 0.14285714285714285 18
1718330508847 0.14285714285714285 19
1718330509135 0.14285714285714285 20
1718330509422 0.14285714285714285 21
1718330509722 0.14285714285714285 22
1718330510015 0.14285714285714285 23
1718330510307 0.14285714285714285 24
1718330510615 0.14285714285714285 25
1718330510924 0.14285714285714285 26
1718330511218 0.14285714285714285 27
1718330511508 0.14285714285714285 28
1718330511812 0.14285714285714285 29
1718330512115 0.14285714285714285 30
1718330512412 0.14285714285714285 31
1718330512725 0.14285714285714285 32
1718330513010 0.14285714285714285 33
1718330513294 0.14285714285714285 34
1718330513578 0.14285714285714285 35
1718330513890 0.14285714285714285 36
1718330514194 0.14285714285714285 37
1718330514498 0.14285714285714285 38
1718330514851 0.14285714285714285 39
1718330515140 0.14285714285714285 40
1718330515440 0.14285714285714285 41
1718330515739 0.14285714285714285 42
1718330516028 0.14285714285714285 43
1718330516318 0.14285714285714285 44
1718330516612 0.14285714285714285 45
1718330516911 0.14285714285714285 46
1718330517202 0.08571428571428572 47
1718330517509 0.08571428571428572 48
1718330517812 0.08571428571428572 49
