1718330503267 0.07455599308013916 0
1718330503552 0.07492601871490479 1
1718330503878 0.07523643970489502 2
1718330504192 0.07544565200805664 3
1718330504482 0.09279656410217285 4
1718330504770 0.24390506744384766 5
1718330505060 -0.11602354049682617 6
1718330505360 -0.09389925003051758 7
1718330505656 -0.07563376426696777 8
1718330505937 -0.06101822853088379 9
1718330506213 -0.04957246780395508 10
1718330506498 -0.040717363357543945 11
1718330506786 -0.03389739990234375 12
1718330507075 -0.02864527702331543 13
1718330507369 -0.024588584899902344 14
1718330507660 -0.02144026756286621 15
1718330507948 -0.01898479461669922 16
1718330508244 -0.017058849334716797 17
1718330508529 -0.015539407730102539 18
1718330508827 -0.014331579208374023 19
1718330509115 -0.013365507125854492 20
1718330509401 -0.01258707046508789 21
1718330509702 -0.011953353881835938 22
1718330509995 -0.01143336296081543 23
1718330510286 -0.011000871658325195 24
1718330510585 -0.010638236999511719 25
1718330510904 -0.010328292846679688 26
1718330511198 -0.010062694549560547 27
1718330511489 -0.009829998016357422 28
1718330511793 -0.009625434875488281 29
1718330512095 -0.009441852569580078 30
1718330512391 -0.009276866912841797 31
1718330512705 -0.009125947952270508 32
1718330512991 -0.008988380432128906 33
1718330513274 -0.008859872817993164 34
1718330513557 -0.008740425109863281 35
1718330513869 -0.008629798889160156 36
1718330514174 -0.008526325225830078 37
1718330514472 -0.008428335189819336 38
1718330514832 -0.008335113525390625 39
1718330515119 -0.008248090744018555 40
1718330515420 -0.00816488265991211 41
1718330515717 -0.008086681365966797 42
1718330516008 -0.008011817932128906 43
1718330516298 -0.007941484451293945 44
1718330516590 -0.007874250411987305 45
1718330516892 -0.007810115814208984 46
1718330517181 -0.007748842239379883 47
1718330517469 -0.0076906681060791016 48
1718330517793 -0.007634878158569336 49
