1718571361125 1.0 0
1718571365873 1.0 1
1718571371027 1.0 2
1718571376883 1.0 3
1718571380871 1.0 4
1718571384532 0.5168195718654435 5
1718571388134 1.0 6
1718571391779 1.0 7
1718571395528 1.0 8
1718571399117 1.0 9
1718571402761 1.0 10
1718571406378 1.0 11
1718571409964 1.0 12
1718571413758 1.0 13
1718571417399 1.0 14
1718571420982 1.0 15
1718571425451 1.0 16
1718571430952 1.0 17
1718571437299 1.0 18
1718571441369 0.48563218390804597 19
1718571444900 1.0 20
1718571448882 0.4885057471264368 21
1718571453266 1.0 22
1718571456549 1.0 23
1718571459795 1.0 24
1718571463863 1.0 25
1718571467621 1.0 26
1718571470813 1.0 27
1718571473885 0.4827586206896552 28
1718571477118 1.0 29
1718571480391 1.0 30
1718571483982 1.0 31
1718571488554 1.0 32
1718571492990 1.0 33
1718571496860 1.0 34
1718571500012 1.0 35
1718571503124 1.0 36
1718571506262 0.4942528735632184 37
1718571509457 1.0 38
1718571512561 1.0 39
1718571515660 1.0 40
1718571518772 1.0 41
1718571522542 1.0 42
1718571526217 1.0 43
1718571529530 1.0 44
1718571532888 1.0 45
1718571536386 1.0 46
1718571540911 0.5172413793103449 47
1718571544932 1.0 48
1718571549154 0.48563218390804597 49
