1718555518681 nan 0
1718555519028 nan 1
1718555519503 nan 2
1718555519879 nan 3
1718555520253 nan 4
1718555520628 nan 5
1718555521003 nan 6
1718555521353 nan 7
1718555521703 nan 8
1718555522052 nan 9
1718555522486 nan 10
1718555523019 nan 11
1718555523581 nan 12
1718555524085 nan 13
1718555524552 nan 14
1718555525019 nan 15
1718555525452 nan 16
1718555525905 nan 17
1718555526385 nan 18
1718555526829 nan 19
1718555527300 nan 20
1718555527752 nan 21
1718555528201 nan 22
1718555528651 nan 23
1718555529101 nan 24
1718555529568 nan 25
1718555530034 nan 26
1718555530468 nan 27
1718555530967 nan 28
1718555531417 nan 29
1718555531901 nan 30
1718555532367 nan 31
1718555532953 nan 32
1718555533384 nan 33
1718555533834 nan 34
1718555534317 nan 35
1718555534756 nan 36
1718555535200 nan 37
1718555535658 nan 38
1718555536103 nan 39
1718555536566 nan 40
1718555537033 nan 41
1718555537486 nan 42
1718555537962 nan 43
1718555538416 nan 44
1718555538867 nan 45
1718555539299 nan 46
1718555539699 nan 47
1718555540052 nan 48
1718555540399 nan 49
