1718514983631 -6.168660371373775 0
1718514986299 1.183115848956926 1
1718514988983 2.616238716566736 2
1718514991651 5.672015800212407 3
1718514994320 5.133348681955776 4
1718514997003 -0.8459085761290606 5
1718514999674 4.779168229903075 6
1718515002393 3.5059945748233066 7
1718515005045 3.4801825050032438 8
1718515007748 -3.661999373315023 9
1718515010397 -0.6023195351293573 10
1718515013100 -0.2904028980215214 11
1718515015753 5.083857022150861 12
1718515018505 5.458042335297341 13
1718515021307 5.077120652868061 14
1718515024629 4.5760773593677735 15
1718515028179 -5.597296959856118 16
1718515031598 4.432869701873623 17
1718515034400 0.4263887648855631 18
1718515037152 2.5984139076682595 19
1718515039904 0.04275595979667646 20
1718515042606 -2.2481808002845813 21
1718515045341 4.539983508089133 22
1718515048095 -3.342732650917779 23
1718515050738 -1.1442270841809234 24
1718515053438 -5.274465033643075 25
1718515056118 1.7728350181505688 26
1718515058801 3.28555302820803 27
1718515061437 4.569847348258925 28
1718515064105 3.952488706969681 29
1718515066744 4.56728903679869 30
1718515069426 -0.33367315424704813 31
1718515072111 4.548000762203043 32
1718515074816 3.666920470367752 33
1718515077451 -0.9757867545780918 34
1718515080134 -8.615528123837993 35
1718515083053 -0.049856820744702546 36
1718515086572 1.7997894965493835 37
1718515090045 1.5823343935675043 38
1718515093060 4.647412810606627 39
1718515095830 -0.0389171237390773 40
1718515098464 -3.089077163897585 41
1718515101150 -1.8083108511166976 42
1718515103818 -2.1780782114017754 43
1718515106504 -9.406629691530808 44
1718515109195 -8.812776572700141 45
1718515111811 1.8896580543523047 46
1718515114410 -10.035588298491593 47
1718515117131 0.8099709023774366 48
1718515119780 -4.995706459399645 49
