1718329734782 0.04691004753112793 0
1718329735088 -0.0598369836807251 1
1718329735382 0.09145140647888184 2
1718329735708 -0.1578350067138672 3
1718329736006 -0.08077239990234375 4
1718329736298 0.007577657699584961 5
1718329736594 0.03281450271606445 6
1718329736887 -0.019667387008666992 7
1718329737182 -0.20808053016662598 8
1718329737474 0.03548765182495117 9
1718329737766 -0.07277655601501465 10
1718329738059 -0.037354469299316406 11
1718329738357 0.6194045543670654 12
1718329738658 -0.09680593013763428 13
1718329738955 -0.3930586576461792 14
1718329739244 -0.1532597541809082 15
1718329739542 0.08893299102783203 16
1718329739842 -0.12285935878753662 17
1718329740152 -0.36912834644317627 18
1718329740450 -0.13666856288909912 19
1718329740756 -0.18649077415466309 20
1718329741053 -0.013917684555053711 21
1718329741349 0.2283768653869629 22
1718329741654 -0.11141681671142578 23
1718329741965 0.11530530452728271 24
1718329742300 0.03730344772338867 25
1718329742745 -0.1414332389831543 26
1718329743086 -0.36104631423950195 27
1718329743529 -0.12208259105682373 28
1718329743826 -0.03404128551483154 29
1718329744134 0.021318674087524414 30
1718329744442 0.25267815589904785 31
1718329744746 0.27209901809692383 32
1718329745041 0.08807587623596191 33
1718329745329 -0.16757750511169434 34
1718329745640 -0.057454824447631836 35
1718329745932 -0.40137147903442383 36
1718329746229 -0.15235507488250732 37
1718329746524 -0.14186227321624756 38
1718329746825 -0.02498936653137207 39
1718329747119 -0.18649077415466309 40
1718329747411 0.2380061149597168 41
1718329747721 -0.1106576919555664 42
1718329748014 -0.6090836524963379 43
1718329748312 0.3384099006652832 44
1718329748622 -0.5485661029815674 45
1718329748919 -0.22984075546264648 46
1718329749217 0.17380082607269287 47
1718329749515 -0.09105920791625977 48
1718329749824 -0.20869803428649902 49
