1718491979454 0.09151515151515152 0
1718491982438 0.11333333333333333 1
1718491986124 0.09151515151515152 2
1718491989677 0.09151515151515152 3
1718491992496 0.09212121212121212 4
1718491995484 0.09151515151515152 5
1718491998365 0.09151515151515152 6
1718492001175 0.09151515151515152 7
1718492004036 0.09151515151515152 8
1718492007057 0.09636363636363636 9
1718492010159 0.09151515151515152 10
1718492013245 0.09151515151515152 11
1718492016179 0.09151515151515152 12
1718492019166 0.09151515151515152 13
1718492022100 0.09151515151515152 14
1718492024970 0.09151515151515152 15
1718492027798 0.09151515151515152 16
1718492030612 0.09151515151515152 17
1718492033444 0.09151515151515152 18
1718492036218 0.09151515151515152 19
1718492039114 0.09151515151515152 20
1718492041983 0.09151515151515152 21
1718492045640 0.09151515151515152 22
1718492049205 0.09212121212121212 23
1718492052192 0.09151515151515152 24
1718492055046 0.09151515151515152 25
1718492057945 0.09151515151515152 26
1718492060797 0.09151515151515152 27
1718492063633 0.09151515151515152 28
1718492066434 0.09151515151515152 29
1718492069290 0.09151515151515152 30
1718492072073 0.09151515151515152 31
1718492074890 0.11090909090909092 32
1718492077892 0.09212121212121212 33
1718492080812 0.09212121212121212 34
1718492083697 0.09151515151515152 35
1718492086815 0.09333333333333334 36
1718492089785 0.09151515151515152 37
1718492092682 0.10363636363636364 38
1718492095656 0.09151515151515152 39
1718492098542 0.09151515151515152 40
1718492101377 0.09151515151515152 41
1718492104830 0.09151515151515152 42
1718492108487 0.09151515151515152 43
1718492111551 0.09151515151515152 44
1718492114420 0.09151515151515152 45
1718492117458 0.09151515151515152 46
1718492120375 0.09151515151515152 47
1718492123243 0.09151515151515152 48
1718492125999 0.11212121212121212 49
