1718445840805 0.05 0
1718445841123 0.05 1
1718445841424 0.05 2
1718445841787 0.05 3
1718445842104 0.05 4
1718445842568 0.05 5
1718445843006 0.05 6
1718445843472 0.05 7
1718445843936 0.05 8
1718445844388 0.05 9
1718445844823 0.05 10
1718445845256 0.05 11
1718445845672 0.05 12
1718445846072 0.05 13
1718445846478 0.05 14
1718445846919 0.05 15
1718445847319 0.05 16
1718445847753 0.05 17
1718445848187 0.05 18
1718445848620 0.05 19
1718445849019 0.05 20
1718445849486 0.05 21
1718445849918 0.05 22
1718445850335 0.05 23
1718445850752 0.05 24
1718445851168 0.05 25
1718445851585 0.05 26
1718445852019 0.05 27
1718445852434 0.05 28
1718445852869 0.05 29
1718445853302 0.05 30
1718445853750 0.05 31
1718445854151 0.05 32
1718445854569 0.05 33
1718445854984 0.05 34
1718445855401 0.05 35
1718445855818 0.05 36
1718445856228 0.05 37
1718445856634 0.05 38
1718445857034 0.05 39
1718445857467 0.05 40
1718445857836 0.05 41
1718445858200 0.05 42
1718445858568 0.05 43
1718445858951 0.05 44
1718445859335 0.05 45
1718445859683 0.05 46
1718445860054 0.05 47
1718445860400 0.05 48
1718445860783 0.05 49
