1718388915497 0.9255843060927896 0
1718388915779 0.902794813220781 1
1718388916079 0.9156394590922101 2
1718388916384 0.9221061602618545 3
1718388916688 0.9282882533605841 4
1718388916988 0.9133935069248723 5
1718388917223 0.9221140703939348 6
1718388917449 0.919602414510307 7
1718388917681 0.9157534899525248 8
1718388917920 0.9219278926233949 9
1718388918163 0.9131692861431135 10
1718388918394 0.9101181998253566 11
1718388918633 0.9276182931638703 12
1718388918866 0.9347397835296509 13
1718388919103 0.9141614508226775 14
1718388919326 0.9248068491687084 15
1718388919562 0.9288383440468777 16
1718388919798 0.9162427204161185 17
1718388920033 0.9058031117136026 18
1718388920271 0.8950670678142483 19
1718388920683 0.924571529798655 20
1718388920911 0.9164381853757573 21
1718388921142 0.9344854693627698 22
1718388921373 0.92535221974752 23
1718388921609 0.9340107801906059 24
1718388921843 0.9096088678627278 25
1718388922097 0.8952092852355295 26
1718388922348 0.91250699567456 27
1718388922585 0.9069282582926129 28
1718388922814 0.9224753848806241 29
1718388923048 0.9104251558642681 30
1718388923307 0.9344132618759484 31
1718388923544 0.9037521735868347 32
1718388923776 0.9135340059921315 33
1718388924014 0.909481545724114 34
1718388924268 0.9353112177956256 35
1718388924514 0.8999060579129776 36
1718388924745 0.9049077915945763 37
1718388924976 0.9030646703912363 38
1718388925221 0.8924803726405174 39
1718388925462 0.9125222272200032 40
1718388925696 0.9195424881033887 41
1718388925930 0.9316106414640135 42
1718388926170 0.919005990840106 43
1718388926413 0.9310418146474913 44
1718388926657 0.9277994816552072 45
1718388926899 0.9315062127199558 46
1718388927139 0.9197317927914764 47
1718388927373 0.9089038775994693 48
1718388927608 0.9064961918228148 49
