1718330179742 2.340285301208496 0
1718330180055 2.340285301208496 1
1718330180347 2.340285301208496 2
1718330180671 2.340285301208496 3
1718330180964 2.340285301208496 4
1718330181257 2.340285301208496 5
1718330181553 2.340285301208496 6
1718330181866 2.340285301208496 7
1718330182159 2.340285301208496 8
1718330182447 2.340285301208496 9
1718330182745 2.340285301208496 10
1718330183041 2.340285301208496 11
1718330183335 2.340285301208496 12
1718330183634 2.340285301208496 13
1718330183921 2.340285301208496 14
1718330184208 2.340285301208496 15
1718330184495 2.340285301208496 16
1718330184794 2.340285301208496 17
1718330185082 2.340285301208496 18
1718330185372 2.340285301208496 19
1718330185683 2.349781036376953 20
1718330185982 2.349781036376953 21
1718330186282 2.349781036376953 22
1718330186596 2.349781036376953 23
1718330186901 2.349781036376953 24
1718330187206 2.349780797958374 25
1718330187509 2.349781036376953 26
1718330187817 2.349781036376953 27
1718330188117 2.349781036376953 28
1718330188417 2.349781036376953 29
1718330188746 2.349781036376953 30
1718330189044 2.349781036376953 31
1718330189347 2.349781036376953 32
1718330189666 2.349780797958374 33
1718330189963 2.349781036376953 34
1718330190272 2.349781036376953 35
1718330190580 2.349781036376953 36
1718330190907 2.349781036376953 37
1718330191202 2.349781036376953 38
1718330191497 2.349781036376953 39
1718330191823 2.349781036376953 40
1718330192138 2.349781036376953 41
1718330192438 2.349781036376953 42
1718330192757 2.349781036376953 43
1718330193056 2.349781036376953 44
1718330193360 2.349780797958374 45
1718330193664 2.349781036376953 46
1718330193970 2.349781036376953 47
1718330194274 2.349781036376953 48
1718330194573 2.349781036376953 49
