1718452423658 0.3333333333333333 0
1718452424441 0.3333333333333333 1
1718452425158 0.3333333333333333 2
1718452425886 0.0 3
1718452426691 0.3333333333333333 4
1718452427409 0.3333333333333333 5
1718452428145 0.3333333333333333 6
1718452428863 0.3333333333333333 7
1718452429626 0.3333333333333333 8
1718452430377 0.3333333333333333 9
1718452431174 0.3333333333333333 10
1718452431923 0.0 11
1718452432721 0.3333333333333333 12
1718452433505 0.3333333333333333 13
1718452434274 0.4615384615384615 14
1718452435040 0.3333333333333333 15
1718452435791 0.3333333333333333 16
1718452436660 0.0 17
1718452437539 0.3333333333333333 18
1718452438313 0.4615384615384615 19
1718452439026 0.0 20
1718452439721 0.0 21
1718452440471 0.3333333333333333 22
1718452441189 0.3333333333333333 23
1718452441914 0.3333333333333333 24
1718452442904 0.3333333333333333 25
1718452443887 0.3333333333333333 26
1718452444820 0.3333333333333333 27
1718452445736 0.3333333333333333 28
1718452446669 0.3333333333333333 29
1718452447570 0.3333333333333333 30
1718452448486 0.3333333333333333 31
1718452449414 0.3333333333333333 32
1718452450323 0.3333333333333333 33
1718452451219 0.3333333333333333 34
1718452452119 0.3333333333333333 35
1718452453022 0.3333333333333333 36
1718452453967 0.3333333333333333 37
1718452454935 0.3333333333333333 38
1718452455902 0.3333333333333333 39
1718452456801 0.3333333333333333 40
1718452457685 0.3333333333333333 41
1718452458554 0.3333333333333333 42
1718452459401 0.3333333333333333 43
1718452460251 0.3333333333333333 44
1718452461054 0.3333333333333333 45
1718452461900 0.3333333333333333 46
1718452462767 0.3333333333333333 47
1718452463634 0.3333333333333333 48
1718452464535 0.36 49
