1718538869913 3.9251360198292695e+25 0
1718538870265 5.42076805336652e+25 1
1718538870613 8.128465542359745e+25 2
1718538870967 1.12257292125678e+26 3
1718538871313 1.6833033970187884e+26 4
1718538871646 2.324707572040673e+26 5
1718538871996 3.485910004529649e+26 6
1718538872332 4.814177772798905e+26 7
1718538872679 7.218883155396594e+26 8
1718538873013 9.969559067771112e+26 9
1718538873346 1.494940372868207e+27 10
1718538873696 2.0645705172020647e+27 11
1718538874040 3.0958335310335083e+27 12
1718538874362 4.275466216206992e+27 13
1718538874712 6.411081785664779e+27 14
1718538875046 8.853956064295142e+27 15
1718538875362 1.3276549674311274e+28 16
1718538875830 1.833542963156697e+28 17
1718538876162 2.7494066288082947e+28 18
1718538876515 3.7970374238989456e+28 19
1718538876848 5.6936769881657225e+28 20
1718538877212 7.863188346557184e+28 21
1718538877562 1.1790890581498918e+29 22
1718538877912 1.6283677328857263e+29 23
1718538878278 2.4417454913699636e+29 24
1718538878627 3.372145569140963e+29 25
1718538878945 5.056547958239124e+29 26
1718538879298 6.983288972612003e+29 27
1718538879644 1.0471475931073907e+30 28
1718538879995 1.446151670924606e+30 29
1718538880328 2.168511293396651e+30 30
1718538880676 2.994799095150689e+30 31
1718538881011 4.490715139629639e+30 32
1718538881348 6.201853527691487e+30 33
1718538881678 9.29970841102959e+30 34
1718538882027 1.2843260394136658e+31 35
1718538882377 1.9258531641393813e+31 36
1718538882694 2.659678148415215e+31 37
1718538883047 3.9882000979423524e+31 38
1718538883411 5.5078597477499885e+31 39
1718538883744 8.259061076050113e+31 40
1718538884077 1.140608841263813e+32 41
1718538884410 1.7103478231113694e+32 42
1718538884892 2.3620576816586663e+32 43
1718538885210 3.54191589543835e+32 44
1718538885560 4.8915247028237304e+32 45
1718538885877 7.334864366893088e+32 46
1718538886209 1.0129732966224283e+33 47
1718538886543 1.5189583084183482e+33 48
1718538886877 2.097740925823212e+33 49
