1718538381779 nan 0
1718538382226 nan 1
1718538382676 nan 2
1718538383145 nan 3
1718538383576 nan 4
1718538384042 nan 5
1718538384475 nan 6
1718538384917 nan 7
1718538385342 nan 8
1718538385794 nan 9
1718538386262 nan 10
1718538386709 nan 11
1718538387157 nan 12
1718538387592 nan 13
1718538388041 nan 14
1718538388491 nan 15
1718538388960 nan 16
1718538389378 nan 17
1718538389858 nan 18
1718538390345 nan 19
1718538390808 nan 20
1718538391261 nan 21
1718538391701 nan 22
1718538392124 nan 23
1718538392574 nan 24
1718538393026 nan 25
1718538393443 nan 26
1718538393899 nan 27
1718538394340 nan 28
1718538394776 nan 29
1718538395223 nan 30
1718538395657 nan 31
1718538396127 nan 32
1718538396559 nan 33
1718538397040 nan 34
1718538397473 nan 35
1718538397906 nan 36
1718538398356 nan 37
1718538398791 nan 38
1718538399239 nan 39
1718538399639 nan 40
1718538400115 nan 41
1718538400539 nan 42
1718538401022 nan 43
1718538401502 nan 44
1718538401972 nan 45
1718538402422 nan 46
1718538402839 nan 47
1718538403290 nan 48
1718538403703 nan 49
