1718437449022 0.0 0
1718437451798 0.0 1
1718437454787 0.0 2
1718437457370 0.0 3
1718437459586 0.0 4
1718437461786 0.0 5
1718437464035 0.0 6
1718437466254 0.0 7
1718437468554 0.0 8
1718437470722 0.0 9
1718437472886 0.0 10
1718437475069 0.0 11
1718437477200 0.0 12
1718437479332 0.0 13
1718437481482 0.0 14
1718437483648 0.0 15
1718437485918 0.0 16
1718437488050 0.0 17
1718437490147 0.0 18
1718437492264 0.0 19
1718437494365 0.0 20
1718437496479 0.0 21
1718437498596 0.0 22
1718437500729 0.0 23
1718437503111 0.0 24
1718437505962 0.0 25
1718437508888 0.0 26
1718437511812 0.0 27
1718437514679 0.0 28
1718437517125 0.0 29
1718437519343 0.0 30
1718437521444 0.0 31
1718437523558 0.0 32
1718437525773 0.0 33
1718437527870 0.0 34
1718437529957 0.0 35
1718437532063 0.0 36
1718437534172 0.0 37
1718437536266 0.0 38
1718437538321 0.0 39
1718437540387 0.0 40
1718437542503 0.0 41
1718437544589 0.0 42
1718437546654 0.0 43
1718437548736 0.0 44
1718437550835 0.0 45
1718437553001 0.0 46
1718437555118 0.0 47
1718437557218 0.0 48
1718437559319 0.0 49
