1718511996551 2.0921585034501806 0
1718511999136 3.8246227488626094 1
1718512001682 1.3366043500687947 2
1718512004240 -16.23314980693996 3
1718512006775 4.3221313391183385 4
1718512009360 -19.213607185761262 5
1718512012012 -22.45262485507277 6
1718512014583 2.3069322439021445 7
1718512017120 5.897118988162871 8
1718512019734 3.7669587364471906 9
1718512022469 3.7841527488320166 10
1718512025856 4.460527133575119 11
1718512029141 2.648562479618848 12
1718512032194 6.889693543887345 13
1718512034712 -22.908938230724445 14
1718512037348 3.1618524923753237 15
1718512039950 3.256905521872563 16
1718512042552 4.28415292861791 17
1718512045154 6.409613230721181 18
1718512047722 6.097584436715907 19
1718512050242 3.113661608553947 20
1718512052744 5.348797026662892 21
1718512055261 -13.34299938377818 22
1718512057815 3.1702831270312792 23
1718512060348 5.125743041190672 24
1718512062937 5.627300018883859 25
1718512065435 2.2777238707292793 26
1718512067921 4.228568642966808 27
1718512070424 2.861136047594974 28
1718512072924 1.607858665644256 29
1718512075476 3.0172995804398486 30
1718512078029 2.5140759454311867 31
1718512080633 1.4947832580286233 32
1718512083501 3.836408879178585 33
1718512086872 4.636935317908851 34
1718512090237 -18.42565533029773 35
1718512093056 2.3226134368911895 36
1718512095641 4.417986173134559 37
1718512098243 4.5156548839616715 38
1718512100812 2.1460577745528635 39
1718512103581 4.962222837793075 40
1718512106149 2.0191136761551705 41
1718512108768 3.321430295463879 42
1718512111336 5.3436669700192905 43
1718512113821 2.1193917987821678 44
1718512116323 -19.492829226340042 45
1718512118911 -22.001570365055866 46
1718512121464 4.233288091621242 47
1718512123962 4.527281440291941 48
1718512126514 0.061788001925104474 49
