1718511996587 0.09151515151515152 0
1718511999175 0.09151515151515152 1
1718512001721 0.09151515151515152 2
1718512004273 0.09151515151515152 3
1718512006808 0.09151515151515152 4
1718512009397 0.09151515151515152 5
1718512012063 0.09151515151515152 6
1718512014614 0.09151515151515152 7
1718512017166 0.09151515151515152 8
1718512019781 0.09151515151515152 9
1718512022539 0.09151515151515152 10
1718512025921 0.09151515151515152 11
1718512029195 0.09151515151515152 12
1718512032261 0.09151515151515152 13
1718512034762 0.09151515151515152 14
1718512037398 0.09151515151515152 15
1718512040036 0.09151515151515152 16
1718512042589 0.09151515151515152 17
1718512045203 0.09151515151515152 18
1718512047755 0.09151515151515152 19
1718512050274 0.09151515151515152 20
1718512052793 0.09151515151515152 21
1718512055300 0.09151515151515152 22
1718512057847 0.09151515151515152 23
1718512060385 0.09151515151515152 24
1718512062983 0.09151515151515152 25
1718512065485 0.09151515151515152 26
1718512067954 0.09151515151515152 27
1718512070456 0.09151515151515152 28
1718512072960 0.09151515151515152 29
1718512075509 0.09151515151515152 30
1718512078111 0.09151515151515152 31
1718512080680 0.09151515151515152 32
1718512083549 0.09151515151515152 33
1718512086918 0.09151515151515152 34
1718512090286 0.09151515151515152 35
1718512093105 0.09151515151515152 36
1718512095677 0.09151515151515152 37
1718512098276 0.09151515151515152 38
1718512100845 0.09151515151515152 39
1718512103614 0.09151515151515152 40
1718512106203 0.09151515151515152 41
1718512108801 0.09151515151515152 42
1718512111386 0.09151515151515152 43
1718512113871 0.09151515151515152 44
1718512116373 0.09151515151515152 45
1718512118959 0.09151515151515152 46
1718512121494 0.09151515151515152 47
1718512124012 0.09151515151515152 48
1718512126548 0.09151515151515152 49
