1718516588582 0.10303030303030303 0
1718516589161 0.10303030303030303 1
1718516589701 0.10303030303030303 2
1718516590232 0.10303030303030303 3
1718516590781 0.10303030303030303 4
1718516591284 0.10810844810541147 5
1718516591765 0.10303030303030303 6
1718516592264 0.10303030303030303 7
1718516592733 0.10303030303030303 8
1718516593264 0.10303030303030303 9
1718516593836 0.053692721570725764 10
1718516594364 0.17813830763292604 11
1718516594849 0.10303030303030303 12
1718516595364 0.05641049664660092 13
1718516595883 0.10787878787878788 14
1718516596402 0.30923747576967187 15
1718516596850 0.059145972026520346 16
1718516597307 0.10303030303030303 17
1718516597713 0.10303030303030303 18
1718516598147 0.10303030303030303 19
1718516598563 0.10303030303030303 20
1718516599003 0.10303030303030303 21
1718516599432 0.10303030303030303 22
1718516599904 0.10303030303030303 23
1718516600313 0.10303030303030303 24
1718516600745 0.10303030303030303 25
1718516601179 0.10303030303030303 26
1718516601613 0.10303030303030303 27
1718516602046 0.10303030303030303 28
1718516602479 0.03356146354303764 29
1718516602904 0.07841805566926104 30
1718516603312 0.079433976640885 31
1718516603746 0.10303030303030303 32
1718516604229 0.10303030303030303 33
1718516604662 0.10303030303030303 34
1718516605112 0.10303030303030303 35
1718516605560 0.10303030303030303 36
1718516605981 0.10303030303030303 37
1718516606448 0.10303030303030303 38
1718516606905 0.10303030303030303 39
1718516607345 0.10303030303030303 40
1718516607833 0.10303030303030303 41
1718516608295 0.10303030303030303 42
1718516608728 0.10303030303030303 43
1718516609163 0.10303030303030303 44
1718516609611 0.10303030303030303 45
1718516610028 0.10303030303030303 46
1718516610478 0.10303030303030303 47
1718516610894 0.10303030303030303 48
1718516611344 0.10303030303030303 49
