1718401014771 0.12104844070483765 0
1718401014955 0.2085561497326203 1
1718401015155 0.19650067294751009 2
1718401015622 0.09976318178839871 3
1718401015839 0.11575950724403301 4
1718401016039 0.2085561497326203 5
1718401016239 0.19775377871654232 6
1718401016439 0.2085561497326203 7
1718401016639 0.2085561497326203 8
1718401016856 0.2085561497326203 9
1718401017056 0.18312922619605532 10
1718401017256 0.11159869848146246 11
1718401017473 0.2085561497326203 12
1718401017690 0.26531899455817565 13
1718401017874 0.2085561497326203 14
1718401018090 0.19650067294751009 15
1718401018307 0.19650067294751009 16
1718401018541 0.19650067294751009 17
1718401018791 0.09964736662495735 18
1718401019008 0.29379164552720055 19
1718401019211 0.2085561497326203 20
1718401019408 0.2085561497326203 21
1718401019625 0.2085561497326203 22
1718401019825 0.2085561497326203 23
1718401020042 0.11035333381702096 24
1718401020242 0.2326316076871827 25
1718401020442 0.2085561497326203 26
1718401020642 0.19650067294751009 27
1718401020858 0.2037533512064343 28
1718401021059 0.2037533512064343 29
1718401021276 0.2085561497326203 30
1718401021477 0.2085561497326203 31
1718401021693 0.2085561497326203 32
1718401021893 0.2085561497326203 33
1718401022077 0.2085561497326203 34
1718401022327 0.0848738105355597 35
1718401022660 0.07624967884647922 36
1718401022927 0.20770904442591256 37
1718401023196 0.11612782651136132 38
1718401023478 0.2085561497326203 39
1718401023762 0.2037533512064343 40
1718401024028 0.0829085895721925 41
1718401024312 0.19650067294751009 42
1718401024595 0.2085561497326203 43
1718401024829 0.2085561497326203 44
1718401025082 0.11911286801298207 45
1718401025332 0.2085561497326203 46
1718401025563 0.09653198561711455 47
1718401025812 0.33414342580618106 48
1718401026030 0.2085561497326203 49
