1718524584958 0.5395348837209303 0
1718524585442 0.327970297029703 1
1718524585958 0.5029850746268657 2
1718524586445 0.32558139534883723 3
1718524586924 0.8727272727272727 4
1718524587424 0.49056603773584906 5
1718524587890 0.38226744186046513 6
1718524588374 0.558091286307054 7
1718524588908 0.4591961023142509 8
1718524589407 0.5318396226415094 9
1718524589907 0.31242460796139926 10
1718524590410 0.6784232365145229 11
1718524590873 0.3654080389768575 12
1718524591374 0.40625 13
1718524591840 0.4433734939759036 14
1718524592307 0.7920792079207921 15
1718524592796 0.896969696969697 16
1718524593273 0.6058091286307054 17
1718524593743 0.6887966804979253 18
1718524594206 0.6680497925311203 19
1718524594676 0.6831683168316832 20
1718524595173 0.6105610561056105 21
1718524595643 0.8174273858921162 22
1718524596123 0.6483300589390962 23
1718524596556 0.7421203438395415 24
1718524597043 0.2387332521315469 25
1718524597543 0.5700365408038977 26
1718524598043 0.24270353302611367 27
1718524598522 0.4835566382460414 28
1718524599005 0.3004484304932735 29
1718524599472 0.6369294605809128 30
1718524599938 0.5062240663900415 31
1718524600405 0.6418338108882522 32
1718524600888 0.7759336099585062 33
1718524601371 0.31191709844559584 34
1718524601838 0.423963133640553 35
1718524602321 1.0 36
1718524602774 0.5082508250825083 37
1718524603274 1.0 38
1718524603757 0.3671274961597542 39
1718524604254 1.0 40
1718524604704 1.0 41
1718524605187 0.3199152542372881 42
1718524605638 0.7427385892116183 43
1718524606120 0.9242424242424242 44
1718524606589 0.3834745762711864 45
1718524607070 0.8090909090909091 46
1718524607557 1.0 47
1718524608043 0.8303030303030303 48
1718524608504 0.34451901565995524 49
