1718396046280 1.0 0
1718396049521 1.0 1
1718396052688 1.0 2
1718396055604 1.0 3
1718396058008 0.0 4
1718396060476 1.0 5
1718396062995 1.0 6
1718396065580 1.0 7
1718396068198 1.0 8
1718396070838 1.0 9
1718396073459 1.0 10
1718396076053 1.0 11
1718396078556 1.0 12
1718396081196 1.0 13
1718396083826 1.0 14
1718396086328 1.0 15
1718396088894 1.0 16
1718396091616 1.0 17
1718396096036 1.0 18
1718396099521 1.0 19
1718396102342 1.0 20
1718396106211 1.0 21
1718396110035 0.0 22
1718396114018 1.0 23
1718396117585 1.0 24
1718396121674 1.0 25
1718396125220 1.0 26
1718396127793 1.0 27
1718396130412 1.0 28
1718396133230 1.0 29
1718396135782 1.0 30
1718396138417 1.0 31
1718396141086 1.0 32
1718396143671 1.0 33
1718396146223 1.0 34
1718396149557 1.0 35
1718396152229 1.0 36
1718396154813 1.0 37
1718396157398 1.0 38
1718396159950 1.0 39
1718396162786 1.0 40
1718396166288 1.0 41
1718396169574 1.0 42
1718396172960 1.0 43
1718396175745 1.0 44
1718396178280 1.0 45
1718396180932 1.0 46
1718396183618 1.0 47
1718396186186 1.0 48
1718396188720 1.0 49
