1718330949603 2.2390661239624023 0
1718330949922 2.2411932945251465 1
1718330950221 2.1231541633605957 2
1718330950533 2.052625894546509 3
1718330950835 1.9848397970199585 4
1718330951128 1.9825990200042725 5
1718330951429 1.9457842111587524 6
1718330951727 2.334303617477417 7
1718330952023 2.3269829750061035 8
1718330952316 1.6892424821853638 9
1718330952623 1.8774179220199585 10
1718330952918 1.6510018110275269 11
1718330953214 2.1074166297912598 12
1718330953504 1.6956508159637451 13
1718330953806 1.8234689235687256 14
1718330954103 1.7499326467514038 15
1718330954398 1.7971234321594238 16
1718330954702 2.1032962799072266 17
1718330955011 1.7678464651107788 18
1718330955307 1.8480144739151 19
1718330955610 2.319460868835449 20
1718330955909 1.895452618598938 21
1718330956213 2.183318614959717 22
1718330956519 2.1739957332611084 23
1718330956829 2.3050589561462402 24
1718330957121 2.0879082679748535 25
1718330957421 1.9947402477264404 26
1718330957752 1.8990256786346436 27
1718330958049 2.1291980743408203 28
1718330958354 2.0506486892700195 29
1718330958671 2.2751212120056152 30
1718330958975 2.037320375442505 31
1718330959294 1.81967031955719 32
1718330959599 2.0230154991149902 33
1718330959919 2.1190338134765625 34
1718330960233 2.302410125732422 35
1718330960540 1.900417447090149 36
1718330960860 2.193795680999756 37
1718330961172 1.966519832611084 38
1718330961501 1.4957935810089111 39
1718330961817 1.8358830213546753 40
1718330962129 2.2300987243652344 41
1718330962430 2.0751852989196777 42
1718330962741 1.9750345945358276 43
1718330963039 1.759061336517334 44
1718330963351 2.04830265045166 45
1718330963658 2.0372226238250732 46
1718330963969 1.902206301689148 47
1718330964271 1.7691859006881714 48
1718330964576 2.1271109580993652 49
