1718555578523 1.0 0
1718555578875 1.0 1
1718555579258 1.0 2
1718555579641 1.0 3
1718555579991 1.0 4
1718555580373 1.0 5
1718555580708 1.0 6
1718555581074 1.0 7
1718555581425 1.0 8
1718555581757 1.0 9
1718555582107 1.0 10
1718555582641 1.0 11
1718555583193 1.0 12
1718555583725 1.0 13
1718555584224 1.0 14
1718555584674 1.0 15
1718555585157 1.0 16
1718555585607 1.0 17
1718555586076 1.0 18
1718555586540 1.0 19
1718555587142 1.0 20
1718555587590 1.0 21
1718555588039 1.0 22
1718555588541 1.0 23
1718555588989 1.0 24
1718555589456 1.0 25
1718555589942 1.0 26
1718555590456 1.0 27
1718555590929 1.0 28
1718555591389 1.0 29
1718555591855 1.0 30
1718555592339 1.0 31
1718555592805 1.0 32
1718555593255 1.0 33
1718555593730 1.0 34
1718555594188 1.0 35
1718555594672 1.0 36
1718555595171 1.0 37
1718555595688 1.0 38
1718555596188 1.0 39
1718555596655 1.0 40
1718555597104 1.0 41
1718555597575 1.0 42
1718555598054 1.0 43
1718555598521 1.0 44
1718555598987 1.0 45
1718555599421 1.0 46
1718555599854 1.0 47
1718555600221 1.0 48
1718555600557 1.0 49
