1718335833483 -3.9232373237609863 0
1718335836295 -0.3807990550994873 1
1718335839227 -0.24496221542358398 2
1718335842040 -0.2640233039855957 3
1718335844706 0.9471933841705322 4
1718335847537 0.07284164428710938 5
1718335850256 -0.3294205665588379 6
1718335852896 -0.26401686668395996 7
1718335855575 -0.33109259605407715 8
1718335858271 -0.27307605743408203 9
1718335860927 0.40981459617614746 10
1718335864044 -0.04824066162109375 11
1718335866919 -0.16094660758972168 12
1718335869515 0.15833425521850586 13
1718335872133 -0.04280281066894531 14
1718335874881 -0.2984280586242676 15
1718335877518 -0.9049215316772461 16
1718335880145 -0.702993631362915 17
1718335882701 0.21070194244384766 18
1718335885264 0.07284307479858398 19
1718335887843 -0.3311185836791992 20
1718335890533 -0.09256148338317871 21
1718335893178 0.06633281707763672 22
1718335895851 -0.006407260894775391 23
1718335898476 -1.475895881652832 24
1718335901208 -0.0866389274597168 25
1718335903725 -0.07431316375732422 26
1718335906521 -0.29827165603637695 27
1718335909132 -0.2346818447113037 28
1718335911935 -0.24372243881225586 29
1718335914529 0.0925588607788086 30
1718335917189 -0.02316761016845703 31
1718335919690 -0.41666102409362793 32
1718335922806 -0.26723337173461914 33
1718335925610 -0.14659452438354492 34
1718335928218 2.1574206352233887 35
1718335930778 -2.4458236694335938 36
1718335933447 0.11576652526855469 37
1718335936024 4.407569885253906 38
1718335938745 -0.32524871826171875 39
1718335941349 -0.10707759857177734 40
1718335943984 -0.0905160903930664 41
1718335946590 -0.25557971000671387 42
1718335949251 -0.16099190711975098 43
1718335951788 -0.29839372634887695 44
1718335954597 -0.20717382431030273 45
1718335957081 -0.18079805374145508 46
1718335959862 -0.03903818130493164 47
1718335962377 -0.2637648582458496 48
1718335965157 0.1608593463897705 49
