1718415878567 -0.03404045104980469 0
1718415878900 -0.13213634490966797 1
1718415879287 0.018544912338256836 2
1718415879633 -0.0931398868560791 3
1718415880050 -0.02681875228881836 4
1718415880367 -0.1295769214630127 5
1718415880683 -0.2369379997253418 6
1718415881000 -0.14135003089904785 7
1718415881300 -0.11945819854736328 8
1718415881616 -0.09892964363098145 9
1718415881950 -0.07141542434692383 10
1718415882283 -0.13872480392456055 11
1718415882583 -0.7584223747253418 12
1718415882899 -0.1351761817932129 13
1718415883199 -0.11093688011169434 14
1718415883516 -0.0829007625579834 15
1718415883833 -0.05724453926086426 16
1718415884188 0.7210478782653809 17
1718415884516 -0.129166841506958 18
1718415884832 0.1096944808959961 19
1718415885199 -0.08388805389404297 20
1718415885532 -0.04699540138244629 21
1718415885866 -0.01851797103881836 22
1718415886232 0.1205587387084961 23
1718415886566 -0.20871663093566895 24
1718415886916 0.04925942420959473 25
1718415887266 -0.20197463035583496 26
1718415887615 -1.0436744689941406 27
1718415887965 0.06288290023803711 28
1718415888315 -0.12312197685241699 29
1718415888649 -0.10049247741699219 30
1718415889033 0.8289759159088135 31
1718415889390 -0.06352019309997559 32
1718415889748 -0.3869326114654541 33
1718415890098 -0.1263279914855957 34
1718415890431 -0.14189910888671875 35
1718415890781 -0.07959365844726562 36
1718415891115 0.21831679344177246 37
1718415891465 -0.11155128479003906 38
1718415891798 -0.1151273250579834 39
1718415892168 -0.10729336738586426 40
1718415892501 -0.07125711441040039 41
1718415892831 -0.11383485794067383 42
1718415893181 0.011235952377319336 43
1718415893514 -0.03170609474182129 44
1718415893848 -0.12800168991088867 45
1718415894197 -0.12517142295837402 46
1718415894531 -0.18713879585266113 47
1718415894864 -0.23044157028198242 48
1718415895214 -0.3872032165527344 49
