1718524958834 0.4992980374646838 0
1718524959189 0.5506991509327891 1
1718524959534 0.6175597921454078 2
1718524959890 0.6409337408038351 3
1718524960255 0.7367200738391133 4
1718524960601 0.6950867229941493 5
1718524960959 0.791532171307995 6
1718524961333 0.7877784090680144 7
1718524961667 0.807561111101975 8
1718524962017 0.7646478910082293 9
1718524962367 0.7459084531508935 10
1718524962717 0.7613136575099804 11
1718524963067 0.7862446988087267 12
1718524963417 0.75223547351972 13
1718524963767 0.7138063720949152 14
1718524964117 0.7239385423666783 15
1718524964492 0.7360113522870464 16
1718524964866 0.5937575083055612 17
1718524965199 0.6552460447197048 18
1718524965536 0.6668132956729911 19
1718524965866 0.7575936433242254 20
1718524966216 0.7125982910321108 21
1718524966582 0.7542627036014314 22
1718524966899 0.6878817838590621 23
1718524967253 0.6254372056583835 24
1718524967616 0.6282265695076634 25
1718524967959 0.5829017105928062 26
1718524968299 0.7642069046944829 27
1718524968666 0.7915457998960196 28
1718524968999 0.8023318189761875 29
1718524969466 0.816210524986348 30
1718524969799 0.7994838845917197 31
1718524970166 0.7086993872795666 32
1718524970516 0.6862082359642065 33
1718524970865 0.6995314671215145 34
1718524971235 0.6851460341123385 35
1718524971582 0.7113537664804112 36
1718524971915 0.7489162052189978 37
1718524972282 0.7133382043362522 38
1718524972632 0.7098826294632452 39
1718524972952 0.7604393210712938 40
1718524973315 0.7505079826914886 41
1718524973665 0.7196396728294782 42
1718524973998 0.7477381533809779 43
1718524974365 0.7163321331913315 44
1718524974715 0.7590805357854247 45
1718524975065 0.6832518433763684 46
1718524975418 0.6406080518848779 47
1718524975767 0.6230791552784878 48
1718524976114 0.5397040397892694 49
