1718332090757 2.2786190509796143 0
1718332091091 2.2751526832580566 1
1718332091416 2.2751526832580566 2
1718332091718 2.2751526832580566 3
1718332092023 2.2751524448394775 4
1718332092308 2.2751526832580566 5
1718332092618 2.2751526832580566 6
1718332092919 2.2751524448394775 7
1718332093207 2.2751526832580566 8
1718332093493 2.2751524448394775 9
1718332093781 2.2751526832580566 10
1718332094071 2.2751524448394775 11
1718332094363 2.2751526832580566 12
1718332094655 2.2751524448394775 13
1718332094951 2.2751526832580566 14
1718332095240 2.2751526832580566 15
1718332095531 2.2751526832580566 16
1718332095825 2.2751524448394775 17
1718332096120 2.2751524448394775 18
1718332096409 2.2751524448394775 19
1718332096708 2.2751526832580566 20
1718332097015 2.2751524448394775 21
1718332097309 2.2751524448394775 22
1718332097604 2.2751526832580566 23
1718332097915 2.2751524448394775 24
1718332098218 2.2751524448394775 25
1718332098514 2.2751524448394775 26
1718332098808 2.2751524448394775 27
1718332099106 2.2751526832580566 28
1718332099411 2.2751524448394775 29
1718332099709 2.2751526832580566 30
1718332100020 2.2751524448394775 31
1718332100342 2.2751524448394775 32
1718332100634 2.2751524448394775 33
1718332100947 2.2751526832580566 34
1718332101250 2.2751526832580566 35
1718332101544 2.2751524448394775 36
1718332101840 2.2751524448394775 37
1718332102133 2.2751526832580566 38
1718332102423 2.2751526832580566 39
1718332102706 2.2751526832580566 40
1718332103006 2.2751524448394775 41
1718332103318 2.2751524448394775 42
1718332103605 2.2751524448394775 43
1718332103896 2.2751524448394775 44
1718332104204 2.2751526832580566 45
1718332104644 2.2751524448394775 46
1718332104955 2.2751526832580566 47
1718332105249 2.2751524448394775 48
1718332105539 2.2751524448394775 49
