1718569156111 1.08998886472218 0
1718569160983 1.6870315061647023 1
1718569164818 1.633642040883585 2
1718569168721 1.4576380806252267 3
1718569172624 0.855928972030946 4
1718569176563 1.564131573349382 5
1718569180376 1.3965296684361856 6
1718569184268 -1.3681262915918424 7
1718569188669 -0.8472644984963607 8
1718569194691 -4.36620890491808 9
1718569200311 0.28503590314240546 10
1718569204548 1.6672157511258052 11
1718569209835 0.5984750101449059 12
1718569214905 1.3572312816766847 13
1718569220097 1.319963502370101 14
1718569224746 1.6303031224891562 15
1718569228499 1.62935091934231 16
1718569232218 1.5862976155177866 17
1718569235855 0.9857920013940866 18
1718569239891 0.5163326584894792 19
1718569243823 2.2847462676144845 20
1718569247881 2.1347855453642923 21
1718569251599 -6.221509494188765 22
1718569255385 1.9719198910826568 23
1718569259322 2.0202135018502214 24
1718569263541 -1.3658600037125197 25
1718569268599 0.4419822910543152 26
1718569273357 0.3654820865010455 27
1718569278077 -4.106675617024271 28
1718569281615 1.6002503295399508 29
1718569285283 2.3432497033343234 30
1718569288550 0.38562582563085446 31
1718569292058 -7.029481405826406 32
1718569295582 2.260702054381444 33
1718569298996 -1.1766989188983148 34
1718569302423 1.4150369907448686 35
1718569306211 -7.761312246917813 36
1718569309538 1.7201838152649191 37
1718569313202 2.5023789401492054 38
1718569316918 -5.642378680678673 39
1718569320514 -5.796890232443028 40
1718569325099 -6.8213291129967235 41
1718569329809 2.2027429775584317 42
1718569334618 2.8191491278140375 43
1718569338873 -5.979625182504622 44
1718569342390 -6.443281074796212 45
1718569345610 0.9064344427962876 46
1718569349249 2.5199669909094906 47
1718569352428 2.772357723086317 48
1718569355459 -5.2106905343154555 49
