1718389677765 0.8626865671641791 0
1718389678023 0.8626865671641791 1
1718389678256 0.8805970149253731 2
1718389678495 0.8925373134328358 3
1718389678745 0.8746268656716418 4
1718389678996 0.8597014925373134 5
1718389679239 0.8835820895522388 6
1718389679478 0.8567164179104477 7
1718389679930 0.8686567164179104 8
1718389680168 0.8686567164179104 9
1718389680390 0.808955223880597 10
1718389680670 0.8298507462686567 11
1718389680907 0.8477611940298507 12
1718389681155 0.8805970149253731 13
1718389681382 0.8686567164179104 14
1718389681611 0.8567164179104477 15
1718389681850 0.8537313432835821 16
1718389682100 0.8597014925373134 17
1718389682416 0.8328358208955224 18
1718389682727 0.8716417910447761 19
1718389683052 0.8656716417910447 20
1718389683363 0.8835820895522388 21
1718389683677 0.8746268656716418 22
1718389683999 0.8597014925373134 23
1718389684290 0.8626865671641791 24
1718389684567 0.8417910447761194 25
1718389684852 0.8746268656716418 26
1718389685136 0.8208955223880597 27
1718389685414 0.8805970149253731 28
1718389685693 0.844776119402985 29
1718389685982 0.8746268656716418 30
1718389686259 0.8746268656716418 31
1718389686562 0.8716417910447761 32
1718389686853 0.844776119402985 33
1718389687142 0.8895522388059701 34
1718389687421 0.835820895522388 35
1718389687697 0.8626865671641791 36
1718389687986 0.8477611940298507 37
1718389688273 0.8746268656716418 38
1718389688556 0.8537313432835821 39
1718389688838 0.8805970149253731 40
1718389689122 0.8537313432835821 41
1718389689394 0.8537313432835821 42
1718389689672 0.8656716417910447 43
1718389689960 0.835820895522388 44
1718389690232 0.8597014925373134 45
1718389690747 0.844776119402985 46
1718389691036 0.8597014925373134 47
1718389691315 0.8567164179104477 48
1718389691599 0.8746268656716418 49
