1718389677735 0.03859218955039978 0
1718389677994 0.06504261493682861 1
1718389678228 0.010743051767349243 2
1718389678466 0.007891535758972168 3
1718389678719 -0.018434494733810425 4
1718389678964 -0.0358453094959259 5
1718389679211 0.03901118040084839 6
1718389679450 -0.06023535132408142 7
1718389679905 0.028901636600494385 8
1718389680144 0.008773118257522583 9
1718389680365 -0.16505295038223267 10
1718389680639 0.000877082347869873 11
1718389680878 0.0376315712928772 12
1718389681116 0.03524678945541382 13
1718389681358 -0.031620800495147705 14
1718389681584 -0.014737904071807861 15
1718389681826 -0.03127732872962952 16
1718389682073 0.012050509452819824 17
1718389682362 -0.040233105421066284 18
1718389682683 0.011144012212753296 19
1718389683010 -0.022071272134780884 20
1718389683319 -0.03878128528594971 21
1718389683636 -0.016631990671157837 22
1718389683958 -0.0678347647190094 23
1718389684253 -0.020291417837142944 24
1718389684531 -0.06610214710235596 25
1718389684814 -0.005030423402786255 26
1718389685104 -0.12772876024246216 27
1718389685376 0.06019359827041626 28
1718389685659 -0.08822578191757202 29
1718389685946 0.00870022177696228 30
1718389686225 -0.0407598614692688 31
1718389686526 -0.018106907606124878 32
1718389686820 -0.01954066753387451 33
1718389687105 -0.016366004943847656 34
1718389687385 -0.10398924350738525 35
1718389687661 -0.04652848839759827 36
1718389687947 -0.07287448644638062 37
1718389688235 -0.0031701624393463135 38
1718389688522 -0.08539986610412598 39
1718389688798 -0.05725127458572388 40
1718389689087 -0.06857258081436157 41
1718389689359 -0.04663175344467163 42
1718389689636 -0.05242133140563965 43
1718389689922 -0.18071132898330688 44
1718389690198 0.036337465047836304 45
1718389690710 -0.09141212701797485 46
1718389690998 -0.03251147270202637 47
1718389691279 -0.04448580741882324 48
1718389691563 -0.03794404864311218 49
