1718385273030 0.22857142857142856 0
1718385273384 0.2 1
1718385273697 0.2571428571428571 2
1718385274015 0.2 3
1718385274342 0.08571428571428572 4
1718385274659 0.2 5
1718385274975 0.2571428571428571 6
1718385275298 0.17142857142857143 7
1718385275611 0.2 8
1718385275927 0.11428571428571428 9
1718385276248 0.11428571428571428 10
1718385276560 0.11428571428571428 11
1718385276868 0.22857142857142856 12
1718385277199 0.22857142857142856 13
1718385277512 0.08571428571428572 14
1718385277815 0.08571428571428572 15
1718385278135 0.08571428571428572 16
1718385278454 0.08571428571428572 17
1718385278772 0.08571428571428572 18
1718385279100 0.08571428571428572 19
1718385279435 0.08571428571428572 20
1718385279765 0.08571428571428572 21
1718385280096 0.08571428571428572 22
1718385280423 0.08571428571428572 23
1718385280746 0.08571428571428572 24
1718385281105 0.08571428571428572 25
1718385281421 0.08571428571428572 26
1718385281748 0.08571428571428572 27
1718385282071 0.08571428571428572 28
1718385282411 0.08571428571428572 29
1718385282739 0.08571428571428572 30
1718385283064 0.08571428571428572 31
1718385283397 0.08571428571428572 32
1718385283729 0.08571428571428572 33
1718385284065 0.08571428571428572 34
1718385284404 0.08571428571428572 35
1718385284723 0.08571428571428572 36
1718385285042 0.08571428571428572 37
1718385285374 0.08571428571428572 38
1718385285699 0.08571428571428572 39
1718385286023 0.08571428571428572 40
1718385286357 0.08571428571428572 41
1718385286682 0.08571428571428572 42
1718385287016 0.08571428571428572 43
1718385287341 0.08571428571428572 44
1718385287667 0.08571428571428572 45
1718385287978 0.08571428571428572 46
1718385288303 0.08571428571428572 47
1718385288621 0.08571428571428572 48
1718385288937 0.08571428571428572 49
