1718331565114 0.22857142857142856 0
1718331565435 0.22857142857142856 1
1718331565723 0.22857142857142856 2
1718331566014 0.22857142857142856 3
1718331566320 0.22857142857142856 4
1718331566602 0.22857142857142856 5
1718331566883 0.22857142857142856 6
1718331567170 0.22857142857142856 7
1718331567496 0.22857142857142856 8
1718331567819 0.22857142857142856 9
1718331568150 0.22857142857142856 10
1718331568476 0.2 11
1718331568808 0.22857142857142856 12
1718331569139 0.17142857142857143 13
1718331569468 0.17142857142857143 14
1718331569767 0.17142857142857143 15
1718331570065 0.17142857142857143 16
1718331570399 0.17142857142857143 17
1718331570712 0.17142857142857143 18
1718331571004 0.17142857142857143 19
1718331571321 0.17142857142857143 20
1718331571613 0.17142857142857143 21
1718331571942 0.17142857142857143 22
1718331572268 0.17142857142857143 23
1718331572562 0.17142857142857143 24
1718331572878 0.17142857142857143 25
1718331573171 0.17142857142857143 26
1718331573466 0.17142857142857143 27
1718331573756 0.17142857142857143 28
1718331574058 0.17142857142857143 29
1718331574360 0.17142857142857143 30
1718331574664 0.17142857142857143 31
1718331574953 0.17142857142857143 32
1718331575265 0.17142857142857143 33
1718331575590 0.17142857142857143 34
1718331575883 0.17142857142857143 35
1718331576171 0.17142857142857143 36
1718331576473 0.17142857142857143 37
1718331576763 0.17142857142857143 38
1718331577051 0.17142857142857143 39
1718331577370 0.17142857142857143 40
1718331577659 0.17142857142857143 41
1718331577951 0.17142857142857143 42
1718331578250 0.17142857142857143 43
1718331578543 0.17142857142857143 44
1718331578835 0.17142857142857143 45
1718331579137 0.17142857142857143 46
1718331579439 0.17142857142857143 47
1718331579732 0.17142857142857143 48
1718331580024 0.17142857142857143 49
