1718328839344 0.22857142857142856 0
1718328839632 0.22857142857142856 1
1718328839955 0.22857142857142856 2
1718328840266 0.22857142857142856 3
1718328840546 0.22857142857142856 4
1718328840836 0.2 5
1718328841117 0.2571428571428571 6
1718328841400 0.2857142857142857 7
1718328841673 0.2857142857142857 8
1718328841953 0.2857142857142857 9
1718328842264 0.2857142857142857 10
1718328842611 0.2857142857142857 11
1718328842926 0.2 12
1718328843207 0.22857142857142856 13
1718328843490 0.2 14
1718328843776 0.2 15
1718328844061 0.2 16
1718328844342 0.2 17
1718328844618 0.2 18
1718328844909 0.2 19
1718328845200 0.2 20
1718328845490 0.2 21
1718328845784 0.2 22
1718328846070 0.2 23
1718328846362 0.2 24
1718328846662 0.2 25
1718328846978 0.2 26
1718328847267 0.2 27
1718328847561 0.22857142857142856 28
1718328847876 0.22857142857142856 29
1718328848187 0.2 30
1718328848475 0.22857142857142856 31
1718328848875 0.34285714285714286 32
1718328849163 0.34285714285714286 33
1718328849448 0.2571428571428571 34
1718328849737 0.2571428571428571 35
1718328850030 0.2571428571428571 36
1718328850310 0.2571428571428571 37
1718328850585 0.2571428571428571 38
1718328850887 0.2571428571428571 39
1718328851193 0.2571428571428571 40
1718328851487 0.2857142857142857 41
1718328851782 0.2 42
1718328852065 0.22857142857142856 43
1718328852360 0.22857142857142856 44
1718328852650 0.2 45
1718328852949 0.22857142857142856 46
1718328853234 0.2857142857142857 47
1718328853516 0.14285714285714285 48
1718328853800 0.14285714285714285 49
