1718452885267 0.05 0
1718452885650 0.05 1
1718452886091 0.05 2
1718452886467 0.05 3
1718452886867 0.05 4
1718452887235 0.05 5
1718452887591 0.05 6
1718452887923 0.05 7
1718452888233 0.05 8
1718452888550 0.05 9
1718452888883 0.05 10
1718452889191 0.05 11
1718452889519 0.05 12
1718452889833 0.05 13
1718452890149 0.05 14
1718452890483 0.05 15
1718452890831 0.05 16
1718452891150 0.05 17
1718452891499 0.05 18
1718452891834 0.05 19
1718452892167 0.05 20
1718452892521 0.05 21
1718452892849 0.05 22
1718452893199 0.05 23
1718452893536 0.05 24
1718452893882 0.05 25
1718452894231 0.05 26
1718452894549 0.05 27
1718452894923 0.05 28
1718452895266 0.05 29
1718452895600 0.05 30
1718452895948 0.05 31
1718452896286 0.05 32
1718452896627 0.05 33
1718452896965 0.05 34
1718452897336 0.05 35
1718452897682 0.05 36
1718452898031 0.05 37
1718452898366 0.05 38
1718452898698 0.05 39
1718452899049 0.05 40
1718452899381 0.05 41
1718452899725 0.05 42
1718452900050 0.05 43
1718452900364 0.05 44
1718452900697 0.05 45
1718452901016 0.05 46
1718452901331 0.05 47
1718452901664 0.05 48
1718452901980 0.05 49
