1718420672475 -0.031271934509277344 0
1718420672780 -0.04146718978881836 1
1718420673107 -0.03023815155029297 2
1718420673447 0.11134672164916992 3
1718420673747 -0.02503514289855957 4
1718420674046 -0.2937755584716797 5
1718420674323 -0.05005145072937012 6
1718420674606 -0.06393909454345703 7
1718420674894 -0.0313568115234375 8
1718420675190 0.002855062484741211 9
1718420675473 -0.047814369201660156 10
1718420675766 0.19962406158447266 11
1718420676047 0.0342409610748291 12
1718420676323 -0.07085347175598145 13
1718420676623 0.12008786201477051 14
1718420676927 -0.02010202407836914 15
1718420677206 -0.015479326248168945 16
1718420677506 0.0006656646728515625 17
1718420677806 -0.02881622314453125 18
1718420678093 -0.04043006896972656 19
1718420678389 -0.04030203819274902 20
1718420678672 -0.02853870391845703 21
1718420678990 -0.025844812393188477 22
1718420679289 -0.012841224670410156 23
1718420679593 0.010986328125 24
1718420679910 -0.04693722724914551 25
1718420680226 -0.08048439025878906 26
1718420680522 -0.039670467376708984 27
1718420680828 0.044699907302856445 28
1718420681139 0.1305382251739502 29
1718420681422 -0.03475642204284668 30
1718420681722 0.06601572036743164 31
1718420682038 0.11393213272094727 32
1718420682372 -0.22524142265319824 33
1718420682672 -0.21068072319030762 34
1718420682992 -0.046961307525634766 35
1718420683309 -0.01903223991394043 36
1718420683605 -0.011828184127807617 37
1718420683922 0.0430755615234375 38
1718420684205 -0.0366055965423584 39
1718420684521 -0.010857343673706055 40
1718420684921 -0.01411294937133789 41
1718420685259 -0.29108500480651855 42
1718420685538 0.08439421653747559 43
1718420685838 -0.031751394271850586 44
1718420686176 0.031096935272216797 45
1718420686492 -0.037160634994506836 46
1718420686792 1.4187989234924316 47
1718420687088 2.019357681274414 48
1718420687388 -0.17795109748840332 49
