1718524124299 0.8260869919651688 0
1718524124715 1.839180141988427 1
1718524125165 1.758743043299075 2
1718524125619 -1.4100392474871297 3
1718524126075 1.138162148520601 4
1718524126515 -6.115750505868032 5
1718524126965 -4.805578889268817 6
1718524127431 -4.420136799314608 7
1718524127865 0.6888311362828472 8
1718524128298 1.5886284173137009 9
1718524128698 -4.205636934399204 10
1718524129148 -5.1001263078214345 11
1718524129564 1.8189318436966193 12
1718524130014 1.4304249571630048 13
1718524130497 0.7294552261981901 14
1718524130947 1.415040939745277 15
1718524131381 1.9715391004125675 16
1718524131814 0.23885167648495242 17
1718524132265 0.40047854847378206 18
1718524132701 1.3885243260097822 19
1718524133147 0.6732159848967787 20
1718524133597 1.1446093252612286 21
1718524134047 2.1716875957720205 22
1718524134513 -3.3886139268425577 23
1718524134950 -4.595168222883334 24
1718524135396 1.6968637492118859 25
1718524135813 1.9106835146945733 26
1718524136266 -1.6537472627781051 27
1718524136711 1.1983693412658742 28
1718524137144 1.6176773281611174 29
1718524137579 0.718425223321626 30
1718524138046 0.7580667236437297 31
1718524138496 1.2500268746706773 32
1718524138913 -2.977549967139659 33
1718524139379 0.19614401008143556 34
1718524139796 -6.100350102190217 35
1718524140279 -0.16880721235114704 36
1718524140931 -5.357185595364683 37
1718524141366 -3.064143540481927 38
1718524141799 0.8979068151628127 39
1718524142295 -3.223090349624454 40
1718524142931 1.9003265120766382 41
1718524143542 0.6121786343128193 42
1718524144095 -1.4159372699782504 43
1718524144661 1.861683251079084 44
1718524145211 -5.683091675793683 45
1718524145764 -5.438601141024118 46
1718524146328 -1.2999475387611774 47
1718524146894 1.2133662845149185 48
1718524147444 0.35335425094321904 49
