1718435293412 nan 0
1718435296095 nan 1
1718435298262 nan 2
1718435300461 nan 3
1718435302780 nan 4
1718435305094 nan 5
1718435307310 nan 6
1718435309543 nan 7
1718435311626 nan 8
1718435313725 nan 9
1718435315825 nan 10
1718435317941 nan 11
1718435320141 nan 12
1718435322340 nan 13
1718435324490 nan 14
1718435326592 nan 15
1718435328689 nan 16
1718435330839 nan 17
1718435332938 nan 18
1718435335104 nan 19
1718435337221 nan 20
1718435339370 nan 21
1718435341503 nan 22
1718435344036 nan 23
1718435347119 nan 24
1718435349986 nan 25
1718435352684 nan 26
1718435355367 nan 27
1718435357600 nan 28
1718435359783 nan 29
1718435361923 nan 30
1718435364065 nan 31
1718435366232 nan 32
1718435368365 nan 33
1718435370498 nan 34
1718435372630 nan 35
1718435374763 nan 36
1718435376932 nan 37
1718435379048 nan 38
1718435381215 nan 39
1718435383395 nan 40
1718435385495 nan 41
1718435387644 nan 42
1718435389777 nan 43
1718435391910 nan 44
1718435394093 nan 45
1718435396209 nan 46
1718435398390 nan 47
1718435400508 nan 48
1718435402841 nan 49
