1718351437454 0.0 0
1718351440085 0.0 1
1718351442339 0.0 2
1718351444934 0.0 3
1718351447418 0.0 4
1718351449887 0.0 5
1718351452295 0.0 6
1718351454581 0.0 7
1718351456971 0.0 8
1718351459277 0.0 9
1718351461752 0.0 10
1718351464368 0.0 11
1718351466959 0.0 12
1718351469310 0.0 13
1718351471650 0.0 14
1718351474152 0.0 15
1718351476549 0.0 16
1718351479131 0.0 17
1718351481508 0.0 18
1718351484003 0.0 19
1718351486213 0.0 20
1718351488472 0.0 21
1718351490914 0.0 22
1718351493121 0.0 23
1718351495545 0.0 24
1718351497802 0.0 25
1718351500334 0.0 26
1718351502603 0.0 27
1718351505057 0.0 28
1718351507522 0.0 29
1718351509835 0.0 30
1718351512356 0.0 31
1718351514664 0.0 32
1718351517128 0.0 33
1718351519503 0.0 34
1718351522019 0.0 35
1718351524811 0.0 36
1718351527195 0.0 37
1718351529653 0.0 38
1718351532005 0.0 39
1718351534527 0.0 40
1718351536763 0.0 41
1718351539287 0.0 42
1718351541576 0.0 43
1718351544050 0.0 44
1718351546293 0.0 45
1718351548552 0.0 46
1718351550928 0.0 47
1718351553073 0.0 48
1718351555629 0.0 49
