1718523451241 8.115054412564234 0
1718523452064 7.735104655151937 1
1718523452881 8.095131255797487 2
1718523453701 8.707375676329455 3
1718523454550 8.317144142157996 4
1718523455347 6.34594674786525 5
1718523456146 9.813213378635805 6
1718523456963 8.991074586092536 7
1718523457747 8.331014425896887 8
1718523458561 9.305286381671678 9
1718523459346 9.024342479100868 10
1718523460196 7.5233662395334955 11
1718523461046 8.769109682360693 12
1718523461831 6.777342269669718 13
1718523462612 7.846310938472178 14
1718523463432 6.110522215935721 15
1718523464245 6.832840132179545 16
1718523465049 7.788811258415677 17
1718523465862 8.204025721372064 18
1718523466645 7.682960309199433 19
1718523467412 7.4701137951950525 20
1718523468240 8.239323665846639 21
1718523469110 8.065746148130787 22
1718523469944 7.525345273427109 23
1718523470744 7.738802408994133 24
1718523471543 9.990397247805523 25
1718523472360 8.113146523931134 26
1718523473143 6.198869737671383 27
1718523473960 9.411394380811435 28
1718523474743 9.474376812799653 29
1718523475560 8.02841914945574 30
1718523476393 8.832400763212744 31
1718523477159 10.263070723014092 32
1718523477943 10.69166061949374 33
1718523479011 7.950640799394295 34
1718523479826 9.124777972698212 35
1718523480696 8.79024592442299 36
1718523481525 9.717229459712755 37
1718523482359 9.348314375130098 38
1718523483409 7.842288806367276 39
1718523484391 8.129258903994488 40
1718523485358 10.217447080718937 41
1718523486378 7.7047074579480865 42
1718523487344 8.9471822274265 43
1718523488307 7.531403353854792 44
1718523489276 7.364392063510952 45
1718523490241 6.932561259216337 46
1718523491207 9.54623159098981 47
1718523492123 7.859774682059217 48
1718523493042 9.050660441170878 49
