1718523451364 1.0 0
1718523452196 1.0 1
1718523453013 1.0 2
1718523453814 1.0 3
1718523454667 1.0 4
1718523455467 1.0 5
1718523456247 1.0 6
1718523457080 1.0 7
1718523457863 1.0 8
1718523458680 1.0 9
1718523459463 1.0 10
1718523460338 1.0 11
1718523461162 1.0 12
1718523461962 1.0 13
1718523462744 1.0 14
1718523463545 1.0 15
1718523464362 1.0 16
1718523465177 1.0 17
1718523465978 1.0 18
1718523466762 1.0 19
1718523467530 1.0 20
1718523468361 1.0 21
1718523469228 1.0 22
1718523470077 1.0 23
1718523470861 1.0 24
1718523471660 1.0 25
1718523472477 1.0 26
1718523473277 1.0 27
1718523474077 1.0 28
1718523474860 1.0 29
1718523475676 1.0 30
1718523476493 1.0 31
1718523477293 1.0 32
1718523478059 1.0 33
1718523479126 1.0 34
1718523479960 1.0 35
1718523480825 1.0 36
1718523481642 1.0 37
1718523482592 1.0 38
1718523483591 1.0 39
1718523484562 1.0 40
1718523485558 1.0 41
1718523486558 1.0 42
1718523487525 1.0 43
1718523488490 1.0 44
1718523489440 1.0 45
1718523490407 1.0 46
1718523491373 1.0 47
1718523492292 1.0 48
1718523493173 1.0 49
