1718371225237 0.0 0
1718371225840 0.0 1
1718371226432 0.0 2
1718371227024 0.0 3
1718371227620 0.0 4
1718371228295 0.0 5
1718371228931 0.0 6
1718371229529 0.0 7
1718371230134 0.0 8
1718371230741 0.0 9
1718371231356 0.0 10
1718371231982 0.0 11
1718371232591 0.0 12
1718371233224 0.0 13
1718371233832 0.0 14
1718371234449 0.0 15
1718371235070 0.0 16
1718371235694 0.0 17
1718371236320 0.0 18
1718371236939 0.0 19
1718371237562 0.0 20
1718371238182 0.0 21
1718371238789 0.0 22
1718371239406 0.0 23
1718371240019 0.0 24
1718371240614 0.0 25
1718371241210 0.0 26
1718371241806 0.0 27
1718371242402 0.0 28
1718371243001 0.0 29
1718371243613 0.0 30
1718371244209 0.0 31
1718371244805 0.0 32
1718371245400 0.0 33
1718371246012 0.0 34
1718371246601 0.0 35
1718371247197 0.0 36
1718371247792 0.0 37
1718371248388 0.0 38
1718371249000 0.0 39
1718371249596 0.0 40
1718371250192 0.0 41
1718371250791 0.0 42
1718371251399 0.0 43
1718371251993 0.0 44
1718371252590 0.0 45
1718371253175 0.0 46
1718371253787 0.0 47
1718371254397 0.0 48
1718371254994 0.0 49
