1718372823828 2.423729181289673 0
1718372824545 2.262907028198242 1
1718372825212 1.867791771888733 2
1718372825932 1.8965702056884766 3
1718372826735 2.518423557281494 4
1718372827811 2.518864870071411 5
1718372828601 2.9214797019958496 6
1718372829370 2.947373867034912 7
1718372830364 2.2311017513275146 8
1718372831036 2.3288986682891846 9
1718372831726 2.314910411834717 10
1718372832459 2.5782833099365234 11
1718372833339 2.6119656562805176 12
1718372834116 2.611964702606201 13
1718372835152 2.611964702606201 14
1718372835848 2.611964702606201 15
1718372836497 2.611964702606201 16
1718372837159 2.6419262886047363 17
1718372837910 2.57828426361084 18
1718372838640 2.578284978866577 19
1718372839332 2.5782856941223145 20
1718372839998 2.5782856941223145 21
1718372840649 2.5782856941223145 22
1718372841317 2.5890185832977295 23
1718372841980 2.5782833099365234 24
1718372842648 2.5782835483551025 25
1718372843344 2.5782833099365234 26
1718372844038 2.5782833099365234 27
1718372844742 2.5782835483551025 28
1718372845418 2.5782833099365234 29
1718372846255 2.5782833099365234 30
1718372847215 2.5782833099365234 31
1718372848067 2.5782833099365234 32
1718372848840 2.611964702606201 33
1718372850104 2.5782833099365234 34
1718372851035 2.6923606395721436 35
1718372851936 2.6494147777557373 36
1718372852819 2.6494147777557373 37
1718372853654 2.6494147777557373 38
1718372854471 2.6494147777557373 39
1718372855307 2.6494154930114746 40
1718372856139 2.5782835483551025 41
1718372856948 2.54668927192688 42
1718372858205 2.1718363761901855 43
1718372859542 2.508242130279541 44
1718372860413 1.799006700515747 45
1718372861449 2.832152843475342 46
1718372862216 2.828625440597534 47
1718372863017 2.826864004135132 48
1718372863718 2.8260750770568848 49
