1718390476377 0.010712802410125732 0
1718390476644 -0.012223362922668457 1
1718390476939 0.017987698316574097 2
1718390477243 -0.02461916208267212 3
1718390477519 -0.07726022601127625 4
1718390477816 0.02032056450843811 5
1718390478090 -0.0014939606189727783 6
1718390478381 -0.007444143295288086 7
1718390478651 -0.043568313121795654 8
1718390478912 0.003451108932495117 9
1718390479146 -0.025079160928726196 10
1718390479388 -0.03241094946861267 11
1718390479614 -0.03601956367492676 12
1718390479858 -0.04266616702079773 13
1718390480091 -0.060942113399505615 14
1718390480323 0.0016674995422363281 15
1718390480564 -0.02796459197998047 16
1718390480808 -0.031392812728881836 17
1718390481043 -0.007612347602844238 18
1718390481295 -0.0900406539440155 19
1718390481533 -0.003706127405166626 20
1718390481771 -0.027255773544311523 21
1718390482016 -0.01943299174308777 22
1718390482246 -0.020106256008148193 23
1718390482491 -0.026169300079345703 24
1718390482911 -0.03308573365211487 25
1718390483146 -0.042397648096084595 26
1718390483389 -0.08596688508987427 27
1718390483627 -0.02157530188560486 28
1718390483866 -0.028220772743225098 29
1718390484107 -0.08742070198059082 30
1718390484344 -0.02314731478691101 31
1718390484583 -0.09429046511650085 32
1718390484828 -0.11152350902557373 33
1718390485067 -0.08692282438278198 34
1718390485311 -0.06536456942558289 35
1718390485542 -0.029045909643173218 36
1718390485958 -0.08389538526535034 37
1718390486150 -0.06238529086112976 38
1718390486385 -0.09560343623161316 39
1718390486624 -0.09202367067337036 40
1718390486875 -0.08472788333892822 41
1718390487132 -0.024409979581832886 42
1718390487383 -0.09041130542755127 43
1718390487621 -0.04691120982170105 44
1718390487931 -0.04665693640708923 45
1718390488194 -0.09351885318756104 46
1718390488440 -0.05965885519981384 47
1718390488681 -0.0808430016040802 48
1718390488931 -0.07719704508781433 49
