1718501727307 1.0 0
1718501727741 0.6727272727272727 1
1718501728191 1.0 2
1718501728641 1.0 3
1718501729092 1.0 4
1718501729509 1.0 5
1718501729959 1.0 6
1718501730493 1.0 7
1718501731043 1.0 8
1718501731577 1.0 9
1718501732111 1.0 10
1718501732594 1.0 11
1718501733045 1.0 12
1718501733512 0.603030303030303 13
1718501733969 1.0 14
1718501734429 1.0 15
1718501734913 1.0 16
1718501735330 1.0 17
1718501735813 1.0 18
1718501736230 1.0 19
1718501736664 0.5060240963855421 20
1718501737081 1.0 21
1718501737548 1.0 22
1718501737982 0.7125 23
1718501738415 1.0 24
1718501738866 1.0 25
1718501739299 0.6727272727272727 26
1718501739766 1.0 27
1718501740200 0.4666666666666667 28
1718501740650 0.796969696969697 29
1718501741084 1.0 30
1718501741534 0.471875 31
1718501741985 0.7458745874587459 32
1718501742418 0.9424242424242424 33
1718501742852 1.0 34
1718501743286 0.3081632653061224 35
1718501743769 1.0 36
1718501744189 1.0 37
1718501744637 0.4575757575757576 38
1718501745087 1.0 39
1718501745604 0.8606060606060606 40
1718501746121 0.7575757575757576 41
1718501746655 1.0 42
1718501747155 0.7818181818181819 43
1718501747589 0.4818181818181818 44
1718501748006 0.8125 45
1718501748423 1.0 46
1718501748873 1.0 47
1718501749323 0.8939393939393939 48
1718501749757 1.0 49
