1718546761677 0.08727272727272728 0
1718546762043 0.08727272727272728 1
1718546762597 0.08727272727272728 2
1718546763176 0.08727272727272728 3
1718546763726 0.08727272727272728 4
1718546764243 0.08727272727272728 5
1718546764709 0.08727272727272728 6
1718546765176 0.08727272727272728 7
1718546765676 0.08727272727272728 8
1718546766161 0.08727272727272728 9
1718546766694 0.08727272727272728 10
1718546767142 0.08727272727272728 11
1718546767725 0.08727272727272728 12
1718546768159 0.08727272727272728 13
1718546768592 0.08727272727272728 14
1718546769045 0.08727272727272728 15
1718546769514 0.08727272727272728 16
1718546769944 0.08727272727272728 17
1718546770394 0.08727272727272728 18
1718546770857 0.08727272727272728 19
1718546771292 0.08727272727272728 20
1718546771761 0.08727272727272728 21
1718546772276 0.08727272727272728 22
1718546772775 0.08727272727272728 23
1718546773260 0.08727272727272728 24
1718546773697 0.08727272727272728 25
1718546774141 0.08727272727272728 26
1718546774602 0.08727272727272728 27
1718546775074 0.08727272727272728 28
1718546775541 0.08727272727272728 29
1718546775974 0.08727272727272728 30
1718546776457 0.08727272727272728 31
1718546776897 0.08727272727272728 32
1718546777346 0.08727272727272728 33
1718546777798 0.08727272727272728 34
1718546778207 0.08727272727272728 35
1718546778607 0.08727272727272728 36
1718546778973 0.08727272727272728 37
1718546779307 0.08727272727272728 38
1718546779657 0.08727272727272728 39
1718546780146 0.08727272727272728 40
1718546780504 0.08727272727272728 41
1718546780826 0.08727272727272728 42
1718546781156 0.08727272727272728 43
1718546781506 0.08727272727272728 44
1718546781846 0.08727272727272728 45
1718546782197 0.08727272727272728 46
1718546782546 0.08727272727272728 47
1718546782872 0.08727272727272728 48
1718546783222 0.08727272727272728 49
