1718392834240 0.11428571428571428 0
1718392834590 0.02857142857142857 1
1718392834974 0.02857142857142857 2
1718392835378 0.05714285714285714 3
1718392835778 0.05714285714285714 4
1718392836180 0.08571428571428572 5
1718392836525 0.08571428571428572 6
1718392836864 0.14285714285714285 7
1718392837218 0.14285714285714285 8
1718392837555 0.3142857142857143 9
1718392837911 0.08571428571428572 10
1718392838263 0.17142857142857143 11
1718392838629 0.14285714285714285 12
1718392838996 0.11428571428571428 13
1718392839338 0.17142857142857143 14
1718392839680 0.2571428571428571 15
1718392840058 0.2571428571428571 16
1718392840470 0.2571428571428571 17
1718392840858 0.2571428571428571 18
1718392841232 0.22857142857142856 19
1718392841599 0.22857142857142856 20
1718392841959 0.22857142857142856 21
1718392842324 0.22857142857142856 22
1718392842827 0.22857142857142856 23
1718392843204 0.22857142857142856 24
1718392843595 0.22857142857142856 25
1718392843975 0.22857142857142856 26
1718392844607 0.22857142857142856 27
1718392845007 0.22857142857142856 28
1718392845581 0.22857142857142856 29
1718392846272 0.22857142857142856 30
1718392846817 0.22857142857142856 31
1718392847262 0.22857142857142856 32
1718392847843 0.22857142857142856 33
1718392848348 0.22857142857142856 34
1718392848743 0.22857142857142856 35
1718392849257 0.22857142857142856 36
1718392849650 0.22857142857142856 37
1718392850014 0.22857142857142856 38
1718392850416 0.22857142857142856 39
1718392850822 0.22857142857142856 40
1718392851429 0.22857142857142856 41
1718392852001 0.22857142857142856 42
1718392852554 0.22857142857142856 43
1718392853132 0.22857142857142856 44
1718392853586 0.22857142857142856 45
1718392854032 0.22857142857142856 46
1718392854407 0.22857142857142856 47
1718392854763 0.22857142857142856 48
1718392855158 0.22857142857142856 49
