1718392834123 2.1203510761260986 0
1718392834480 2.1539273262023926 1
1718392834836 2.4097743034362793 2
1718392835254 2.3642492294311523 3
1718392835655 2.4432373046875 4
1718392836060 2.300632953643799 5
1718392836416 2.3499953746795654 6
1718392836755 2.0625197887420654 7
1718392837107 2.096090078353882 8
1718392837447 1.9005614519119263 9
1718392837795 2.1775083541870117 10
1718392838154 2.014169216156006 11
1718392838524 2.3401665687561035 12
1718392838868 2.2778122425079346 13
1718392839234 2.2149126529693604 14
1718392839578 2.18798565864563 15
1718392839948 2.1697349548339844 16
1718392840322 2.1567697525024414 17
1718392840746 2.1470723152160645 18
1718392841121 2.139500379562378 19
1718392841487 2.133389711380005 20
1718392841840 2.1283366680145264 21
1718392842213 2.1240835189819336 22
1718392842707 2.1204583644866943 23
1718392843091 2.117333173751831 24
1718392843475 2.1146185398101807 25
1718392843856 2.112244129180908 26
1718392844359 2.1101531982421875 27
1718392844875 2.1083028316497803 28
1718392845436 2.106656789779663 29
1718392846111 2.1051831245422363 30
1718392846655 2.1038577556610107 31
1718392847128 2.1026601791381836 32
1718392847699 2.101573944091797 33
1718392848222 2.1005823612213135 34
1718392848629 2.099672555923462 35
1718392849133 2.0988357067108154 36
1718392849515 2.0980618000030518 37
1718392849899 2.0973408222198486 38
1718392850300 2.096670627593994 39
1718392850699 2.0960421562194824 40
1718392851173 2.095451593399048 41
1718392851837 2.0948939323425293 42
1718392852401 2.0943667888641357 43
1718392852975 2.0938658714294434 44
1718392853461 2.093388319015503 45
1718392853899 2.0929336547851562 46
1718392854283 2.0924978256225586 47
1718392854644 2.0920794010162354 48
1718392855045 2.0916762351989746 49
