1718493937221 -0.0002775545473454599 0
1718493937630 0.07990110642982273 1
1718493938064 -0.07687663108812837 2
1718493938464 0.0029609311710707686 3
1718493938914 0.010938776462567468 4
1718493939348 -0.032391051250676206 5
1718493939748 -0.023659290288032153 6
1718493940165 -0.0034187414028026275 7
1718493940599 -0.02672837478945933 8
1718493941031 0.037610200117734305 9
1718493941438 -0.042346180890144414 10
1718493941992 -0.12242579139041565 11
1718493942400 0.0810006620105268 12
1718493942817 -0.02994988943992638 13
1718493943251 -0.004032700952857571 14
1718493943701 0.026946112764403285 15
1718493944118 -0.03528487642204725 16
1718493944552 -0.10625692890950722 17
1718493944990 0.014364419160065811 18
1718493945403 -0.04043640753235511 19
1718493945870 -0.00669158628894051 20
1718493946268 -0.019121560986194552 21
1718493946687 -0.005028391927982323 22
1718493947104 0.0037155881875290397 23
1718493947521 -0.01834754149119089 24
1718493947954 -0.026601103821185745 25
1718493948371 0.026263410996909098 26
1718493948805 -0.03667427193034767 27
1718493949223 0.03563455580059527 28
1718493949639 0.0005098276266743973 29
1718493950056 -0.04113790443047893 30
1718493950479 0.05857507066694545 31
1718493950923 -0.023703313837147633 32
1718493951339 0.05814287317320943 33
1718493951756 0.017765014259903733 34
1718493952208 -0.03702893000259122 35
1718493952691 -0.010576753102569114 36
1718493953142 0.03027380034578364 37
1718493953575 -0.04367096937866721 38
1718493953996 -0.025739078971272367 39
1718493954409 -0.02663680359169307 40
1718493954875 0.008850846226367892 41
1718493955310 -0.035625009022978826 42
1718493955744 -0.03304147921025935 43
1718493956177 0.021513347673897787 44
1718493956582 -0.00016877988372154817 45
1718493956999 0.03512529652528107 46
1718493957432 0.01760169552632851 47
1718493957866 0.027807991914075014 48
1718493958329 -0.028250064512695516 49
