1718583199289 0.10242424242424242 0
1718583200970 0.10242424242424242 1
1718583244780 0.10242424242424242 2
1718583269159 0.10242424242424242 3
1718583270392 0.10242424242424242 4
1718583271591 0.10242424242424242 5
1718583272775 0.10242424242424242 6
1718583273941 0.10242424242424242 7
1718583275124 0.10242424242424242 8
1718583276290 0.10242424242424242 9
1718583277473 0.10242424242424242 10
1718583278623 0.10242424242424242 11
1718583279806 0.10242424242424242 12
1718583288105 0.10242424242424242 13
1718583289607 0.10242424242424242 14
1718583290804 0.10242424242424242 15
1718583291789 0.10242424242424242 16
1718583292804 0.10242424242424242 17
1718583293754 0.10242424242424242 18
1718583294753 0.10242424242424242 19
1718583295737 0.10242424242424242 20
1718583296753 0.10242424242424242 21
1718583297736 0.10242424242424242 22
1718583298753 0.10242424242424242 23
1718583299753 0.10242424242424242 24
1718583300719 0.10242424242424242 25
1718583301719 0.09454545454545454 26
1718583303035 0.10242424242424242 27
1718583304391 0.10242424242424242 28
1718583305561 0.10242424242424242 29
1718583306647 0.10242424242424242 30
1718583307918 0.10242424242424242 31
1718583309060 0.10606060606060606 32
1718583310401 0.10242424242424242 33
1718583312433 0.10242424242424242 34
1718583313882 0.10242424242424242 35
1718583315252 0.10242424242424242 36
1718583316566 0.10242424242424242 37
1718583317982 0.10242424242424242 38
1718583319587 0.10242424242424242 39
1718583321548 0.10242424242424242 40
1718583323000 0.10242424242424242 41
1718583324402 0.10242424242424242 42
1718583328912 0.10242424242424242 43
1718583330180 0.09272727272727273 44
1718583331514 0.10242424242424242 45
1718583332846 0.10242424242424242 46
1718583334146 0.10242424242424242 47
1718583335496 0.10242424242424242 48
1718583336845 0.10242424242424242 49
