1718419076471 16.922117233276367 0
1718419078837 4.835984230041504 1
1718419081220 14.796971321105957 2
1718419084203 8.566182136535645 3
1718419087406 6.831528663635254 4
1718419090418 8.184752464294434 5
1718419093434 10.171916961669922 6
1718419096101 22.116167068481445 7
1718419098333 5.013837814331055 8
1718419100566 5.014876365661621 9
1718419102816 10.028020858764648 10
1718419105065 5.794212818145752 11
1718419107415 10.349126815795898 12
1718419109731 2.575148105621338 13
1718419112064 6.403809547424316 14
1718419114415 10.412788391113281 15
1718419116713 16.56850814819336 16
1718419118996 7.136520862579346 17
1718419121279 5.309422492980957 18
1718419123477 6.698464393615723 19
1718419125728 13.737234115600586 20
1718419127994 6.050727844238281 21
1718419130227 6.227728843688965 22
1718419132461 12.967245101928711 23
1718419134726 24.836023330688477 24
1718419136959 9.99544620513916 25
1718419139209 10.162919044494629 26
1718419141458 13.808614730834961 27
1718419144296 5.694130897521973 28
1718419147457 9.63398265838623 29
1718419150341 9.3983793258667 30
1718419153222 7.712886810302734 31
1718419155855 6.800975322723389 32
1718419158188 7.17896842956543 33
1718419160471 11.7072172164917 34
1718419162755 24.293380737304688 35
1718419165037 10.431103706359863 36
1718419167320 4.467564582824707 37
1718419169919 17.8712100982666 38
1718419172204 10.377181053161621 39
1718419174435 4.111669540405273 40
1718419176701 11.11474609375 41
1718419178934 3.761592388153076 42
1718419181533 13.203459739685059 43
1718419185268 16.788686752319336 44
1718419187515 3.9354312419891357 45
1718419189732 10.112957000732422 46
1718419191965 9.239457130432129 47
1718419194181 13.954133987426758 48
1718419196515 8.409037590026855 49
