1718568746196 0.3689646855525929 0
1718568750659 0.1858163826278175 1
1718568754503 0.1858163826278175 2
1718568757981 0.1858163826278175 3
1718568761543 0.1858163826278175 4
1718568765488 0.1858163826278175 5
1718568769214 0.1858163826278175 6
1718568772675 0.1858163826278175 7
1718568776175 0.1858163826278175 8
1718568780400 0.11753446162067853 9
1718568785940 0.1858163826278175 10
1718568791706 0.1858163826278175 11
1718568796143 0.1858163826278175 12
1718568800094 0.1858163826278175 13
1718568805427 0.1858163826278175 14
1718568810488 0.1858163826278175 15
1718568814256 0.10553797008953081 16
1718568817910 0.1858163826278175 17
1718568821722 0.1858163826278175 18
1718568825192 0.1858163826278175 19
1718568828928 0.1858163826278175 20
1718568832639 0.1747787610619469 21
1718568836749 0.1858163826278175 22
1718568841041 0.1858163826278175 23
1718568845997 0.1858163826278175 24
1718568850750 0.1858163826278175 25
1718568855691 0.1676846196557468 26
1718568859562 0.1858163826278175 27
1718568863108 0.1858163826278175 28
1718568866662 0.1858163826278175 29
1718568870215 0.1858163826278175 30
1718568873667 0.09785804002521863 31
1718568877307 0.1858163826278175 32
1718568880856 0.1858163826278175 33
1718568884383 0.1858163826278175 34
1718568888162 0.1858163826278175 35
1718568892514 0.1858163826278175 36
1718568896434 0.1858163826278175 37
1718568900054 0.1858163826278175 38
1718568904320 0.1858163826278175 39
1718568908936 0.09788237390717265 40
1718568914171 0.1858163826278175 41
1718568920374 0.1858163826278175 42
1718568924122 0.1858163826278175 43
1718568927324 0.1858163826278175 44
1718568930910 0.1858163826278175 45
1718568934429 0.1858163826278175 46
1718568938387 0.1858163826278175 47
1718568942127 0.1858163826278175 48
1718568945707 0.1858163826278175 49
