1718377348181 0.0 0
1718377348827 0.0 1
1718377349472 0.0 2
1718377350185 0.0 3
1718377350832 0.0 4
1718377351469 0.0 5
1718377352119 0.0 6
1718377352759 0.0 7
1718377353400 0.0 8
1718377354058 0.0 9
1718377354701 0.0 10
1718377355353 0.0 11
1718377356035 0.0 12
1718377356696 0.0 13
1718377357352 0.0 14
1718377358030 0.0 15
1718377358711 0.0 16
1718377359400 0.0 17
1718377360053 0.0 18
1718377360691 0.0 19
1718377361350 0.0 20
1718377362008 0.0 21
1718377362659 0.0 22
1718377363315 0.0 23
1718377363967 0.0 24
1718377364602 0.0 25
1718377365259 0.0 26
1718377365896 0.0 27
1718377366566 0.0 28
1718377367221 0.0 29
1718377367854 0.0 30
1718377368502 0.0 31
1718377369135 0.0 32
1718377369769 0.0 33
1718377370424 0.0 34
1718377371158 0.0 35
1718377371928 0.0 36
1718377372750 0.0 37
1718377373538 0.0 38
1718377374343 0.0 39
1718377375041 0.0 40
1718377375726 0.0 41
1718377376434 0.0 42
1718377377136 0.0 43
1718377377842 0.0 44
1718377378556 0.0 45
1718377379274 0.0 46
1718377379969 0.0 47
1718377380614 0.0 48
1718377381254 0.0 49
