1718416214051 0.47453817184656516 0
1718416214351 0.1698124051509573 1
1718416214634 0.4021412668479182 2
1718416214934 0.38539945245435514 3
1718416215201 0.17580097040841167 4
1718416215467 0.08078336957647303 5
1718416215717 0.17189631650750342 6
1718416215984 0.3359061057584498 7
1718416216250 0.21851845796684435 8
1718416216501 0.15199044205495818 9
1718416216750 0.24836870935688468 10
1718416217017 0.2037533512064343 11
1718416217351 0.3920877289356756 12
1718416217634 0.17189631650750342 13
1718416217917 0.21094793057409883 14
1718416218200 0.17189631650750342 15
1718416218466 0.21094793057409883 16
1718416218717 0.2037533512064343 17
1718416219002 0.21094793057409883 18
1718416219249 0.2037533512064343 19
1718416219502 0.21094793057409883 20
1718416219750 0.24212182715678174 21
1718416220017 0.21094793057409883 22
1718416220283 0.17189631650750342 23
1718416220550 0.2037533512064343 24
1718416220816 0.2037533512064343 25
1718416221100 0.0615621602029721 26
1718416221366 0.107947764420998 27
1718416221633 0.08853311086978974 28
1718416221900 0.20273500594175478 29
1718416222150 0.34039139721342737 30
1718416222486 0.21094793057409883 31
1718416222716 0.1989247311827957 32
1718416222966 0.2393261963398139 33
1718416223183 0.17189631650750342 34
1718416223433 0.09266943291839558 35
1718416223683 0.1314306362806764 36
1718416223916 0.2037533512064343 37
1718416224149 0.12534268573116994 38
1718416224404 0.28458260485311915 39
1718416224632 0.35333479306127547 40
1718416224849 0.20297071681076218 41
1718416225294 0.11001233915036136 42
1718416225518 0.1989247311827957 43
1718416225748 0.3168707507482797 44
1718416225982 0.10765913403484562 45
1718416226217 0.2556961139146091 46
1718416226449 0.1989247311827957 47
1718416226705 0.1202273165093431 48
1718416226932 0.21094793057409883 49
