1718348645832 0.0 0
1718348648598 0.0 1
1718348651267 0.0 2
1718348654175 0.0 3
1718348656773 0.0 4
1718348659644 0.0 5
1718348662194 0.0 6
1718348664949 0.0 7
1718348667592 0.0 8
1718348670369 0.0 9
1718348672984 0.0 10
1718348675884 0.0 11
1718348678488 0.0 12
1718348681336 0.0 13
1718348683832 0.0 14
1718348686701 0.0 15
1718348689196 0.0 16
1718348692054 0.0 17
1718348694642 0.0 18
1718348697455 0.0 19
1718348699990 0.0 20
1718348702956 0.0 21
1718348705838 0.0 22
1718348708498 0.0 23
1718348711066 0.0 24
1718348713842 0.0 25
1718348716310 0.0 26
1718348719054 0.0 27
1718348721539 0.0 28
1718348724430 0.0 29
1718348726993 0.0 30
1718348729789 0.0 31
1718348732405 0.0 32
1718348735272 0.0 33
1718348737918 0.0 34
1718348740767 0.0 35
1718348743406 0.0 36
1718348746121 0.0 37
1718348748781 0.0 38
1718348751565 0.0 39
1718348754199 0.0 40
1718348756827 0.0 41
1718348759442 0.0 42
1718348762174 0.0 43
1718348765275 0.0 44
1718348767945 0.0 45
1718348770619 0.0 46
1718348773343 0.0 47
1718348776011 0.0 48
1718348778713 0.0 49
