1718387293849 0.14328358208955225 0
1718387294129 0.3164179104477612 1
1718387294401 0.30149253731343284 2
1718387294706 0.44776119402985076 3
1718387295166 0.3194029850746269 4
1718387295430 0.4955223880597015 5
1718387295772 0.4298507462686567 6
1718387296031 0.5761194029850746 7
1718387296279 0.4925373134328358 8
1718387296546 0.5611940298507463 9
1718387296775 0.41194029850746267 10
1718387297000 0.46567164179104475 11
1718387297224 0.5194029850746269 12
1718387297450 0.6507462686567164 13
1718387297681 0.6507462686567164 14
1718387297901 0.6835820895522388 15
1718387298133 0.42388059701492536 16
1718387298362 0.48059701492537316 17
1718387298596 0.6208955223880597 18
1718387298818 0.7074626865671642 19
1718387299043 0.6388059701492538 20
1718387299266 0.4059701492537313 21
1718387299500 0.608955223880597 22
1718387299730 0.7373134328358208 23
1718387299953 0.7432835820895523 24
1718387300165 0.764179104477612 25
1718387300381 0.7014925373134329 26
1718387300611 0.5373134328358209 27
1718387300826 0.6119402985074627 28
1718387301046 0.7283582089552239 29
1718387301266 0.746268656716418 30
1718387301493 0.7671641791044777 31
1718387301712 0.8119402985074626 32
1718387301935 0.8208955223880597 33
1718387302171 0.8 34
1718387302418 0.7701492537313432 35
1718387302675 0.7014925373134329 36
1718387302908 0.6238805970149254 37
1718387303136 0.6208955223880597 38
1718387303389 0.7582089552238805 39
1718387303639 0.7731343283582089 40
1718387303857 0.8 41
1718387304084 0.6477611940298508 42
1718387304483 0.608955223880597 43
1718387304697 0.6716417910447762 44
1718387304923 0.7582089552238805 45
1718387305149 0.7940298507462686 46
1718387305373 0.8388059701492537 47
1718387305624 0.8388059701492537 48
1718387305854 0.7761194029850746 49
