1718387293739 2.3225820064544678 0
1718387294007 2.2438807487487793 1
1718387294274 2.1208550930023193 2
1718387294572 2.012451648712158 3
1718387295056 1.930580973625183 4
1718387295311 2.0085062980651855 5
1718387295665 1.83430814743042 6
1718387295920 1.764042615890503 7
1718387296166 1.703922986984253 8
1718387296439 1.6877498626708984 9
1718387296678 1.6672629117965698 10
1718387296906 1.7762893438339233 11
1718387297127 1.709145188331604 12
1718387297352 1.5377615690231323 13
1718387297584 1.4368757009506226 14
1718387297812 1.396060824394226 15
1718387298031 1.4048157930374146 16
1718387298266 1.638924241065979 17
1718387298508 1.548657774925232 18
1718387298727 1.4011105298995972 19
1718387298951 1.3010257482528687 20
1718387299169 1.3332815170288086 21
1718387299398 1.5770941972732544 22
1718387299634 1.384200096130371 23
1718387299856 1.1934877634048462 24
1718387300078 1.138132929801941 25
1718387300293 1.1145967245101929 26
1718387300519 1.2040969133377075 27
1718387300738 1.3341779708862305 28
1718387300961 1.2620795965194702 29
1718387301176 1.1145720481872559 30
1718387301395 1.0795420408248901 31
1718387301622 1.0280133485794067 32
1718387301844 0.9708147048950195 33
1718387302066 0.9384616017341614 34
1718387302310 0.9409213662147522 35
1718387302566 0.9700098037719727 36
1718387302810 1.0820163488388062 37
1718387303043 1.2318718433380127 38
1718387303280 1.1882706880569458 39
1718387303535 1.0156831741333008 40
1718387303771 0.8965122103691101 41
1718387303988 0.9004044532775879 42
1718387304400 1.0611698627471924 43
1718387304609 1.2114051580429077 44
1718387304830 1.0175836086273193 45
1718387305056 0.9371060729026794 46
1718387305279 0.9071404933929443 47
1718387305527 0.8027153611183167 48
1718387305756 0.7868108749389648 49
