1718376069610 -0.04680967330932617 0
1718376070392 -0.04680919647216797 1
1718376071027 -0.04680943489074707 2
1718376071700 -0.04680967330932617 3
1718376072378 -0.04680943489074707 4
1718376073067 -0.04680967330932617 5
1718376073908 -0.04680943489074707 6
1718376074906 -0.04680967330932617 7
1718376075865 -0.04680943489074707 8
1718376077080 -0.04680967330932617 9
1718376078002 -0.04680967330932617 10
1718376078878 -0.04680967330932617 11
1718376079640 -0.04680967330932617 12
1718376080330 -0.04680967330932617 13
1718376081039 -0.04680967330932617 14
1718376081691 -0.04680967330932617 15
1718376082355 -0.04680943489074707 16
1718376082993 -0.04680967330932617 17
1718376083686 -0.04680967330932617 18
1718376085318 -0.04680967330932617 19
1718376085962 -0.04680967330932617 20
1718376086600 -0.04680943489074707 21
1718376087208 -0.04680943489074707 22
1718376087830 -0.04680943489074707 23
1718376088631 -0.04680967330932617 24
1718376089544 -0.04680943489074707 25
1718376090564 -0.04680967330932617 26
1718376091573 -0.04680967330932617 27
1718376092298 -0.04680967330932617 28
1718376092986 -0.04680943489074707 29
1718376093631 -0.04680967330932617 30
1718376094284 -0.04680943489074707 31
1718376095056 -0.04680967330932617 32
1718376095921 -0.04680943489074707 33
1718376096641 -0.04680967330932617 34
1718376097285 -0.06883978843688965 35
1718376098014 -0.06883955001831055 36
1718376098668 -0.06883978843688965 37
1718376099412 -0.06883955001831055 38
1718376100210 -0.06883955001831055 39
1718376101100 -0.06883955001831055 40
1718376101856 -0.06883978843688965 41
1718376102571 -0.06883931159973145 42
1718376103312 -0.09227800369262695 43
1718376104070 -0.09227848052978516 44
1718376105078 -0.09227824211120605 45
1718376105748 -0.09227800369262695 46
1718376106435 -0.09227800369262695 47
1718376107128 -0.04680967330932617 48
1718376107766 -0.06883955001831055 49
