1718376069528 2.3489017486572266 0
1718376070312 2.3489022254943848 1
1718376070943 2.3489017486572266 2
1718376071619 2.3489017486572266 3
1718376072297 2.3489017486572266 4
1718376072969 2.3489017486572266 5
1718376073818 2.3489017486572266 6
1718376074789 2.3489017486572266 7
1718376075779 2.3489017486572266 8
1718376076964 2.3489017486572266 9
1718376077899 2.3489017486572266 10
1718376078781 2.3489017486572266 11
1718376079546 2.3489017486572266 12
1718376080246 2.3489017486572266 13
1718376080956 2.3489017486572266 14
1718376081616 2.3489017486572266 15
1718376082277 2.3489017486572266 16
1718376082903 2.3489017486572266 17
1718376083600 2.3489017486572266 18
1718376084439 2.3489017486572266 19
1718376085874 2.3489017486572266 20
1718376086523 2.3489017486572266 21
1718376087130 2.3489017486572266 22
1718376087753 2.3489017486572266 23
1718376088501 2.3489017486572266 24
1718376089438 2.3489017486572266 25
1718376090459 2.3489017486572266 26
1718376091480 2.3489017486572266 27
1718376092208 2.3489017486572266 28
1718376092912 2.3489017486572266 29
1718376093556 2.3489017486572266 30
1718376094205 2.3489017486572266 31
1718376094970 2.3489017486572266 32
1718376095841 2.3489017486572266 33
1718376096559 2.3489017486572266 34
1718376097216 2.327552080154419 35
1718376097933 2.327552080154419 36
1718376098590 2.327552080154419 37
1718376099307 2.327552080154419 38
1718376100059 2.327552080154419 39
1718376101018 2.327552080154419 40
1718376101761 2.327552080154419 41
1718376102488 2.327552080154419 42
1718376103227 2.304920196533203 43
1718376103979 2.304919958114624 44
1718376104982 2.304919958114624 45
1718376105675 2.304920196533203 46
1718376106354 2.304920196533203 47
1718376107047 2.3489017486572266 48
1718376107687 2.327552080154419 49
