1718391465767 2.103527069091797 0
1718391466347 2.1076979637145996 1
1718391466704 2.109900951385498 2
1718391467055 2.1112780570983887 3
1718391467448 2.112257957458496 4
1718391467789 2.113013744354248 5
1718391468139 2.113624095916748 6
1718391468479 2.1141278743743896 7
1718391468816 2.114549398422241 8
1718391469167 2.114903450012207 9
1718391469500 2.1152007579803467 10
1718391469835 2.1154496669769287 11
1718391470194 2.1156580448150635 12
1718391470531 2.115830421447754 13
1718391470873 2.1159725189208984 14
1718391471218 2.1160881519317627 15
1718391471560 2.116180181503296 16
1718391471902 2.1162526607513428 17
1718391472264 2.1163079738616943 18
1718391472619 2.116347551345825 19
1718391472976 2.116374969482422 20
1718391473336 2.11639142036438 21
1718391473720 2.1163971424102783 22
1718391474090 2.1163949966430664 23
1718391474437 2.1163852214813232 24
1718391474783 2.1163699626922607 25
1718391475157 2.1163489818573 26
1718391475517 2.116323232650757 27
1718391475880 2.1162936687469482 28
1718391476242 2.116260528564453 29
1718391476586 2.1162240505218506 30
1718391476937 2.1161859035491943 31
1718391477285 2.116145372390747 32
1718391477629 2.116103172302246 33
1718391477974 2.1160593032836914 34
1718391478333 2.116014003753662 35
1718391478682 2.1159684658050537 36
1718391479032 2.1159214973449707 37
1718391479387 2.1158738136291504 38
1718391479736 2.1158254146575928 39
1718391480097 2.115776777267456 40
1718391480448 2.1157279014587402 41
1718391480793 2.1156787872314453 42
1718391481156 2.1156296730041504 43
1718391481481 2.1155803203582764 44
1718391481827 2.1155309677124023 45
1718391482173 2.115481376647949 46
1718391482597 2.115432024002075 47
1718391483070 2.1153829097747803 48
1718391483534 2.1153337955474854 49
