1718446537200 nan 0
1718446537429 nan 1
1718446537650 nan 2
1718446537883 nan 3
1718446538137 nan 4
1718446538383 nan 5
1718446538616 nan 6
1718446538833 nan 7
1718446539083 nan 8
1718446539300 nan 9
1718446539549 nan 10
1718446539783 nan 11
1718446540027 nan 12
1718446540233 nan 13
1718446540449 nan 14
1718446540683 nan 15
1718446540933 nan 16
1718446541166 nan 17
1718446541382 nan 18
1718446541599 nan 19
1718446541832 nan 20
1718446542052 nan 21
1718446542282 nan 22
1718446542499 nan 23
1718446542725 nan 24
1718446542952 nan 25
1718446543199 nan 26
1718446543432 nan 27
1718446543665 nan 28
1718446543921 nan 29
1718446544150 nan 30
1718446544382 nan 31
1718446544614 nan 32
1718446544848 nan 33
1718446545082 nan 34
1718446545319 nan 35
1718446545780 nan 36
1718446546048 nan 37
1718446546332 nan 38
1718446546581 nan 39
1718446546815 nan 40
1718446547048 nan 41
1718446547281 nan 42
1718446547498 nan 43
1718446547731 nan 44
1718446547964 nan 45
1718446548200 nan 46
1718446548434 nan 47
1718446548668 nan 48
1718446548898 nan 49
