1718380678667 0.0 0
1718380679360 0.0 1
1718380680015 0.3333333333333333 2
1718380680658 1.0 3
1718380681283 0.5 4
1718380682018 1.0 5
1718380682787 1.0 6
1718380683564 1.0 7
1718380684368 1.0 8
1718380685191 1.0 9
1718380685987 0.0 10
1718380686777 0.0 11
1718380687543 0.6666666666666666 12
1718380688288 0.5 13
1718380689067 0.0 14
1718380689901 0.0 15
1718380690643 0.0 16
1718380691385 0.0 17
1718380692086 0.0 18
1718380692734 1.0 19
1718380693380 0.7 20
1718380694050 0.0 21
1718380694690 0.6666666666666666 22
1718380695326 0.3333333333333333 23
1718380695964 0.7 24
1718380696667 0.8333333333333333 25
1718380697300 0.7 26
1718380697938 0.0 27
1718380698558 0.3333333333333333 28
1718380699194 0.0 29
1718380699818 0.0 30
1718380700453 0.0 31
1718380701085 0.7 32
1718380701699 0.3333333333333333 33
1718380702335 0.3333333333333333 34
1718380702960 0.3333333333333333 35
1718380703594 0.3333333333333333 36
1718380704226 0.3333333333333333 37
1718380704850 0.7 38
1718380705470 0.3333333333333333 39
1718380706097 0.0 40
1718380706715 0.3333333333333333 41
1718380707347 0.0 42
1718380707978 0.3333333333333333 43
1718380708598 0.3333333333333333 44
1718380709234 0.3333333333333333 45
1718380709850 0.2 46
1718380710492 0.0 47
1718380711135 0.0 48
1718380711756 0.0 49
