1718329521910 0.11428571428571428 0
1718329522210 0.11428571428571428 1
1718329522500 0.11428571428571428 2
1718329522831 0.11428571428571428 3
1718329523147 0.11428571428571428 4
1718329523440 0.11428571428571428 5
1718329523733 0.11428571428571428 6
1718329524015 0.11428571428571428 7
1718329524301 0.11428571428571428 8
1718329524598 0.11428571428571428 9
1718329524907 0.11428571428571428 10
1718329525194 0.11428571428571428 11
1718329525488 0.11428571428571428 12
1718329525772 0.11428571428571428 13
1718329526055 0.11428571428571428 14
1718329526340 0.17142857142857143 15
1718329526642 0.17142857142857143 16
1718329526961 0.22857142857142856 17
1718329527249 0.3142857142857143 18
1718329527542 0.14285714285714285 19
1718329527835 0.14285714285714285 20
1718329528118 0.05714285714285714 21
1718329528410 0.11428571428571428 22
1718329528717 0.17142857142857143 23
1718329529004 0.11428571428571428 24
1718329529292 0.11428571428571428 25
1718329529590 0.11428571428571428 26
1718329529887 0.11428571428571428 27
1718329530174 0.11428571428571428 28
1718329530461 0.11428571428571428 29
1718329530761 0.11428571428571428 30
1718329531045 0.11428571428571428 31
1718329531330 0.11428571428571428 32
1718329531627 0.11428571428571428 33
1718329531917 0.11428571428571428 34
1718329532229 0.11428571428571428 35
1718329532515 0.11428571428571428 36
1718329532815 0.11428571428571428 37
1718329533106 0.11428571428571428 38
1718329533398 0.11428571428571428 39
1718329533699 0.11428571428571428 40
1718329533995 0.11428571428571428 41
1718329534292 0.11428571428571428 42
1718329534600 0.11428571428571428 43
1718329534893 0.11428571428571428 44
1718329535180 0.11428571428571428 45
1718329535468 0.11428571428571428 46
1718329535766 0.11428571428571428 47
1718329536060 0.11428571428571428 48
1718329536423 0.11428571428571428 49
