1718427713605 0.5921068216689007 0
1718427713825 0.5421045498918025 1
1718427714088 0.5147980331343349 2
1718427714336 0.49265697855520507 3
1718427714559 0.42950031491813684 4
1718427714788 0.21888549806675575 5
1718427715021 0.32894558819951075 6
1718427715238 0.13694396506253387 7
1718427715488 0.29987327181595563 8
1718427715721 0.5494606390831696 9
1718427715954 0.5235358140288464 10
1718427716187 0.30093716945188453 11
1718427716404 0.3754780861447647 12
1718427716609 0.5642360921896779 13
1718427716837 0.5362915227825434 14
1718427717057 0.5328257640962478 15
1718427717324 0.41674189027223063 16
1718427717554 0.47563938447314774 17
1718427717770 0.37588890748747483 18
1718427718010 0.3066292869017956 19
1718427718237 0.2967754670800151 20
1718427718470 0.46343253596063555 21
1718427718704 0.29653511117639997 22
1718427718924 0.46577431416754117 23
1718427719137 0.35275081797341834 24
1718427719370 0.329538601775044 25
1718427719587 0.17989613842801466 26
1718427719810 0.25816144577165934 27
1718427720057 0.4385166319026934 28
1718427720310 0.43829056409130174 29
1718427720552 0.3044930006009777 30
1718427720787 0.3408380439934483 31
1718427721070 0.46776721943582883 32
1718427721287 0.5382999279388632 33
1718427721520 0.34584476259188607 34
1718427721753 0.5736518368821032 35
1718427722005 0.42415775557474 36
1718427722270 0.40101026482717583 37
1718427722603 0.41650749999140363 38
1718427722940 0.48197879170670116 39
1718427723486 0.3291318996819333 40
1718427723790 0.3546097726284467 41
1718427724103 0.5031220520887384 42
1718427724413 0.40034372227978376 43
1718427724719 0.41440604614853943 44
1718427725019 0.5028490544383546 45
1718427725318 0.5121587410471286 46
1718427725619 0.5755634173581228 47
1718427725902 0.27082126798017153 48
1718427726214 0.4119910575736663 49
