1718539079203 1.0 0
1718539079539 1.0 1
1718539079872 1.0 2
1718539080338 0.9395770392749244 3
1718539080698 1.0 4
1718539081038 0.021671826625386997 5
1718539081391 1.0 6
1718539081738 1.0 7
1718539082105 1.0 8
1718539082605 1.0 9
1718539083124 0.4148606811145511 10
1718539083621 1.0 11
1718539084088 1.0 12
1718539084524 1.0 13
1718539084971 1.0 14
1718539085404 1.0 15
1718539085871 1.0 16
1718539086425 0.40437158469945356 17
1718539086904 0.18984547461368653 18
1718539087359 0.33639705882352944 19
1718539087791 0.31587301587301586 20
1718539088237 1.0 21
1718539088703 1.0 22
1718539089154 1.0 23
1718539089592 1.0 24
1718539090037 0.38181818181818183 25
1718539090470 1.0 26
1718539090925 1.0 27
1718539091370 1.0 28
1718539091826 1.0 29
1718539092269 1.0 30
1718539092703 1.0 31
1718539093303 1.0 32
1718539093769 1.0 33
1718539094336 1.0 34
1718539094886 1.0 35
1718539095352 0.6072607260726073 36
1718539095785 0.5630252100840336 37
1718539096222 0.3106060606060606 38
1718539096602 0.5541795665634675 39
1718539097002 1.0 40
1718539097405 1.0 41
1718539097802 1.0 42
1718539098168 1.0 43
1718539098518 1.0 44
1718539098851 1.0 45
1718539099200 1.0 46
1718539099535 1.0 47
1718539099871 1.0 48
1718539100236 0.5888429752066116 49
