1718416340908 0.165574312210083 0
1718416341193 0.13308143615722656 1
1718416341460 0.0685269832611084 2
1718416341709 0.021231651306152344 3
1718416341976 -0.07798707485198975 4
1718416342226 -0.413862943649292 5
1718416342476 0.19878911972045898 6
1718416342709 0.07476639747619629 7
1718416342974 0.01947164535522461 8
1718416343209 0.06026625633239746 9
1718416343442 -0.1564655303955078 10
1718416343675 -0.12380647659301758 11
1718416343908 0.31428074836730957 12
1718416344109 -0.22720932960510254 13
1718416344343 -0.181840181350708 14
1718416344559 0.22886204719543457 15
1718416344775 -0.002920389175415039 16
1718416345025 0.034008026123046875 17
1718416345242 -0.018903255462646484 18
1718416345475 -0.04652810096740723 19
1718416345707 0.03710627555847168 20
1718416345942 -0.16703248023986816 21
1718416346174 -0.034049034118652344 22
1718416346391 -0.05910015106201172 23
1718416346642 0.23126602172851562 24
1718416346875 0.029879093170166016 25
1718416347092 0.02938389778137207 26
1718416347308 0.06659150123596191 27
1718416347525 -0.1809101104736328 28
1718416347975 0.11670064926147461 29
1718416348191 0.16263866424560547 30
1718416348425 -0.40392184257507324 31
1718416348656 -0.3104565143585205 32
1718416348875 0.20969271659851074 33
1718416349091 0.28225040435791016 34
1718416349325 -0.2423110008239746 35
1718416349541 0.00044417381286621094 36
1718416349775 -0.10633111000061035 37
1718416350074 0.03659820556640625 38
1718416350308 0.26891660690307617 39
1718416350524 -0.02199697494506836 40
1718416350758 0.15323209762573242 41
1718416350991 -0.1719646453857422 42
1718416351208 -0.05366158485412598 43
1718416351441 -0.1810472011566162 44
1718416351674 0.3485727310180664 45
1718416351907 0.017441987991333008 46
1718416352141 0.0022902488708496094 47
1718416352357 0.00022721290588378906 48
1718416352574 -0.0005304813385009766 49
