1718515451260 1.0 0
1718515452148 1.0 1
1718515453013 1.0 2
1718515453895 1.0 3
1718515454747 0.5264797507788161 4
1718515455647 1.0 5
1718515456467 1.0 6
1718515457267 1.0 7
1718515458066 1.0 8
1718515458833 1.0 9
1718515459634 1.0 10
1718515460434 1.0 11
1718515461218 1.0 12
1718515462019 1.0 13
1718515462836 1.0 14
1718515463605 1.0 15
1718515464406 1.0 16
1718515465222 1.0 17
1718515466039 1.0 18
1718515466807 1.0 19
1718515467594 1.0 20
1718515468423 1.0 21
1718515469193 1.0 22
1718515469975 1.0 23
1718515470775 1.0 24
1718515471559 1.0 25
1718515472360 1.0 26
1718515473144 1.0 27
1718515473928 1.0 28
1718515474695 1.0 29
1718515475496 0.49852507374631266 30
1718515476280 1.0 31
1718515477047 1.0 32
1718515477831 0.3722772277227723 33
1718515478613 1.0 34
1718515479432 1.0 35
1718515480218 1.0 36
1718515481015 1.0 37
1718515481800 0.31563421828908556 38
1718515482651 1.0 39
1718515483452 1.0 40
1718515484252 1.0 41
1718515485053 1.0 42
1718515485837 1.0 43
1718515486672 1.0 44
1718515487441 1.0 45
1718515488355 1.0 46
1718515489156 1.0 47
1718515489925 1.0 48
1718515490707 1.0 49
