1718356115876 1.0 0
1718356118424 1.0 1
1718356120740 1.0 2
1718356123264 1.0 3
1718356125606 1.0 4
1718356128192 1.0 5
1718356130425 1.0 6
1718356132647 1.0 7
1718356135102 1.0 8
1718356137348 1.0 9
1718356139919 1.0 10
1718356142144 1.0 11
1718356145100 1.0 12
1718356147480 1.0 13
1718356149854 1.0 14
1718356152187 1.0 15
1718356154473 1.0 16
1718356157007 1.0 17
1718356159321 1.0 18
1718356161854 1.0 19
1718356164181 1.0 20
1718356166664 1.0 21
1718356169182 1.0 22
1718356171555 1.0 23
1718356173955 1.0 24
1718356176104 1.0 25
1718356178604 1.0 26
1718356180879 1.0 27
1718356183343 1.0 28
1718356185753 1.0 29
1718356188055 1.0 30
1718356190533 1.0 31
1718356192896 1.0 32
1718356195450 1.0 33
1718356197741 1.0 34
1718356200187 1.0 35
1718356202637 1.0 36
1718356205310 1.0 37
1718356207694 1.0 38
1718356209896 1.0 39
1718356212334 1.0 40
1718356214571 1.0 41
1718356216943 1.0 42
1718356219334 1.0 43
1718356221711 1.0 44
1718356224254 1.0 45
1718356226542 1.0 46
1718356229049 1.0 47
1718356231258 1.0 48
1718356233723 1.0 49
