1718516780594 3.796879291534424 0
1718516780911 3.6079676151275635 1
1718516781244 3.169243097305298 2
1718516781677 3.9548733234405518 3
1718516782010 3.410747766494751 4
1718516782344 3.5262539386749268 5
1718516782660 3.796773672103882 6
1718516782994 3.6118862628936768 7
1718516783327 3.173398971557617 8
1718516783647 3.956937313079834 9
1718516783993 3.408323287963867 10
1718516784327 3.523569107055664 11
1718516784660 3.796724557876587 12
1718516784976 3.613142490386963 13
1718516785325 3.1748058795928955 14
1718516785660 3.957505941390991 15
1718516785960 3.4076037406921387 16
1718516786310 3.522608518600464 17
1718516786660 3.7967419624328613 18
1718516786993 3.6134400367736816 19
1718516787326 3.1752164363861084 20
1718516787676 3.9576256275177 21
1718516788029 3.4073450565338135 22
1718516788392 3.522157669067383 23
1718516788735 3.7967703342437744 24
1718516789042 3.6134700775146484 25
1718516789376 3.175341844558716 26
1718516789722 3.957625150680542 27
1718516790025 3.407214641571045 28
1718516790359 3.521851062774658 29
1718516790692 3.7968010902404785 30
1718516791036 3.6134185791015625 31
1718516791478 3.175384044647217 32
1718516791795 3.957590341567993 33
1718516792142 3.4071195125579834 34
1718516792492 3.5215797424316406 35
1718516792875 3.7968313694000244 36
1718516793218 3.6133458614349365 37
1718516793557 3.1754019260406494 38
1718516793875 3.9575424194335938 39
1718516794191 3.4070277214050293 40
1718516794517 3.5213139057159424 41
1718516794841 3.796865224838257 42
1718516795176 3.6132631301879883 43
1718516795501 3.1754093170166016 44
1718516795827 3.957489252090454 45
1718516796144 3.4069368839263916 46
1718516796477 3.521043062210083 47
1718516796824 3.7968955039978027 48
1718516797157 3.613175868988037 49
