1718516780711 1.0 0
1718516781044 1.0 1
1718516781344 1.0 2
1718516781794 1.0 3
1718516782127 1.0 4
1718516782462 1.0 5
1718516782777 1.0 6
1718516783111 1.0 7
1718516783434 1.0 8
1718516783763 1.0 9
1718516784110 1.0 10
1718516784443 1.0 11
1718516784777 1.0 12
1718516785109 1.0 13
1718516785443 1.0 14
1718516785776 1.0 15
1718516786109 1.0 16
1718516786435 1.0 17
1718516786776 1.0 18
1718516787124 1.0 19
1718516787443 1.0 20
1718516787813 1.0 21
1718516788159 1.0 22
1718516788514 1.0 23
1718516788842 1.0 24
1718516789159 1.0 25
1718516789492 1.0 26
1718516789836 1.0 27
1718516790142 1.0 28
1718516790475 1.0 29
1718516790829 1.0 30
1718516791142 1.0 31
1718516791578 1.0 32
1718516791911 1.0 33
1718516792242 1.0 34
1718516792625 1.0 35
1718516792992 1.0 36
1718516793325 1.0 37
1718516793675 1.0 38
1718516793975 1.0 39
1718516794307 1.0 40
1718516794625 1.0 41
1718516794958 1.0 42
1718516795294 1.0 43
1718516795611 1.0 44
1718516795943 1.0 45
1718516796258 1.0 46
1718516796596 1.0 47
1718516796941 1.0 48
1718516797274 1.0 49
