1718333087477 3.24434494972229 0
1718333089882 3.244345188140869 1
1718333092378 3.244345188140869 2
1718333094820 3.244344711303711 3
1718333097470 3.244345188140869 4
1718333099918 3.244345188140869 5
1718333102606 2.957296848297119 6
1718333105243 3.103640079498291 7
1718333107805 5.373157501220703 8
1718333110179 4.442130088806152 9
1718333112582 4.346774101257324 10
1718333115030 4.346774101257324 11
1718333117422 4.346774101257324 12
1718333119907 4.346773624420166 13
1718333122315 4.346773624420166 14
1718333124822 4.346774578094482 15
1718333127226 4.346774101257324 16
1718333129671 4.346773624420166 17
1718333132051 4.346773624420166 18
1718333134496 4.346773147583008 19
1718333136853 4.346773624420166 20
1718333139195 4.346773147583008 21
1718333141580 4.346773624420166 22
1718333143867 4.346774101257324 23
1718333146309 4.346773624420166 24
1718333148630 4.346773624420166 25
1718333151027 4.346773624420166 26
1718333153512 4.346773624420166 27
1718333155955 4.346773147583008 28
1718333158452 4.346774101257324 29
1718333160817 4.346773624420166 30
1718333163535 4.346773624420166 31
1718333165997 4.346773624420166 32
1718333168510 4.346773624420166 33
1718333170952 4.346773624420166 34
1718333173489 4.346773624420166 35
1718333175790 4.346773624420166 36
1718333178245 4.346773147583008 37
1718333180649 4.346774101257324 38
1718333183129 4.346774101257324 39
1718333185610 4.346773624420166 40
1718333187983 4.346773624420166 41
1718333190565 4.346773624420166 42
1718333192917 4.346773624420166 43
1718333195412 4.346773624420166 44
1718333197797 4.346774101257324 45
1718333200305 7.019494533538818 46
1718333202673 7.703665733337402 47
1718333205194 6.070114612579346 48
1718333207393 5.938668727874756 49
