1718502128890 0.1676846196557468 0
1718502129411 0.15686228565575466 1
1718502129891 0.1676846196557468 2
1718502130432 0.11202291552922689 3
1718502130908 0.16870144284128746 4
1718502131431 0.19573537452159653 5
1718502131909 0.19573537452159653 6
1718502132409 0.13226930367443668 7
1718502132926 0.1676846196557468 8
1718502133427 0.1676846196557468 9
1718502133860 0.06703316917216763 10
1718502134326 0.19573537452159653 11
1718502134778 0.09220172319529413 12
1718502135260 0.1676846196557468 13
1718502135745 0.1676846196557468 14
1718502136212 0.1676846196557468 15
1718502136712 0.16870144284128746 16
1718502137213 0.19573537452159653 17
1718502137663 0.1676846196557468 18
1718502138080 0.16870144284128746 19
1718502138514 0.1676846196557468 20
1718502138931 0.08365850481657393 21
1718502139381 0.19573537452159653 22
1718502139831 0.16870144284128746 23
1718502140282 0.1676846196557468 24
1718502140715 0.40624622512316655 25
1718502141149 0.15847680006095846 26
1718502141583 0.19573537452159653 27
1718502142016 0.1676846196557468 28
1718502142433 0.1676846196557468 29
1718502142884 0.4919687501259101 30
1718502143317 0.1126135710957518 31
1718502143768 0.1676846196557468 32
1718502144201 0.19573537452159653 33
1718502144652 0.1676846196557468 34
1718502145085 0.08857220491801072 35
1718502145502 0.1858163826278175 36
1718502145936 0.17441051173383942 37
1718502146403 0.08375161389260796 38
1718502146854 0.1865912295699712 39
1718502147270 0.1676846196557468 40
1718502147754 0.15482837519344825 41
1718502148171 0.13555858380397495 42
1718502148638 0.16870144284128746 43
1718502149055 0.1676846196557468 44
1718502149489 0.1676846196557468 45
1718502149939 0.16870144284128746 46
1718502150423 0.1858163826278175 47
1718502150940 0.16870144284128746 48
1718502151457 0.16870144284128746 49
