1718391959411 0.19697868824005127 0
1718391959791 0.1903167963027954 1
1718391960182 0.18541204929351807 2
1718391960534 0.18197405338287354 3
1718391960897 0.1795881986618042 4
1718391961249 0.17793262004852295 5
1718391961594 0.17677760124206543 6
1718391961946 0.1759645938873291 7
1718391962361 0.17538511753082275 8
1718391962822 0.1749664545059204 9
1718391963260 0.1746593713760376 10
1718391963730 0.17442834377288818 11
1718391964150 0.17425274848937988 12
1718391964606 0.17411494255065918 13
1718391965058 0.1740046739578247 14
1718391965482 0.17391538619995117 15
1718391965903 0.17384099960327148 16
1718391966331 0.17377781867980957 17
1718391966740 0.17372429370880127 18
1718391967152 0.17367780208587646 19
1718391967567 0.173636794090271 20
1718391967975 0.17360150814056396 21
1718391968388 0.17357051372528076 22
1718391969029 0.17354333400726318 23
1718391969472 0.17351949214935303 24
1718391969913 0.17349886894226074 25
1718391970333 0.17348122596740723 26
1718391970749 0.17346644401550293 27
1718391971144 0.1734546422958374 28
1718391971559 0.17545878887176514 29
1718391971999 0.2566976547241211 30
1718391972407 0.0926971435546875 31
1718391972879 0.22509098052978516 32
1718391973302 0.049483299255371094 33
1718391973714 0.041098594665527344 34
1718391974113 0.04173612594604492 35
1718391974524 0.04422283172607422 36
1718391974944 0.046909332275390625 37
1718391975362 0.04934549331665039 38
1718391975771 0.051441311836242676 39
1718391976187 0.05322003364562988 40
1718391976604 0.05473291873931885 41
1718391977026 0.056031107902526855 42
1718391977429 0.057158827781677246 43
1718391977841 0.05815088748931885 44
1718391978259 0.05903506278991699 45
1718391978663 0.05983245372772217 46
1718391979076 0.060561299324035645 47
1718391979486 0.0612332820892334 48
1718391979913 0.06186044216156006 49
