1718334482062 3.2989439964294434 0
1718334485157 8.01101016998291 1
1718334487864 3.733853816986084 2
1718334490747 3.7338626384735107 3
1718334493450 3.256960153579712 4
1718334496180 6.057974338531494 5
1718334498795 2.82373309135437 6
1718334501675 3.669844150543213 7
1718334504305 7.779483318328857 8
1718334507006 4.225986957550049 9
1718334509665 3.7338550090789795 10
1718334512372 6.515102386474609 11
1718334515013 2.3972301483154297 12
1718334517729 4.177206516265869 13
1718334520398 4.462647914886475 14
1718334523183 7.38685417175293 15
1718334525794 3.0965895652770996 16
1718334528438 2.7471179962158203 17
1718334531074 7.717929363250732 18
1718334533839 2.888554573059082 19
1718334536442 3.033961534500122 20
1718334539221 5.166970729827881 21
1718334541891 7.568385124206543 22
1718334544918 2.7929954528808594 23
1718334547496 3.3457250595092773 24
1718334550348 2.931722640991211 25
1718334553087 3.4235410690307617 26
1718334555961 4.090012550354004 27
1718334558513 4.986170291900635 28
1718334561234 8.46994400024414 29
1718334563773 4.905421733856201 30
1718334566660 2.885751247406006 31
1718334569243 3.049437999725342 32
1718334571991 2.877668857574463 33
1718334574575 6.09799337387085 34
1718334577229 9.578372955322266 35
1718334579728 4.822220325469971 36
1718334582359 2.9028990268707275 37
1718334585008 4.167383670806885 38
1718334587702 3.0740303993225098 39
1718334590237 6.583093166351318 40
1718334593104 4.846836566925049 41
1718334595621 2.919243097305298 42
1718334598285 11.25616455078125 43
1718334600883 2.7239017486572266 44
1718334603940 5.767175197601318 45
1718334606627 10.421832084655762 46
1718334609479 5.9920573234558105 47
1718334612127 2.7165114879608154 48
1718334614846 2.9589242935180664 49
