1718520156946 1.9975484523220022 0
1718520161562 -6.875162687917175 1
1718520166294 -2.345939770678333 2
1718520170927 -8.38163316322436 3
1718520175693 -3.1022692168311927 4
1718520180425 -11.496186785332334 5
1718520185461 -18.30391149155518 6
1718520190740 10.8502311007875 7
1718520195854 -8.462579319120891 8
1718520200471 -1.56319834676445 9
1718520205170 -3.856754826413871 10
1718520209870 -22.205025328422508 11
1718520214501 -8.349579036227604 12
1718520219059 -20.112730295597892 13
1718520223600 -2.8012031227673546 14
1718520228119 10.261391237104643 15
1718520232663 7.594558821289885 16
1718520237297 -20.478731005275566 17
1718520242035 -6.792058600008188 18
1718520247312 -9.980479652389215 19
1718520252496 6.333174914685463 20
1718520257393 -5.769263162807352 21
1718520261925 -3.317353549714742 22
1718520266575 -4.001529166141038 23
1718520271144 12.3315617307786 24
1718520275690 10.762112032635208 25
1718520280239 -14.255017499373196 26
1718520284854 6.254045950526999 27
1718520289472 9.870916330304022 28
1718520294053 10.26590798080321 29
1718520298785 7.960824072637769 30
1718520303734 -3.9436055341890928 31
1718520309003 -18.951630897494354 32
1718520314182 -0.003803504616048059 33
1718520319029 -2.7714780459804587 34
1718520323931 10.619374781525842 35
1718520328449 13.277352970032975 36
1718520332978 -14.733963846001645 37
1718520337681 9.699516448068486 38
1718520342310 -16.80374288791782 39
1718520346876 -14.232848607465634 40
1718520351558 11.988803526030487 41
1718520356207 13.12155733992284 42
1718520360838 -8.608532208024034 43
1718520365992 11.229563447376325 44
1718520371237 4.760139368201973 45
1718520376603 9.737378938859225 46
1718520381152 8.544684334409018 47
1718520385750 -22.395143958968646 48
1718520390384 10.148729200246962 49
