1718399611741 1.2284162044525146 0
1718399614210 -0.07648563385009766 1
1718399616628 -0.3866903781890869 2
1718399619130 -0.23798751831054688 3
1718399621682 -1.0210528373718262 4
1718399624150 -0.07002997398376465 5
1718399626652 -0.05801272392272949 6
1718399629004 0.06143331527709961 7
1718399631456 -0.26017022132873535 8
1718399633858 -0.17462468147277832 9
1718399636242 -0.8368597030639648 10
1718399638661 -0.5407290458679199 11
1718399641063 -0.12717342376708984 12
1718399643915 0.46271848678588867 13
1718399647201 -0.13453912734985352 14
1718399650387 0.05403566360473633 15
1718399653372 1.4251964092254639 16
1718399655824 -0.4649937152862549 17
1718399658259 -0.2967648506164551 18
1718399660628 -0.2925243377685547 19
1718399663113 -0.9177613258361816 20
1718399665531 -0.5768458843231201 21
1718399667966 1.041175365447998 22
1718399670318 -0.5060014724731445 23
1718399672703 -0.48616552352905273 24
1718399675138 0.9877891540527344 25
1718399677524 -0.25849103927612305 26
1718399679992 -0.3630373477935791 27
1718399682377 -0.8483304977416992 28
1718399684779 -0.3234560489654541 29
1718399687147 -0.28665781021118164 30
1718399689566 -0.2430100440979004 31
1718399692018 2.4431023597717285 32
1718399694403 1.7199311256408691 33
1718399696805 0.04195117950439453 34
1718399699190 0.12081623077392578 35
1718399701575 -0.04097175598144531 36
1718399704644 0.1394944190979004 37
1718399707696 -0.8747482299804688 38
1718399710898 -0.21503663063049316 39
1718399713750 0.5290417671203613 40
1718399716169 -1.2088022232055664 41
1718399718554 -0.21627330780029297 42
1718399720956 -0.4803769588470459 43
1718399723391 0.04884958267211914 44
1718399725776 -0.31034398078918457 45
1718399728145 -0.40757036209106445 46
1718399730630 -0.3751711845397949 47
1718399733015 -0.5267038345336914 48
1718399735418 -0.3615865707397461 49
