1718380546068 -0.18587875366210938 0
1718380546772 -0.18522071838378906 1
1718380547412 -0.18509244918823242 2
1718380548083 -0.18503570556640625 3
1718380548739 -0.18500065803527832 4
1718380549368 -0.18497586250305176 5
1718380549996 -0.18495893478393555 6
1718380550633 -0.18494629859924316 7
1718380551262 -0.1849374771118164 8
1718380551894 -0.18493056297302246 9
1718380552551 -0.18492484092712402 10
1718380553209 -0.1849207878112793 11
1718380553865 -0.18491744995117188 12
1718380554539 -0.18491482734680176 13
1718380555192 -0.18491268157958984 14
1718380555867 -0.18491125106811523 15
1718380556528 -0.18490958213806152 16
1718380557179 -0.18490862846374512 17
1718380557829 -0.1849079132080078 18
1718380558479 -0.1849079132080078 19
1718380559129 -0.1849071979522705 20
1718380559835 -0.1849062442779541 21
1718380560483 -0.184906005859375 22
1718380561201 -0.1849057674407959 23
1718380561831 -0.1849055290222168 24
1718380562562 -0.1849052906036377 25
1718380563342 -0.1849052906036377 26
1718380564068 -0.1849050521850586 27
1718380564942 -0.1849050521850586 28
1718380565709 -0.1849048137664795 29
1718380566404 -0.1849045753479004 30
1718380567129 -0.18490266799926758 31
1718380567843 -0.18490910530090332 32
1718380568562 -0.18491268157958984 33
1718380569262 -0.18491387367248535 34
1718380570001 -0.18491458892822266 35
1718380570706 -0.18491506576538086 36
1718380571426 -0.18491506576538086 37
1718380572089 -0.18491506576538086 38
1718380572724 -0.18491554260253906 39
1718380573349 -0.2242891788482666 40
1718380573977 -0.22679448127746582 41
1718380574609 -0.10500168800354004 42
1718380575229 -0.10500025749206543 43
1718380575859 -0.10499906539916992 44
1718380576553 -0.10499787330627441 45
1718380577179 -0.10499787330627441 46
1718380577819 -0.10499787330627441 47
1718380578446 -0.10499763488769531 48
1718380579081 -0.10499763488769531 49
