1718407231019 0.18181818181818182 0
1718407231669 0.18181818181818182 1
1718407232336 0.18181818181818182 2
1718407232985 0.18181818181818182 3
1718407233635 0.18181818181818182 4
1718407234302 0.1 5
1718407234985 0.18181818181818182 6
1718407235718 0.18181818181818182 7
1718407236401 0.18181818181818182 8
1718407237051 0.18181818181818182 9
1718407237718 0.18181818181818182 10
1718407238367 0.18181818181818182 11
1718407239076 0.18181818181818182 12
1718407239734 0.18181818181818182 13
1718407240401 0.14285714285714285 14
1718407241084 0.18181818181818182 15
1718407241766 0.1111111111111111 16
1718407242434 0.18181818181818182 17
1718407243117 0.18181818181818182 18
1718407243800 0.18181818181818182 19
1718407244465 0.18181818181818182 20
1718407245150 0.18181818181818182 21
1718407245816 0.18181818181818182 22
1718407246483 0.14285714285714285 23
1718407247149 0.18181818181818182 24
1718407247799 0.18181818181818182 25
1718407248449 0.18181818181818182 26
1718407249099 0.125 27
1718407249749 0.18181818181818182 28
1718407250398 0.18181818181818182 29
1718407251048 0.18181818181818182 30
1718407251698 0.1 31
1718407252381 0.18181818181818182 32
1718407253031 0.18181818181818182 33
1718407253681 0.18181818181818182 34
1718407254331 0.18181818181818182 35
1718407254964 0.18181818181818182 36
1718407255614 0.34285714285714286 37
1718407256264 0.18181818181818182 38
1718407256897 0.18181818181818182 39
1718407257547 0.18181818181818182 40
1718407258197 0.1 41
1718407258847 0.0 42
1718407259497 0.18181818181818182 43
1718407260163 0.18181818181818182 44
1718407260796 0.18181818181818182 45
1718407261446 0.18181818181818182 46
1718407262096 0.18181818181818182 47
1718407262963 0.18181818181818182 48
1718407263762 0.18181818181818182 49
