1718575960207 0.10848484848484849 0
1718575960604 0.1290909090909091 1
1718575961004 0.21151515151515152 2
1718575961392 0.18 3
1718575961805 0.1903030303030303 4
1718575962202 0.09212121212121212 5
1718575962705 0.16787878787878788 6
1718575963114 0.10848484848484849 7
1718575963472 0.07090909090909091 8
1718575963856 0.20363636363636364 9
1718575964272 0.20242424242424242 10
1718575964695 0.1696969696969697 11
1718575965112 0.11515151515151516 12
1718575965507 0.10848484848484849 13
1718575965908 0.23696969696969697 14
1718575966305 0.2206060606060606 15
1718575966696 0.21636363636363637 16
1718575967096 0.10909090909090909 17
1718575967497 0.1315151515151515 18
1718575967909 0.1812121212121212 19
1718575968343 0.1684848484848485 20
1718575968743 0.19333333333333333 21
1718575969147 0.1903030303030303 22
1718575969560 0.15696969696969698 23
1718575969961 0.09212121212121212 24
1718575970328 0.09151515151515152 25
1718575970700 0.09151515151515152 26
1718575971078 0.10848484848484849 27
1718575971482 0.10848484848484849 28
1718575971879 0.13333333333333333 29
1718575972279 0.14303030303030304 30
1718575972648 0.11818181818181818 31
1718575973030 0.19151515151515153 32
1718575973401 0.10909090909090909 33
1718575973797 0.11151515151515151 34
1718575974182 0.17333333333333334 35
1718575974564 0.1412121212121212 36
1718575974965 0.14666666666666667 37
1718575975365 0.08727272727272728 38
1718575975765 0.20303030303030303 39
1718575976192 0.19454545454545455 40
1718575976616 0.1987878787878788 41
1718575977033 0.10848484848484849 42
1718575977450 0.09272727272727273 43
1718575977856 0.13272727272727272 44
1718575978367 0.20424242424242425 45
1718575978767 0.1993939393939394 46
1718575979154 0.17393939393939395 47
1718575979518 0.10848484848484849 48
1718575979919 0.10484848484848484 49
