1718445589086 0.0 0
1718445589773 0.0 1
1718445590422 0.0 2
1718445591035 0.0 3
1718445591669 0.0 4
1718445592286 0.0 5
1718445592889 0.0 6
1718445593502 0.0 7
1718445594135 0.0 8
1718445594769 0.0 9
1718445595435 0.0 10
1718445596102 0.0 11
1718445596752 0.0 12
1718445597405 0.0 13
1718445598083 0.0 14
1718445598735 0.0 15
1718445599402 0.0 16
1718445600087 0.0 17
1718445600751 0.0 18
1718445601401 0.0 19
1718445602034 0.0 20
1718445602867 0.0 21
1718445603734 0.0 22
1718445604634 0.0 23
1718445605433 0.0 24
1718445606166 0.0 25
1718445606915 0.0 26
1718445607666 0.0 27
1718445608426 0.0 28
1718445609149 0.0 29
1718445609932 0.0 30
1718445610823 0.0 31
1718445611569 0.0 32
1718445612315 0.0 33
1718445613048 0.0 34
1718445613816 0.0 35
1718445614551 0.0 36
1718445615281 0.0 37
1718445616024 0.0 38
1718445616781 0.0 39
1718445617520 0.0 40
1718445618219 0.0 41
1718445618947 0.0 42
1718445619664 0.0 43
1718445620413 0.0 44
1718445621149 0.0 45
1718445621863 0.0 46
1718445622580 0.0 47
1718445623296 0.0 48
1718445624030 0.0 49
