1718445589056 nan 0
1718445589753 nan 1
1718445590386 nan 2
1718445591003 nan 3
1718445591636 nan 4
1718445592253 nan 5
1718445592869 nan 6
1718445593486 nan 7
1718445594119 nan 8
1718445594752 nan 9
1718445595419 nan 10
1718445596068 nan 11
1718445596735 nan 12
1718445597385 nan 13
1718445598056 nan 14
1718445598717 nan 15
1718445599386 nan 16
1718445600054 nan 17
1718445600722 nan 18
1718445601384 nan 19
1718445602018 nan 20
1718445602830 nan 21
1718445603667 nan 22
1718445604583 nan 23
1718445605399 nan 24
1718445606133 nan 25
1718445606866 nan 26
1718445607633 nan 27
1718445608383 nan 28
1718445609126 nan 29
1718445609899 nan 30
1718445610766 nan 31
1718445611531 nan 32
1718445612265 nan 33
1718445612998 nan 34
1718445613769 nan 35
1718445614519 nan 36
1718445615231 nan 37
1718445615981 nan 38
1718445616752 nan 39
1718445617481 nan 40
1718445618181 nan 41
1718445618919 nan 42
1718445619630 nan 43
1718445620364 nan 44
1718445621114 nan 45
1718445621830 nan 46
1718445622548 nan 47
1718445623263 nan 48
1718445623996 nan 49
