1718442953605 0.03952312469482422 0
1718442957704 2.455963134765625 1
1718442961803 0.03957653045654297 2
1718442966636 0.7350482940673828 3
1718442971535 1.24798583984375 4
1718442976484 2.44921875 5
1718442981450 2.433258056640625 6
1718442985965 0.003943443298339844 7
1718442990281 1.241729736328125 8
1718442994583 11.79241943359375 9
1718442998913 4.573394775390625 10
1718443003064 1.337554931640625 11
1718443007161 2.435150146484375 12
1718443011237 1.241790771484375 13
1718443015360 0.03951835632324219 14
1718443019546 2.4332275390625 15
1718443024080 2.433380126953125 16
1718443028740 0.04189586639404297 17
1718443033823 2.433441162109375 18
1718443038743 0.5059928894042969 19
1718443043554 21.534576416015625 20
1718443047772 0.045479774475097656 21
1718443052055 6.679718017578125 22
1718443056168 2.4332275390625 23
1718443060354 0.039526939392089844 24
1718443064433 0.04216289520263672 25
1718443068522 0.03952789306640625 26
1718443072601 0.039531707763671875 27
1718443076697 0.03952789306640625 28
1718443080797 5.07049560546875 29
1718443085496 1.248809814453125 30
1718443090378 0.039549827575683594 31
1718443095294 0.07600784301757812 32
1718443100193 2.095172882080078 33
1718443104925 2.2337646484375 34
1718443108994 0.03952789306640625 35
1718443113077 0.039669036865234375 36
1718443117160 0.009049415588378906 37
1718443121272 0.039437294006347656 38
1718443125321 2.433441162109375 39
1718443129404 0.03954887390136719 40
1718443133506 8.270416259765625 41
1718443137602 2.433441162109375 42
1718443141885 0.03958702087402344 43
1718443146802 0.03952789306640625 44
1718443151668 1.240203857421875 45
1718443156682 0.03953075408935547 46
1718443161682 0.03952789306640625 47
1718443166246 0.03509998321533203 48
1718443170316 -0.02996826171875 49
