1718554879279 0.08727272727272728 0
1718554879879 0.08727272727272728 1
1718554880412 0.08727272727272728 2
1718554880915 0.08727272727272728 3
1718554881395 0.08727272727272728 4
1718554881881 0.08727272727272728 5
1718554882355 0.08727272727272728 6
1718554882847 0.08727272727272728 7
1718554883329 0.08727272727272728 8
1718554883797 0.08727272727272728 9
1718554884279 0.08727272727272728 10
1718554884740 0.08727272727272728 11
1718554885228 0.08727272727272728 12
1718554885713 0.08727272727272728 13
1718554886194 0.08727272727272728 14
1718554886661 0.08727272727272728 15
1718554887144 0.08727272727272728 16
1718554887623 0.08727272727272728 17
1718554888118 0.08727272727272728 18
1718554888594 0.08727272727272728 19
1718554889064 0.08727272727272728 20
1718554889527 0.08727272727272728 21
1718554889994 0.08727272727272728 22
1718554890477 0.08727272727272728 23
1718554890993 0.08727272727272728 24
1718554891477 0.08727272727272728 25
1718554891943 0.08727272727272728 26
1718554892393 0.08727272727272728 27
1718554892876 0.08727272727272728 28
1718554893379 0.08727272727272728 29
1718554893859 0.08727272727272728 30
1718554894329 0.08727272727272728 31
1718554894793 0.08727272727272728 32
1718554895293 0.08727272727272728 33
1718554895792 0.08727272727272728 34
1718554896259 0.08727272727272728 35
1718554896742 0.08727272727272728 36
1718554897218 0.08727272727272728 37
1718554897675 0.08727272727272728 38
1718554898159 0.08727272727272728 39
1718554898675 0.08727272727272728 40
1718554899159 0.08727272727272728 41
1718554899675 0.08727272727272728 42
1718554900176 0.08727272727272728 43
1718554900658 0.08727272727272728 44
1718554901125 0.08727272727272728 45
1718554901591 0.08727272727272728 46
1718554902041 0.08727272727272728 47
1718554902524 0.08727272727272728 48
1718554903008 0.08727272727272728 49
