1718438813067 nan 0
1718438813682 nan 1
1718438814289 nan 2
1718438814885 nan 3
1718438815472 nan 4
1718438816072 nan 5
1718438816671 nan 6
1718438817260 nan 7
1718438817887 nan 8
1718438818485 nan 9
1718438819119 nan 10
1718438819772 nan 11
1718438820403 nan 12
1718438821073 nan 13
1718438821685 nan 14
1718438822420 nan 15
1718438823302 nan 16
1718438824118 nan 17
1718438824952 nan 18
1718438825752 nan 19
1718438826538 nan 20
1718438827332 nan 21
1718438828138 nan 22
1718438828900 nan 23
1718438829700 nan 24
1718438830450 nan 25
1718438831200 nan 26
1718438831950 nan 27
1718438832700 nan 28
1718438833449 nan 29
1718438834266 nan 30
1718438834982 nan 31
1718438835699 nan 32
1718438836401 nan 33
1718438837127 nan 34
1718438837848 nan 35
1718438838582 nan 36
1718438839329 nan 37
1718438840017 nan 38
1718438840731 nan 39
1718438841481 nan 40
1718438842214 nan 41
1718438842931 nan 42
1718438843614 nan 43
1718438844314 nan 44
1718438844997 nan 45
1718438845614 nan 46
1718438846230 nan 47
1718438846847 nan 48
1718438847463 nan 49
