1718411299052 9.032896041870117 0
1718411303951 2.494558095932007 1
1718411308565 1.101198673248291 2
1718411313115 2.772817611694336 3
1718411317765 6.119328498840332 4
1718411322396 4.360413074493408 5
1718411327146 -0.02293252944946289 6
1718411331929 20.10900115966797 7
1718411336661 1.5400352478027344 8
1718411341393 0.5645198822021484 9
1718411346876 -2.883633613586426 10
1718411352408 -21.846403121948242 11
1718411358007 -36.90824508666992 12
1718411363124 -9.072104454040527 13
1718411368005 9.238513946533203 14
1718411372721 5.23647403717041 15
1718411377503 1.7025737762451172 16
1718411382219 -2.3030033111572266 17
1718411386951 1.9339370727539062 18
1718411391650 -10.699445724487305 19
1718411396483 -0.8201513290405273 20
1718411401181 2.170774459838867 21
1718411406347 10.746438980102539 22
1718411411896 -17.383153915405273 23
1718411417445 0.07119464874267578 24
1718411422594 2.2622909545898438 25
1718411427143 11.579608917236328 26
1718411431792 9.16025447845459 27
1718411436375 4.659982681274414 28
1718411441157 1.8613777160644531 29
1718411445773 -4.495349884033203 30
1718411450338 1.9845829010009766 31
1718411455021 -0.635986328125 32
1718411459603 2.5559234619140625 33
1718411464636 3.5468854904174805 34
1718411470185 0.5355379581451416 35
1718411475700 -2.0101919174194336 36
1718411481150 -24.478919982910156 37
1718411485731 -1.984109878540039 38
1718411490281 3.465627670288086 39
1718411494880 1.0217227935791016 40
1718411499462 19.514408111572266 41
1718411504145 0.6278796195983887 42
1718411508727 0.5049934387207031 43
1718411513309 8.040407180786133 44
1718411517892 0.5545921325683594 45
1718411522558 -5.322859764099121 46
1718411528023 1.162689208984375 47
1718411533589 1.1872940063476562 48
1718411539104 5.900214195251465 49
