1718428604446 0.0 0
1718428608479 0.0 1
1718428612611 0.0 2
1718428616812 0.0 3
1718428621143 0.0 4
1718428625925 0.0 5
1718428630741 0.0 6
1718428635723 0.0 7
1718428640672 0.0 8
1718428645038 0.0 9
1718428649120 0.0 10
1718428653186 0.0 11
1718428657185 0.0 12
1718428661303 0.0 13
1718428665350 0.0 14
1718428669566 0.0 15
1718428673604 0.0 16
1718428677598 0.0 17
1718428681631 0.0 18
1718428686216 0.0 19
1718428690812 0.0 20
1718428695528 0.0 21
1718428700327 0.0 22
1718428704912 0.0 23
1718428708909 0.0 24
1718428712978 0.0 25
1718428717043 0.0 26
1718428721023 0.0 27
1718428725005 0.0 28
1718428729071 0.0 29
1718428733155 0.0 30
1718428737136 0.0 31
1718428741322 0.0 32
1718428746501 0.0 33
1718428751553 0.0 34
1718428756700 0.0 35
1718428761432 0.0 36
1718428765731 0.0 37
1718428769730 0.0 38
1718428773796 0.0 39
1718428777878 0.0 40
1718428781944 0.0 41
1718428785947 0.0 42
1718428790028 0.0 43
1718428794193 0.0 44
1718428798158 0.0 45
1718428802490 0.0 46
1718428807073 0.0 47
1718428811638 0.0 48
1718428816424 0.0 49
