1718378725447 0.3333333333333333 0
1718378726123 0.3333333333333333 1
1718378726751 0.3333333333333333 2
1718378727403 0.3333333333333333 3
1718378728042 0.3333333333333333 4
1718378728668 0.3333333333333333 5
1718378729323 0.3333333333333333 6
1718378729967 0.3333333333333333 7
1718378730605 0.3333333333333333 8
1718378731261 0.3333333333333333 9
1718378731906 0.3333333333333333 10
1718378732560 0.3333333333333333 11
1718378733217 0.3333333333333333 12
1718378733892 0.3333333333333333 13
1718378734551 0.3333333333333333 14
1718378735197 0.3333333333333333 15
1718378735842 0.3333333333333333 16
1718378736520 0.3333333333333333 17
1718378737201 0.3333333333333333 18
1718378737862 0.3333333333333333 19
1718378738518 0.3333333333333333 20
1718378739171 0.3333333333333333 21
1718378739820 0.3333333333333333 22
1718378740485 0.3333333333333333 23
1718378741141 0.3333333333333333 24
1718378741771 0.3333333333333333 25
1718378742434 0.3333333333333333 26
1718378743069 0.3333333333333333 27
1718378743716 0.3333333333333333 28
1718378744357 0.3333333333333333 29
1718378744989 0.3333333333333333 30
1718378745625 0.3333333333333333 31
1718378746271 0.3333333333333333 32
1718378746903 0.3333333333333333 33
1718378747556 0.3333333333333333 34
1718378748227 0.3333333333333333 35
1718378748862 0.3333333333333333 36
1718378749501 0.3333333333333333 37
1718378750143 0.3333333333333333 38
1718378750794 0.3333333333333333 39
1718378751598 0.3333333333333333 40
1718378752412 0.3333333333333333 41
1718378753043 0.3333333333333333 42
1718378753696 0.3333333333333333 43
1718378754351 0.3333333333333333 44
1718378754987 0.3333333333333333 45
1718378755684 0.3333333333333333 46
1718378756353 0.3333333333333333 47
1718378757195 0.3333333333333333 48
1718378757836 0.3333333333333333 49
