1718391902254 0.08571428571428572 0
1718391902691 0.17142857142857143 1
1718391903141 0.2 2
1718391903613 0.22857142857142856 3
1718391904049 0.22857142857142856 4
1718391904473 0.22857142857142856 5
1718391904915 0.3142857142857143 6
1718391905371 0.22857142857142856 7
1718391905769 0.5142857142857142 8
1718391906168 0.11428571428571428 9
1718391906573 0.45714285714285713 10
1718391906984 0.45714285714285713 11
1718391907423 0.2571428571428571 12
1718391907840 0.2857142857142857 13
1718391908261 0.2857142857142857 14
1718391908691 0.22857142857142856 15
1718391909114 0.2857142857142857 16
1718391909550 0.2571428571428571 17
1718391909970 0.2857142857142857 18
1718391910422 0.2857142857142857 19
1718391910889 0.3142857142857143 20
1718391911326 0.3142857142857143 21
1718391911760 0.2 22
1718391912186 0.2571428571428571 23
1718391912595 0.2 24
1718391913058 0.2857142857142857 25
1718391913491 0.4 26
1718391913890 0.37142857142857144 27
1718391914308 0.37142857142857144 28
1718391914735 0.4 29
1718391915145 0.4 30
1718391915569 0.4 31
1718391915990 0.4 32
1718391916432 0.4 33
1718391916838 0.4 34
1718391917277 0.4 35
1718391917705 0.4 36
1718391918124 0.4 37
1718391918559 0.4 38
1718391918960 0.4 39
1718391919359 0.4 40
1718391919764 0.42857142857142855 41
1718391920174 0.42857142857142855 42
1718391920577 0.42857142857142855 43
1718391920933 0.42857142857142855 44
1718391921309 0.42857142857142855 45
1718391921665 0.42857142857142855 46
1718391922021 0.42857142857142855 47
1718391922382 0.42857142857142855 48
1718391922736 0.42857142857142855 49
