1718585489772 2.467128903777511 0
1718585490387 2.47243861357371 1
1718585491005 2.5647420088450112 2
1718585491574 2.6034976420579135 3
1718585492169 3.0223243015783803 4
1718585492740 2.5241543142883867 5
1718585493327 2.393447818579497 6
1718585493935 2.353161507182651 7
1718585494525 2.680081570589984 8
1718585495120 2.6500935466201216 9
1718585495686 2.7468397793946444 10
1718585496303 2.479042715496487 11
1718585496808 2.5946868613914207 12
1718585497306 2.5247094763649836 13
1718585497803 2.3688336919855186 14
1718585498307 2.5351140101750693 15
1718585498804 2.6294763618045383 16
1718585499327 2.933440676441899 17
1718585499842 2.637516644265917 18
1718585500318 2.405636443032159 19
1718585500819 2.3438642157448664 20
1718585501335 2.388458803847984 21
1718585501840 2.417427182197571 22
1718585502379 2.8457558155059814 23
1718585502869 2.646330784868311 24
1718585503390 2.8236184031875045 25
1718585503907 2.5927793096613 26
1718585504452 2.5019738232647932 27
1718585505013 2.388688400939659 28
1718585505552 2.7531945882020175 29
1718585506101 2.4081789475900157 30
1718585506646 2.391108446651035 31
1718585507167 2.408678924595868 32
1718585507724 2.5646150288758456 33
1718585508255 2.4563743979842574 34
1718585508801 3.00529001377247 35
1718585509316 2.408978916980602 36
1718585509802 2.3099595264152244 37
1718585510302 2.9618042089320995 38
1718585510795 2.8618563766832703 39
1718585511305 2.4630855233580977 40
1718585511795 2.3584997521506414 41
1718585512300 2.5221920675701566 42
1718585512934 2.6905249268920333 43
1718585513535 2.7281034610889576 44
1718585514096 2.3493712610668607 45
1718585514648 3.4187248150507608 46
1718585515213 2.6704904812353627 47
1718585515799 2.5436125772970692 48
1718585516414 2.4273316771895797 49
