1718516170264 1.0 0
1718516170814 0.867816091954023 1
1718516171331 1.0 2
1718516171851 1.0 3
1718516172332 1.0 4
1718516172847 1.0 5
1718516173364 1.0 6
1718516173884 1.0 7
1718516174380 1.0 8
1718516174863 1.0 9
1718516175363 1.0 10
1718516175863 1.0 11
1718516176313 1.0 12
1718516176734 1.0 13
1718516177179 1.0 14
1718516177613 1.0 15
1718516178063 1.0 16
1718516178496 1.0 17
1718516178930 1.0 18
1718516179332 1.0 19
1718516179766 1.0 20
1718516180179 1.0 21
1718516180596 1.0 22
1718516181047 1.0 23
1718516181448 1.0 24
1718516181879 1.0 25
1718516182312 1.0 26
1718516182764 1.0 27
1718516183178 1.0 28
1718516183631 1.0 29
1718516184078 1.0 30
1718516184511 1.0 31
1718516184949 1.0 32
1718516185378 1.0 33
1718516185828 1.0 34
1718516186264 1.0 35
1718516186678 1.0 36
1718516187111 1.0 37
1718516187561 1.0 38
1718516187994 1.0 39
1718516188426 1.0 40
1718516188877 1.0 41
1718516189277 1.0 42
1718516189710 1.0 43
1718516190144 1.0 44
1718516190593 1.0 45
1718516191010 1.0 46
1718516191447 1.0 47
1718516191893 1.0 48
1718516192310 1.0 49
