1718333210173 0.0 0
1718333212637 0.0 1
1718333215032 0.0 2
1718333217618 0.0 3
1718333219985 0.0 4
1718333222683 0.0 5
1718333225292 0.0 6
1718333227867 0.0 7
1718333230263 0.0 8
1718333232746 0.0 9
1718333235016 0.0 10
1718333237488 0.0 11
1718333239908 0.0 12
1718333242186 0.0 13
1718333244632 0.0 14
1718333246874 0.0 15
1718333249387 0.0 16
1718333251632 0.0 17
1718333254063 0.0 18
1718333256394 0.0 19
1718333258681 0.0 20
1718333261170 0.0 21
1718333263460 0.0 22
1718333265949 0.0 23
1718333268224 0.0 24
1718333270708 0.0 25
1718333273037 0.0 26
1718333275507 0.0 27
1718333277865 0.0 28
1718333280197 0.0 29
1718333282848 0.0 30
1718333285421 0.0 31
1718333287850 0.0 32
1718333290217 0.0 33
1718333292648 0.0 34
1718333294954 0.0 35
1718333297517 0.0 36
1718333299793 0.0 37
1718333302187 0.0 38
1718333304671 0.0 39
1718333306946 0.0 40
1718333309498 0.0 41
1718333311824 0.0 42
1718333314309 0.0 43
1718333316658 0.0 44
1718333319296 0.0 45
1718333321635 0.0 46
1718333324083 0.0 47
1718333326535 0.0 48
1718333328910 0.0 49
