1718333210161 -0.27468156814575195 0
1718333212625 -0.27150726318359375 1
1718333215020 -0.2709174156188965 2
1718333217608 -0.27070093154907227 3
1718333219973 -0.27062368392944336 4
1718333222666 -0.27060842514038086 5
1718333225281 -0.2706122398376465 6
1718333227856 -0.2706336975097656 7
1718333230252 -0.2706618309020996 8
1718333232736 -0.27069520950317383 9
1718333235005 -0.27072763442993164 10
1718333237475 -0.270749568939209 11
1718333239897 -0.2707686424255371 12
1718333242168 -0.2707829475402832 13
1718333244621 -0.27079153060913086 14
1718333246865 -0.2707948684692383 15
1718333249377 -0.2707977294921875 16
1718333251622 -0.2707991600036621 17
1718333254049 -0.2708015441894531 18
1718333256384 -0.2708005905151367 19
1718333258668 -0.2707982063293457 20
1718333261159 -0.2707953453063965 21
1718333263449 -0.2707948684692383 22
1718333265938 -0.27079200744628906 23
1718333268213 -0.27079248428344727 24
1718333270697 -0.27078866958618164 25
1718333273026 -0.27078866958618164 26
1718333275495 -0.27078819274902344 27
1718333277855 -0.2707834243774414 28
1718333280186 -0.2707834243774414 29
1718333282832 -0.270780086517334 30
1718333285408 -0.27077770233154297 31
1718333287839 -0.2707786560058594 32
1718333290206 -0.27077674865722656 33
1718333292637 -0.27077627182006836 34
1718333294944 -0.27036237716674805 35
1718333297507 -0.27007293701171875 36
1718333299783 -0.269989013671875 37
1718333302175 -0.2699618339538574 38
1718333304661 -0.26995325088500977 39
1718333306936 -0.26995277404785156 40
1718333309488 -0.26995038986206055 41
1718333311815 -0.26995229721069336 42
1718333314299 -0.26995372772216797 43
1718333316647 -0.2699565887451172 44
1718333319285 -0.24855852127075195 45
1718333321624 -0.03841352462768555 46
1718333324068 -0.03840160369873047 47
1718333326525 -0.0384058952331543 48
1718333328900 -0.03839826583862305 49
