1718500872686 1.0 0
1718500873670 1.0 1
1718500874605 1.0 2
1718500875455 1.0 3
1718500876290 1.0 4
1718500877123 1.0 5
1718500877923 1.0 6
1718500878774 1.0 7
1718500879625 1.0 8
1718500880476 1.0 9
1718500881310 1.0 10
1718500882127 1.0 11
1718500882944 1.0 12
1718500883779 1.0 13
1718500884612 1.0 14
1718500885562 1.0 15
1718500886415 1.0 16
1718500887348 1.0 17
1718500888247 1.0 18
1718500889082 1.0 19
1718500889883 1.0 20
1718500890700 1.0 21
1718500891534 1.0 22
1718500892368 1.0 23
1718500893168 1.0 24
1718500893987 1.0 25
1718500894819 1.0 26
1718500895688 1.0 27
1718500896538 1.0 28
1718500897338 1.0 29
1718500898209 1.0 30
1718500899023 1.0 31
1718500899858 1.0 32
1718500900707 1.0 33
1718500901575 1.0 34
1718500902493 1.0 35
1718500903393 1.0 36
1718500904243 1.0 37
1718500905062 1.0 38
1718500905911 1.0 39
1718500906713 1.0 40
1718500907546 1.0 41
1718500908346 1.0 42
1718500909215 1.0 43
1718500909997 1.0 44
1718500910815 1.0 45
1718500911682 1.0 46
1718500912533 1.0 47
1718500913350 0.528125 48
1718500914169 1.0 49
