1718510779112 -0.028593059340711324 0
1718510779559 0.06204139062451208 1
1718510780043 0.769669021821584 2
1718510780527 -0.06373545858595087 3
1718510780994 0.08897255165408335 4
1718510781478 0.0833921279971448 5
1718510781961 -1.7820098424198654 6
1718510782449 0.19729450696245188 7
1718510782915 0.04171063602974101 8
1718510783431 -0.39809821711646176 9
1718510783896 0.4355698502826373 10
1718510784363 0.02236185330734486 11
1718510784847 0.37566661754441144 12
1718510785314 -0.08145687877128394 13
1718510785764 -0.021606599040304264 14
1718510786248 0.03147798114352751 15
1718510786748 0.12612353792094222 16
1718510787215 0.2091022059572265 17
1718510787699 0.04434942436539391 18
1718510788203 0.16208307389859788 19
1718510788665 0.058684434553589515 20
1718510789133 0.07841660599114508 21
1718510789604 2.3625679260953913 22
1718510790067 0.1843980653117403 23
1718510790568 0.244842847589692 24
1718510791021 0.033538767785736834 25
1718510791502 0.07236911110605027 26
1718510791952 -5.824220806059211 27
1718510792436 0.35817017338492674 28
1718510792903 -0.2903409469809999 29
1718510793374 0.07964650549069807 30
1718510793824 0.14249313359308724 31
1718510794287 0.14421468591850628 32
1718510794754 -0.19040726290808774 33
1718510795224 0.0721067892581928 34
1718510795705 0.1679383399912 35
1718510796193 -0.1454471731025362 36
1718510796688 -0.5343254443370937 37
1718510797159 1.1716223658134641 38
1718510797640 -0.23563247497635675 39
1718510798140 0.08209210373335818 40
1718510798674 0.5243087599574516 41
1718510799127 -0.09092443659650717 42
1718510799627 -0.08879602918721208 43
1718510800092 0.40114937868182476 44
1718510800558 -0.07593545528373369 45
1718510801076 -0.47776000628166315 46
1718510801529 -1.2730442923728864 47
1718510801993 -0.10949045359486265 48
1718510802460 -0.38184947517985846 49
