1718510779143 0.10242424242424242 0
1718510779613 0.1369252129940981 1
1718510780093 0.10242424242424242 2
1718510780576 0.4732163113612299 3
1718510781042 0.10242424242424242 4
1718510781528 0.10242424242424242 5
1718510781995 0.10242424242424242 6
1718510782495 0.05147394756880235 7
1718510782962 0.10848484848484848 8
1718510783462 0.10242424242424242 9
1718510783949 0.09151515151515152 10
1718510784397 0.10242424242424242 11
1718510784880 0.10303030303030303 12
1718510785363 0.10242424242424242 13
1718510785818 0.066322056875151 14
1718510786298 0.10242424242424242 15
1718510786798 0.10303030303030303 16
1718510787249 0.5322270395701026 17
1718510787749 0.10242424242424242 18
1718510788248 0.10242424242424242 19
1718510788702 0.10242424242424242 20
1718510789170 0.10242424242424242 21
1718510789650 0.10242424242424242 22
1718510790120 0.2969229681410788 23
1718510790601 0.10848484848484848 24
1718510791076 0.31199931221622956 25
1718510791535 0.10242424242424242 26
1718510792002 0.10242424242424242 27
1718510792486 0.10242424242424242 28
1718510792953 0.10242424242424242 29
1718510793423 0.12767594972187776 30
1718510793881 0.3463521259770194 31
1718510794337 0.10242424242424242 32
1718510794804 0.10242424242424242 33
1718510795271 0.10242424242424242 34
1718510795758 0.10242424242424242 35
1718510796225 0.10242424242424242 36
1718510796726 0.10242424242424242 37
1718510797206 0.09151515151515152 38
1718510797695 0.10242424242424242 39
1718510798199 0.10242424242424242 40
1718510798724 0.45928177662553893 41
1718510799178 0.10242424242424242 42
1718510799675 0.10242424242424242 43
1718510800144 0.4343278617825667 44
1718510800609 0.10303030303030303 45
1718510801118 0.04194772778843575 46
1718510801576 0.10242424242424242 47
1718510802047 0.10242424242424242 48
1718510802493 0.04344413005992359 49
