1718371777419 0.0 0
1718371778078 0.0 1
1718371778706 1.0 2
1718371779361 0.0 3
1718371779972 0.0 4
1718371780615 0.0 5
1718371781227 1.0 6
1718371781855 0.0 7
1718371782482 0.0 8
1718371783115 1.0 9
1718371783752 1.0 10
1718371784476 1.0 11
1718371785162 1.0 12
1718371785837 0.0 13
1718371786504 0.0 14
1718371787162 0.0 15
1718371787824 0.0 16
1718371788528 0.0 17
1718371789200 0.0 18
1718371789853 0.5833333333333333 19
1718371790509 0.0 20
1718371791159 0.0 21
1718371791800 0.0 22
1718371792475 0.0 23
1718371793102 0.6666666666666666 24
1718371793745 0.0 25
1718371794372 0.0 26
1718371795004 0.0 27
1718371795647 0.0 28
1718371796290 0.0 29
1718371796901 0.0 30
1718371797544 0.0 31
1718371798194 0.0 32
1718371798910 0.0 33
1718371799742 0.0 34
1718371800339 0.0 35
1718371800981 1.0 36
1718371801623 0.0 37
1718371802297 0.0 38
1718371803019 1.0 39
1718371803787 0.0 40
1718371804556 0.0 41
1718371805261 0.0 42
1718371805951 0.0 43
1718371806681 0.0 44
1718371807372 0.0 45
1718371808077 0.0 46
1718371808767 0.3333333333333333 47
1718371809410 0.0 48
1718371810053 1.0 49
