1718494168819 0.1266340559179131 0
1718494169152 0.03566993547208375 1
1718494169453 0.06128127105308323 2
1718494169787 0.07380387819174561 3
1718494170087 0.06743201523116138 4
1718494170454 -0.06114796255574073 5
1718494170787 0.014037988402626711 6
1718494171104 -0.06130132891915063 7
1718494171421 -0.08269622651013453 8
1718494171771 -0.12365240400487743 9
1718494172122 0.24528603300903784 10
1718494172423 0.03580743796897656 11
1718494172739 0.059474506161429685 12
1718494173056 0.04629860321680712 13
1718494173373 0.012620158267743653 14
1718494173706 -0.10381162166595459 15
1718494174023 -0.07195184989409009 16
1718494174374 -0.3058129711584612 17
1718494174690 -0.005690594514211167 18
1718494175007 0.29727055809714575 19
1718494175407 0.07832081751389941 20
1718494175741 -0.0858508095596775 21
1718494176058 -0.19176438179883082 22
1718494176391 0.1233816146850586 23
1718494176692 0.013763633641329598 24
1718494177009 -0.08810679117838549 25
1718494177342 0.041753516052708495 26
1718494177776 0.11530195402376586 27
1718494178076 -0.18367865952578466 28
1718494178393 0.06746497840592358 29
1718494178710 -0.029824562145001954 30
1718494179027 -0.13917722485282202 31
1718494179327 0.10260568243084522 32
1718494179661 0.058500046079809076 33
1718494179977 -0.08210044918638282 34
1718494180278 0.057487216862765145 35
1718494180627 0.003152896057475596 36
1718494180930 -0.1020475860797998 37
1718494181229 0.03721476504296972 38
1718494181562 -0.052447151054035634 39
1718494181879 0.1005791425704956 40
1718494182211 -0.03578551790931006 41
1718494182530 -0.03414074399254541 42
1718494182883 0.04838239966016822 43
1718494183180 -0.08011559464714746 44
1718494183483 -0.2139466711969087 45
1718494183818 0.18860034509138623 46
1718494184136 0.0587360768607168 47
1718494184448 0.010692945032408696 48
1718494184765 -0.026564153757962394 49
