1718438611493 nan 0
1718438612160 nan 1
1718438612759 nan 2
1718438613359 nan 3
1718438613963 nan 4
1718438614562 nan 5
1718438615179 nan 6
1718438615759 nan 7
1718438616359 nan 8
1718438616978 nan 9
1718438617709 nan 10
1718438618340 nan 11
1718438618976 nan 12
1718438619592 nan 13
1718438620241 nan 14
1718438620875 nan 15
1718438621508 nan 16
1718438622139 nan 17
1718438622785 nan 18
1718438623407 nan 19
1718438624028 nan 20
1718438624724 nan 21
1718438625341 nan 22
1718438625974 nan 23
1718438626611 nan 24
1718438627223 nan 25
1718438627806 nan 26
1718438628407 nan 27
1718438628990 nan 28
1718438629593 nan 29
1718438630206 nan 30
1718438630806 nan 31
1718438631468 nan 32
1718438632060 nan 33
1718438632664 nan 34
1718438633265 nan 35
1718438633863 nan 36
1718438634488 nan 37
1718438635105 nan 38
1718438635709 nan 39
1718438636305 nan 40
1718438636905 nan 41
1718438637509 nan 42
1718438638122 nan 43
1718438638771 nan 44
1718438639404 nan 45
1718438639987 nan 46
1718438640604 nan 47
1718438641204 nan 48
1718438641804 nan 49
