1718392855838 0.34285714285714286 0
1718392856291 0.34285714285714286 1
1718392856743 0.34285714285714286 2
1718392857273 0.34285714285714286 3
1718392857854 0.34285714285714286 4
1718392858558 0.34285714285714286 5
1718392859022 0.34285714285714286 6
1718392859533 0.34285714285714286 7
1718392860013 0.34285714285714286 8
1718392860435 0.34285714285714286 9
1718392860806 0.34285714285714286 10
1718392861252 0.34285714285714286 11
1718392861840 0.34285714285714286 12
1718392862333 0.34285714285714286 13
1718392862821 0.34285714285714286 14
1718392863311 0.34285714285714286 15
1718392863743 0.34285714285714286 16
1718392864320 0.34285714285714286 17
1718392864799 0.34285714285714286 18
1718392865242 0.34285714285714286 19
1718392865701 0.34285714285714286 20
1718392866202 0.34285714285714286 21
1718392866654 0.34285714285714286 22
1718392867266 0.34285714285714286 23
1718392867729 0.34285714285714286 24
1718392868153 0.34285714285714286 25
1718392868574 0.34285714285714286 26
1718392869011 0.34285714285714286 27
1718392869455 0.34285714285714286 28
1718392869913 0.34285714285714286 29
1718392870371 0.34285714285714286 30
1718392870794 0.34285714285714286 31
1718392871259 0.34285714285714286 32
1718392871718 0.34285714285714286 33
1718392872143 0.34285714285714286 34
1718392872585 0.34285714285714286 35
1718392873018 0.34285714285714286 36
1718392873468 0.34285714285714286 37
1718392873913 0.34285714285714286 38
1718392874408 0.34285714285714286 39
1718392874895 0.34285714285714286 40
1718392875360 0.34285714285714286 41
1718392875802 0.34285714285714286 42
1718392876230 0.34285714285714286 43
1718392876654 0.34285714285714286 44
1718392877063 0.34285714285714286 45
1718392877502 0.34285714285714286 46
1718392877925 0.34285714285714286 47
1718392878384 0.34285714285714286 48
1718392878803 0.34285714285714286 49
