1717609294348 1.0 0
1717609294848 1.0 1
1717609295347 1.0 2
1717609295847 1.0 3
1717609296314 0.5677233429394812 4
1717609296797 1.0 5
1717609297284 1.0 6
1717609297764 1.0 7
1717609298247 0.5163934426229508 8
1717609298714 0.5649546827794562 9
1717609299213 0.5042016806722689 10
1717609299697 1.0 11
1717609300184 0.5616438356164384 12
1717609300696 1.0 13
1717609301196 1.0 14
1717609301685 0.5440729483282675 15
1717609302163 0.47633136094674555 16
1717609302663 1.0 17
1717609303146 0.5689655172413793 18
1717609303663 1.0 19
