1718389126267 0.669212259259118 0
1718389126503 0.6177900156412698 1
1718389126748 0.7457854152447587 2
1718389126981 0.806308119640022 3
1718389127234 0.731572156932102 4
1718389127470 0.8055583987178868 5
1718389127707 0.8225714433193276 6
1718389127947 0.8061153408235794 7
1718389128187 0.7868844192683593 8
1718389128425 0.7390596012705077 9
1718389128664 0.8293939911683879 10
1718389128895 0.8261285823973168 11
1718389129139 0.8064514790382201 12
1718389129389 0.8133738468969292 13
1718389129623 0.8335306882627489 14
1718389129865 0.806842513416117 15
1718389130108 0.8450340157661721 16
1718389130355 0.827093774553408 17
1718389130584 0.8291372195643949 18
1718389130815 0.7895037757456991 19
1718389131052 0.7729032774550938 20
1718389131311 0.789079392798333 21
1718389131546 0.8011462681839966 22
1718389131785 0.766545864658451 23
1718389132015 0.8277987426600404 24
1718389132264 0.7559166702049057 25
1718389132487 0.7750177520484655 26
1718389132722 0.7660037075579421 27
1718389132953 0.8507538395636955 28
1718389133198 0.8611394398885333 29
1718389133444 0.8224912684108939 30
1718389133682 0.8219428337717839 31
1718389133905 0.854073433924869 32
1718389134152 0.8429083385154549 33
1718389134380 0.8458675558018194 34
1718389134619 0.8472177263166679 35
1718389134883 0.8182013957556727 36
1718389135130 0.8375059243860477 37
1718389135369 0.8402414642910748 38
1718389135609 0.858818688800587 39
1718389135846 0.8717313847280203 40
1718389136096 0.8367968442761226 41
1718389136328 0.8553602527613554 42
1718389136745 0.8550268417410282 43
1718389136971 0.8629843142961809 44
1718389137212 0.8366249011146064 45
1718389137452 0.8147352558843052 46
1718389137696 0.8353662996485866 47
1718389137939 0.8633152373194481 48
1718389138188 0.878432009957617 49
