1718582036919 0.08579545454545455 0
1718582042774 0.1676846196557468 1
1718582049350 0.1676846196557468 2
1718582056067 0.127948823938621 3
1718582062772 0.1676846196557468 4
1718582068159 0.08406594558935963 5
1718582073718 0.1676846196557468 6
1718582079368 0.0864559566955152 7
1718582084722 0.1676846196557468 8
1718582090076 0.1676846196557468 9
1718582095512 0.1676846196557468 10
1718582101085 0.1676846196557468 11
1718582107489 0.0836092434600825 12
1718582114478 0.1676846196557468 13
1718582121082 0.08385129365914691 14
1718582127070 0.1676846196557468 15
1718582132858 0.1676846196557468 16
1718582138362 0.1676846196557468 17
1718582143916 0.1676846196557468 18
1718582149486 0.08361202786945361 19
1718582154857 0.1676846196557468 20
1718582160166 0.07507910949544441 21
1718582166433 0.1676846196557468 22
1718582173171 0.1676846196557468 23
1718582179709 0.1676846196557468 24
1718582185597 0.1676846196557468 25
1718582191369 0.1676846196557468 26
1718582196705 0.1676846196557468 27
1718582202009 0.1676846196557468 28
1718582207314 0.1676846196557468 29
1718582212701 0.07499564189178076 30
1718582218155 0.19573537452159653 31
1718582223842 0.1676846196557468 32
1718582229330 0.1676846196557468 33
1718582235844 0.1676846196557468 34
1718582242134 0.1676846196557468 35
1718582247745 0.1676846196557468 36
1718582253616 0.1676846196557468 37
1718582259020 0.1676846196557468 38
1718582264390 0.1676846196557468 39
1718582269910 0.08425937143213766 40
1718582275498 0.1676846196557468 41
1718582280985 0.1676846196557468 42
1718582287473 0.1676846196557468 43
1718582294045 0.1676846196557468 44
1718582300816 0.1676846196557468 45
1718582307104 0.1676846196557468 46
1718582312508 0.1676846196557468 47
1718582317846 0.07750301670660616 48
1718582323600 0.09266038084673692 49
