1718513617893 0.10242424242424242 0
1718513620549 0.10242424242424242 1
1718513623247 0.10242424242424242 2
1718513625949 0.10242424242424242 3
1718513628655 0.10242424242424242 4
1718513631336 0.10242424242424242 5
1718513634039 0.10242424242424242 6
1718513636703 0.10242424242424242 7
1718513639393 0.10242424242424242 8
1718513642061 0.10242424242424242 9
1718513645547 0.10181818181818182 10
1718513649000 0.10242424242424242 11
1718513652235 0.10242424242424242 12
1718513654904 0.10242424242424242 13
1718513657589 0.10242424242424242 14
1718513660245 0.10242424242424242 15
1718513662928 0.10242424242424242 16
1718513665595 0.10242424242424242 17
1718513668298 0.10242424242424242 18
1718513670933 0.10242424242424242 19
1718513673635 0.10242424242424242 20
1718513676254 0.10242424242424242 21
1718513679039 0.10242424242424242 22
1718513681674 0.10242424242424242 23
1718513684343 0.10242424242424242 24
1718513686978 0.10242424242424242 25
1718513689633 0.10242424242424242 26
1718513692232 0.10242424242424242 27
1718513694904 0.10242424242424242 28
1718513697618 0.10242424242424242 29
1718513700302 0.10242424242424242 30
1718513703274 0.10242424242424242 31
1718513706810 0.10242424242424242 32
1718513710112 0.10242424242424242 33
1718513713014 0.10242424242424242 34
1718513715703 0.10242424242424242 35
1718513718352 0.10242424242424242 36
1718513721020 0.10242424242424242 37
1718513723693 0.10242424242424242 38
1718513726374 0.10242424242424242 39
1718513729060 0.10242424242424242 40
1718513731711 0.10242424242424242 41
1718513734380 0.10242424242424242 42
1718513737049 0.10242424242424242 43
1718513739801 0.10242424242424242 44
1718513742453 0.10242424242424242 45
1718513745124 0.10181818181818182 46
1718513747790 0.10242424242424242 47
1718513750492 0.10242424242424242 48
1718513753161 0.10242424242424242 49
