1718513617860 2.1590399050658506 0
1718513620512 -1.692750934988946 1
1718513623214 0.785323506108984 2
1718513625933 5.145307269658062 3
1718513628635 3.4023954623970187 4
1718513631306 0.7932387970381045 5
1718513634020 2.0847171877495843 6
1718513636674 -2.79426455931519 7
1718513639359 1.2817578863083146 8
1718513642045 4.870010653851564 9
1718513645518 6.1358487618417294 10
1718513648966 -3.422677079056471 11
1718513652202 5.201118152162704 12
1718513654888 4.754393018324089 13
1718513657556 4.387855556688309 14
1718513660224 -7.583087263391325 15
1718513662896 -3.587159675060134 16
1718513665579 4.912254441115929 17
1718513668282 3.026006662737732 18
1718513670899 3.9879841871134802 19
1718513673601 4.683136964897561 20
1718513676237 4.491740856050306 21
1718513679022 -2.1486592913289524 22
1718513681641 3.0038532050388307 23
1718513684326 -1.6285421311487092 24
1718513686945 2.5267697170879764 25
1718513689613 5.914483860335281 26
1718513692218 0.48917735985299515 27
1718513694884 2.96537417725321 28
1718513697586 1.2344514721277013 29
1718513700271 -3.041404185271901 30
1718513703240 -6.214632300993584 31
1718513706776 5.263491781461889 32
1718513710095 -5.587684536289894 33
1718513712998 0.8886150186367532 34
1718513715683 -6.6969670552056835 35
1718513718335 4.847731001239728 36
1718513721003 5.346517600605752 37
1718513723672 0.39398203867196724 38
1718513726358 -0.3521167493425237 39
1718513729043 -4.105736573379563 40
1718513731695 -5.369049140382822 41
1718513734350 1.7690994394769923 42
1718513737015 1.3560122596260475 43
1718513739784 -0.6201754468386582 44
1718513742436 -3.605153113847578 45
1718513745105 5.48403859121024 46
1718513747757 -3.1964901097940857 47
1718513750459 4.449784181353186 48
1718513753144 4.990821819820349 49
