1718426744479 6.982409477233887 0
1718426745195 8.554495811462402 1
1718426745858 2.2786660194396973 2
1718426746511 2.2976269721984863 3
1718426747128 13.3493070602417 4
1718426747749 2.292081356048584 5
1718426748361 2.7099802494049072 6
1718426748994 14.827593803405762 7
1718426749610 2.2982430458068848 8
1718426750249 2.295449733734131 9
1718426750894 14.734197616577148 10
1718426751564 10.075460433959961 11
1718426752211 2.2975497245788574 12
1718426752894 2.296107292175293 13
1718426753551 2.328958034515381 14
1718426754194 2.3085968494415283 15
1718426754850 2.2955446243286133 16
1718426755527 14.836416244506836 17
1718426756226 14.574792861938477 18
1718426756952 5.2198076248168945 19
1718426757630 9.424837112426758 20
1718426758309 7.054818630218506 21
1718426758942 14.830390930175781 22
1718426759592 14.379980087280273 23
1718426760253 2.3600211143493652 24
1718426760874 9.491033554077148 25
1718426761496 13.683586120605469 26
1718426762108 2.2940008640289307 27
1718426762896 13.386598587036133 28
1718426763708 2.293029308319092 29
1718426764525 2.3243560791015625 30
1718426765340 8.661602020263672 31
1718426766125 2.301698684692383 32
1718426766887 2.3010292053222656 33
1718426767654 9.116576194763184 34
1718426768424 8.337692260742188 35
1718426769190 10.6961669921875 36
1718426769974 9.814805030822754 37
1718426770756 9.192639350891113 38
1718426771507 14.678288459777832 39
1718426772240 10.794364929199219 40
1718426772960 2.293489933013916 41
1718426773706 2.3299384117126465 42
1718426774506 2.3056795597076416 43
1718426775223 14.642634391784668 44
1718426775922 10.126642227172852 45
1718426776622 14.001919746398926 46
1718426777356 14.8379545211792 47
1718426778072 2.2923519611358643 48
1718426778876 7.30422306060791 49
