1718379899957 2.2604377269744873 0
1718379900661 2.0628581047058105 1
1718379901360 2.227820873260498 2
1718379902030 2.3751518726348877 3
1718379902836 2.2010765075683594 4
1718379903656 2.3341736793518066 5
1718379904410 2.2005672454833984 6
1718379905184 2.295210361480713 7
1718379905925 2.2394180297851562 8
1718379906728 2.18023943901062 9
1718379907503 2.204375743865967 10
1718379908350 2.440237522125244 11
1718379909180 2.3177342414855957 12
1718379909945 2.236603260040283 13
1718379910702 2.343252658843994 14
1718379911459 2.7666094303131104 15
1718379912234 2.089480400085449 16
1718379912925 2.2859559059143066 17
1718379913621 2.090256929397583 18
1718379914316 2.298227548599243 19
1718379914996 2.2627131938934326 20
1718379915686 2.195983648300171 21
1718379916380 2.2870476245880127 22
1718379917037 2.234565496444702 23
1718379917713 2.319674253463745 24
1718379918385 2.202413558959961 25
1718379919033 2.246386766433716 26
1718379919705 2.4844486713409424 27
1718379920372 2.2577414512634277 28
1718379921042 2.437229633331299 29
1718379921712 2.2872090339660645 30
1718379922446 2.2856030464172363 31
1718379923106 2.3262805938720703 32
1718379923790 2.2607226371765137 33
1718379924579 2.225175619125366 34
1718379925245 2.272726058959961 35
1718379925905 2.349155902862549 36
1718379926579 2.255624771118164 37
1718379927268 2.407449960708618 38
1718379927993 2.228738784790039 39
1718379928669 2.1615047454833984 40
1718379929342 2.1910996437072754 41
1718379930020 2.294506788253784 42
1718379930770 2.5311660766601562 43
1718379931509 2.1888837814331055 44
1718379932234 2.157233715057373 45
1718379932956 2.1894240379333496 46
1718379933690 2.2474935054779053 47
1718379934425 1.8995933532714844 48
1718379935106 2.2252187728881836 49
