1718330548938 0.029108285903930664 0
1718330549284 0.011613130569458008 1
1718330549584 -0.4496936798095703 2
1718330549877 0.13315343856811523 3
1718330550195 -0.676762580871582 4
1718330550489 0.0023736953735351562 5
1718330550784 -0.1077566146850586 6
1718330551095 -0.14647531509399414 7
1718330551388 -0.04586005210876465 8
1718330551675 -0.015760183334350586 9
1718330551974 -0.07234334945678711 10
1718330552265 0.059993743896484375 11
1718330552551 0.1751863956451416 12
1718330552853 -0.05416679382324219 13
1718330553163 0.30424964427948 14
1718330553453 0.07593989372253418 15
1718330553747 0.03251838684082031 16
1718330554052 -0.2056363821029663 17
1718330554335 -0.1303091049194336 18
1718330554628 -0.1685771942138672 19
1718330554916 0.08884811401367188 20
1718330555219 0.014050960540771484 21
1718330555512 -0.10772359371185303 22
1718330555827 0.09816145896911621 23
1718330556142 0.08768808841705322 24
1718330556437 0.35114991664886475 25
1718330556732 0.3334648609161377 26
1718330557036 0.16495633125305176 27
1718330557345 0.19437456130981445 28
1718330557630 -0.0005033016204833984 29
1718330557937 0.08363604545593262 30
1718330558250 0.05324506759643555 31
1718330558539 0.02083754539489746 32
1718330558829 0.09737992286682129 33
1718330559132 0.146620512008667 34
1718330559426 0.34860801696777344 35
1718330559719 0.1480034589767456 36
1718330560027 -0.06537532806396484 37
1718330560329 -0.09573030471801758 38
1718330560620 0.034087419509887695 39
1718330560919 -0.03430056571960449 40
1718330561227 -0.07990467548370361 41
1718330561516 0.09038209915161133 42
1718330561801 0.002711057662963867 43
1718330562108 -0.138214111328125 44
1718330562394 -0.08332610130310059 45
1718330562685 -0.1398320198059082 46
1718330562980 0.1561061143875122 47
1718330563282 -0.04402613639831543 48
1718330563650 -0.0892554521560669 49
