1718554851101 nan 0
1718554851586 nan 1
1718554852066 nan 2
1718554852534 nan 3
1718554853018 nan 4
1718554853501 nan 5
1718554853967 nan 6
1718554854462 nan 7
1718554854946 nan 8
1718554855436 nan 9
1718554855916 nan 10
1718554856384 nan 11
1718554856870 nan 12
1718554857367 nan 13
1718554857883 nan 14
1718554858353 nan 15
1718554858866 nan 16
1718554859367 nan 17
1718554859883 nan 18
1718554860400 nan 19
1718554860883 nan 20
1718554861333 nan 21
1718554861819 nan 22
1718554862332 nan 23
1718554863015 nan 24
1718554863682 nan 25
1718554864315 nan 26
1718554864915 nan 27
1718554865498 nan 28
1718554866118 nan 29
1718554866715 nan 30
1718554867318 nan 31
1718554867915 nan 32
1718554868514 nan 33
1718554869114 nan 34
1718554869698 nan 35
1718554870315 nan 36
1718554870914 nan 37
1718554871515 nan 38
1718554872114 nan 39
1718554872764 nan 40
1718554873363 nan 41
1718554873966 nan 42
1718554874580 nan 43
1718554875197 nan 44
1718554875847 nan 45
1718554876463 nan 46
1718554877066 nan 47
1718554877663 nan 48
1718554878254 nan 49
