1718555329740 1.0 0
1718555330090 1.0 1
1718555330457 1.0 2
1718555330824 1.0 3
1718555331174 1.0 4
1718555331524 1.0 5
1718555332026 1.0 6
1718555332407 1.0 7
1718555332776 1.0 8
1718555333123 1.0 9
1718555333473 1.0 10
1718555333823 1.0 11
1718555334176 1.0 12
1718555334539 1.0 13
1718555334889 1.0 14
1718555335242 1.0 15
1718555335606 1.0 16
1718555335972 1.0 17
1718555336339 1.0 18
1718555336689 1.0 19
1718555337022 1.0 20
1718555337392 1.0 21
1718555337754 1.0 22
1718555338105 1.0 23
1718555338455 1.0 24
1718555338839 1.0 25
1718555339189 1.0 26
1718555339555 1.0 27
1718555339938 1.0 28
1718555340322 1.0 29
1718555340672 1.0 30
1718555341042 1.0 31
1718555341405 1.0 32
1718555341755 1.0 33
1718555342105 1.0 34
1718555342588 1.0 35
1718555343121 1.0 36
1718555343621 1.0 37
1718555344088 1.0 38
1718555344537 1.0 39
1718555344988 1.0 40
1718555345421 1.0 41
1718555345904 1.0 42
1718555346354 1.0 43
1718555346804 1.0 44
1718555347436 1.0 45
1718555347854 1.0 46
1718555348287 1.0 47
1718555348737 1.0 48
1718555349203 1.0 49
