1718375360703 0.0 0
1718375361420 0.3333333333333333 1
1718375362049 0.0 2
1718375362693 1.0 3
1718375363327 0.0 4
1718375363966 1.0 5
1718375364601 0.0 6
1718375365215 0.7 7
1718375365871 1.0 8
1718375366520 0.5 9
1718375367180 0.6666666666666666 10
1718375367853 0.0 11
1718375368487 0.0 12
1718375369445 0.3333333333333333 13
1718375370114 0.6666666666666666 14
1718375370791 1.0 15
1718375371454 0.0 16
1718375372208 0.0 17
1718375372893 0.4 18
1718375373563 0.0 19
1718375374300 0.0 20
1718375374996 0.3333333333333333 21
1718375375672 1.0 22
1718375376598 0.3333333333333333 23
1718375377293 0.3333333333333333 24
1718375377982 0.0 25
1718375378670 0.3333333333333333 26
1718375379344 0.3333333333333333 27
1718375380030 0.3333333333333333 28
1718375380728 0.0 29
1718375381427 0.5 30
1718375382088 0.0 31
1718375382738 0.6666666666666666 32
1718375383419 0.0 33
1718375384096 0.0 34
1718375384781 1.0 35
1718375385441 0.0 36
1718375386103 0.6666666666666666 37
1718375386775 0.0 38
1718375387421 0.3333333333333333 39
1718375388078 0.0 40
1718375388746 0.0 41
1718375389387 0.3333333333333333 42
1718375390053 0.8333333333333333 43
1718375390710 0.3333333333333333 44
1718375391383 0.0 45
1718375392037 0.7 46
1718375392689 1.0 47
1718375393341 0.5 48
1718375394028 0.3333333333333333 49
