1718574538766 0.10848484848484849 0
1718574539314 0.09151515151515152 1
1718574539855 0.09151515151515152 2
1718574540452 0.09272727272727273 3
1718574541037 0.10848484848484849 4
1718574541569 0.10787878787878788 5
1718574542105 0.09151515151515152 6
1718574542962 0.09151515151515152 7
1718574543840 0.1296969696969697 8
1718574544734 0.09151515151515152 9
1718574545595 0.09151515151515152 10
1718574546445 0.09151515151515152 11
1718574547292 0.09151515151515152 12
1718574548134 0.09151515151515152 13
1718574548983 0.09151515151515152 14
1718574549993 0.12787878787878787 15
1718574550817 0.09151515151515152 16
1718574551675 0.09151515151515152 17
1718574552492 0.09151515151515152 18
1718574553310 0.11090909090909092 19
1718574554115 0.09151515151515152 20
1718574554927 0.09151515151515152 21
1718574555816 0.09151515151515152 22
1718574556586 0.09151515151515152 23
1718574557400 0.09151515151515152 24
1718574558218 0.09151515151515152 25
1718574559113 0.09151515151515152 26
1718574559949 0.09151515151515152 27
1718574560783 0.09151515151515152 28
1718574561649 0.09151515151515152 29
1718574562569 0.09151515151515152 30
1718574563420 0.09151515151515152 31
1718574564234 0.09151515151515152 32
1718574564894 0.09151515151515152 33
1718574565499 0.09151515151515152 34
1718574566090 0.09151515151515152 35
1718574566674 0.09151515151515152 36
1718574567267 0.10848484848484849 37
1718574567897 0.09151515151515152 38
1718574568484 0.14181818181818182 39
1718574569066 0.09151515151515152 40
1718574569659 0.09151515151515152 41
1718574570272 0.09151515151515152 42
1718574570885 0.09151515151515152 43
1718574571600 0.09151515151515152 44
1718574572176 0.09151515151515152 45
1718574572747 0.09151515151515152 46
1718574573347 0.09151515151515152 47
1718574573919 0.09151515151515152 48
1718574574492 0.09151515151515152 49
