1718506563565 0.10242424242424242 0
1718506569335 0.10242424242424242 1
1718506574902 0.10242424242424242 2
1718506580027 0.10242424242424242 3
1718506585134 0.10242424242424242 4
1718506590272 0.10242424242424242 5
1718506595355 0.10242424242424242 6
1718506600430 0.10242424242424242 7
1718506605739 0.10242424242424242 8
1718506610867 0.10242424242424242 9
1718506615987 0.10242424242424242 10
1718506621141 0.10242424242424242 11
1718506626862 0.10242424242424242 12
1718506632416 0.10242424242424242 13
1718506637687 0.10242424242424242 14
1718506642727 0.10242424242424242 15
1718506647814 0.10242424242424242 16
1718506652865 0.10242424242424242 17
1718506658002 0.10242424242424242 18
1718506663072 0.10242424242424242 19
1718506668162 0.10242424242424242 20
1718506673213 0.10242424242424242 21
1718506678372 0.10242424242424242 22
1718506683774 0.3047341230961076 23
1718506689359 0.10242424242424242 24
1718506695083 0.10242424242424242 25
1718506700220 0.10242424242424242 26
1718506705319 0.10242424242424242 27
1718506710408 0.10242424242424242 28
1718506715539 0.10242424242424242 29
1718506720665 0.11418080858257378 30
1718506725819 0.10242424242424242 31
1718506730856 0.10242424242424242 32
1718506736043 0.10242424242424242 33
1718506741181 0.10242424242424242 34
1718506746985 0.10242424242424242 35
1718506752472 0.10242424242424242 36
1718506757776 0.10242424242424242 37
1718506762913 0.10242424242424242 38
1718506768001 0.10242424242424242 39
1718506773101 0.10242424242424242 40
1718506778193 0.10242424242424242 41
1718506783394 0.10242424242424242 42
1718506788483 0.10242424242424242 43
1718506793556 0.09151515151515152 44
1718506798699 0.10242424242424242 45
1718506805064 0.10242424242424242 46
1718506811483 0.10242424242424242 47
1718506817054 0.10242424242424242 48
1718506822179 0.10242424242424242 49
