1718452959556 nan 0
1718452959869 nan 1
1718452960217 nan 2
1718452960602 nan 3
1718452960936 nan 4
1718452961318 nan 5
1718452961685 nan 6
1718452962035 nan 7
1718452962369 nan 8
1718452962705 nan 9
1718452963022 nan 10
1718452963353 nan 11
1718452963672 nan 12
1718452963985 nan 13
1718452964318 nan 14
1718452964634 nan 15
1718452964951 nan 16
1718452965268 nan 17
1718452965719 nan 18
1718452966035 nan 19
1718452966385 nan 20
1718452966736 nan 21
1718452967084 nan 22
1718452967453 nan 23
1718452967868 nan 24
1718452968202 nan 25
1718452968554 nan 26
1718452968884 nan 27
1718452969231 nan 28
1718452969587 nan 29
1718452969934 nan 30
1718452970267 nan 31
1718452970600 nan 32
1718452970937 nan 33
1718452971267 nan 34
1718452971600 nan 35
1718452971931 nan 36
1718452972267 nan 37
1718452972601 nan 38
1718452972933 nan 39
1718452973270 nan 40
1718452973620 nan 41
1718452973933 nan 42
1718452974266 nan 43
1718452974616 nan 44
1718452974933 nan 45
1718452975249 nan 46
1718452975582 nan 47
1718452975899 nan 48
1718452976227 nan 49
