1718501821494 0.5878787878787879 0
1718501821994 0.762 1
1718501822495 0.2972972972972973 2
1718501823062 0.5545454545454546 3
1718501823595 0.470404984423676 4
1718501824129 1.0 5
1718501824650 1.0 6
1718501825180 1.0 7
1718501825714 1.0 8
1718501826281 1.0 9
1718501826831 0.5669781931464174 10
1718501827682 1.0 11
1718501828199 0.538 12
1718501828699 0.9181818181818182 13
1718501829217 0.3111587982832618 14
1718501829734 0.7908309455587392 15
1718501830234 0.1317365269461078 16
1718501830734 1.0 17
1718501831302 0.42084168336673344 18
1718501831802 0.4886731391585761 19
1718501832335 0.49283667621776506 20
1718501832836 1.0 21
1718501833336 1.0 22
1718501833786 0.7736389684813754 23
1718501834237 1.0 24
1718501834686 1.0 25
1718501835154 0.33877551020408164 26
1718501835638 1.0 27
1718501836155 0.5295950155763239 28
1718501836655 0.5233644859813084 29
1718501837198 0.6723044397463002 30
1718501837640 1.0 31
1718501838073 1.0 32
1718501838523 0.5186246418338109 33
1718501838989 0.8681948424068768 34
1718501839407 1.0 35
1718501839841 1.0 36
1718501840275 0.45878693623639194 37
1718501840709 1.0 38
1718501841159 0.513677811550152 39
1718501841592 0.6312684365781711 40
1718501842043 1.0 41
1718501842476 1.0 42
1718501842894 0.5233644859813084 43
1718501843344 0.4885057471264368 44
1718501843811 1.0 45
1718501844261 1.0 46
1718501844711 0.5295950155763239 47
1718501845144 1.0 48
1718501845562 0.39173228346456695 49
