1718573242462 0.10242424242424242 0
1718573243452 0.10242424242424242 1
1718573244370 0.10242424242424242 2
1718573245333 0.10242424242424242 3
1718573246206 0.10242424242424242 4
1718573247134 0.10242424242424242 5
1718573248016 0.10242424242424242 6
1718573248903 0.1 7
1718573249816 0.10242424242424242 8
1718573250723 0.10242424242424242 9
1718573251619 0.16787878787878788 10
1718573252521 0.10242424242424242 11
1718573253430 0.12242424242424242 12
1718573254396 0.10242424242424242 13
1718573255349 0.10303030303030303 14
1718573256258 0.10727272727272727 15
1718573257178 0.10242424242424242 16
1718573258088 0.10242424242424242 17
1718573258996 0.10242424242424242 18
1718573259891 0.10242424242424242 19
1718573260807 0.10242424242424242 20
1718573261684 0.10242424242424242 21
1718573262575 0.10242424242424242 22
1718573263498 0.10242424242424242 23
1718573264407 0.10242424242424242 24
1718573265349 0.10242424242424242 25
1718573266227 0.10242424242424242 26
1718573267128 0.10242424242424242 27
1718573268074 0.10242424242424242 28
1718573269087 0.10242424242424242 29
1718573269996 0.10242424242424242 30
1718573270905 0.10242424242424242 31
1718573271853 0.10242424242424242 32
1718573272783 0.10242424242424242 33
1718573273717 0.10242424242424242 34
1718573274721 0.10242424242424242 35
1718573275732 0.10242424242424242 36
1718573276688 0.10242424242424242 37
1718573277792 0.10242424242424242 38
1718573278750 0.10242424242424242 39
1718573279697 0.10303030303030303 40
1718573280943 0.10242424242424242 41
1718573281854 0.10242424242424242 42
1718573283142 0.10242424242424242 43
1718573284500 0.10242424242424242 44
1718573285731 0.10242424242424242 45
1718573287212 0.10242424242424242 46
1718573288565 0.10242424242424242 47
1718573289739 0.10242424242424242 48
1718573290925 0.10242424242424242 49
