1718363724151 0.0 0
1718363726513 0.0 1
1718363728915 0.0 2
1718363731421 0.0 3
1718363734170 0.0 4
1718363736607 0.0 5
1718363739321 0.0 6
1718363741788 0.0 7
1718363744252 0.0 8
1718363746429 0.0 9
1718363748691 0.0 10
1718363751287 0.0 11
1718363753507 0.0 12
1718363756049 0.0 13
1718363758406 0.0 14
1718363760893 0.0 15
1718363763594 0.0 16
1718363766434 0.0 17
1718363768778 0.0 18
1718363771072 0.0 19
1718363773675 0.0 20
1718363776019 0.0 21
1718363778568 0.0 22
1718363780794 0.0 23
1718363783348 0.0 24
1718363785737 0.0 25
1718363788138 0.0 26
1718363790586 0.0 27
1718363792962 0.0 28
1718363795804 0.0 29
1718363798464 0.0 30
1718363801348 0.0 31
1718363803929 0.0 32
1718363806777 0.0 33
1718363809445 0.0 34
1718363812267 0.0 35
1718363814880 0.0 36
1718363817592 0.0 37
1718363820129 0.0 38
1718363823008 0.0 39
1718363825888 1.0 40
1718363828666 0.0 41
1718363831197 0.0 42
1718363833953 0.0 43
1718363836513 0.0 44
1718363839068 0.0 45
1718363841665 0.0 46
1718363844398 0.0 47
1718363847211 0.0 48
1718363849936 0.0 49
