1718392715003 0.25054945054945055 0
1718392715434 0.25054945054945055 1
1718392715828 0.25054945054945055 2
1718392716186 0.25054945054945055 3
1718392716530 0.25054945054945055 4
1718392716896 0.25054945054945055 5
1718392717239 0.25054945054945055 6
1718392717592 0.25054945054945055 7
1718392717953 0.25054945054945055 8
1718392718296 0.25054945054945055 9
1718392718640 0.25054945054945055 10
1718392718993 0.25054945054945055 11
1718392719362 0.25054945054945055 12
1718392719703 0.25054945054945055 13
1718392720055 0.2252747252747253 14
1718392720407 0.2252747252747253 15
1718392720768 0.2252747252747253 16
1718392721142 0.2252747252747253 17
1718392721511 0.2252747252747253 18
1718392721886 0.2252747252747253 19
1718392722243 0.2252747252747253 20
1718392722630 0.2252747252747253 21
1718392723001 0.2252747252747253 22
1718392723361 0.2252747252747253 23
1718392723715 0.2252747252747253 24
1718392724096 0.2252747252747253 25
1718392724462 0.2252747252747253 26
1718392724823 0.2252747252747253 27
1718392725176 0.2252747252747253 28
1718392725528 0.2252747252747253 29
1718392725894 0.2252747252747253 30
1718392726249 0.2252747252747253 31
1718392726601 0.2252747252747253 32
1718392726958 0.2252747252747253 33
1718392727307 0.2252747252747253 34
1718392727654 0.2252747252747253 35
1718392728018 0.2252747252747253 36
1718392728364 0.2252747252747253 37
1718392728724 0.2252747252747253 38
1718392729094 0.2252747252747253 39
1718392729455 0.2252747252747253 40
1718392729826 0.2252747252747253 41
1718392730187 0.2252747252747253 42
1718392730536 0.2252747252747253 43
1718392730886 0.2252747252747253 44
1718392731240 0.2252747252747253 45
1718392731581 0.2252747252747253 46
1718392731931 0.2252747252747253 47
1718392732277 0.2252747252747253 48
1718392732613 0.2252747252747253 49
