1718537787676 0.08727272727272728 0
1718537788459 0.08727272727272728 1
1718537789261 0.08727272727272728 2
1718537790041 0.08727272727272728 3
1718537790839 0.08727272727272728 4
1718537791618 0.08727272727272728 5
1718537792375 0.08727272727272728 6
1718537793142 0.08727272727272728 7
1718537793916 0.08727272727272728 8
1718537794691 0.08727272727272728 9
1718537795475 0.08727272727272728 10
1718537796244 0.08727272727272728 11
1718537797074 0.08727272727272728 12
1718537797902 0.08727272727272728 13
1718537798641 0.08727272727272728 14
1718537799427 0.08727272727272728 15
1718537800193 0.08727272727272728 16
1718537800974 0.08727272727272728 17
1718537801742 0.08727272727272728 18
1718537802507 0.08727272727272728 19
1718537803260 0.08727272727272728 20
1718537804006 0.08727272727272728 21
1718537804789 0.08727272727272728 22
1718537805573 0.08727272727272728 23
1718537806356 0.08727272727272728 24
1718537807123 0.08727272727272728 25
1718537807922 0.08727272727272728 26
1718537808757 0.08727272727272728 27
1718537809492 0.08727272727272728 28
1718537810302 0.08727272727272728 29
1718537811092 0.08727272727272728 30
1718537811920 0.08727272727272728 31
1718537812691 0.08727272727272728 32
1718537813438 0.08727272727272728 33
1718537814405 0.08727272727272728 34
1718537815150 0.08727272727272728 35
1718537815906 0.08727272727272728 36
1718537816672 0.08727272727272728 37
1718537817436 0.08727272727272728 38
1718537818172 0.08727272727272728 39
1718537818973 0.08727272727272728 40
1718537819722 0.08727272727272728 41
1718537820517 0.08727272727272728 42
1718537821305 0.08727272727272728 43
1718537822070 0.08727272727272728 44
1718537823052 0.08727272727272728 45
1718537824020 0.08727272727272728 46
1718537824985 0.08727272727272728 47
1718537825933 0.08727272727272728 48
1718537826900 0.08727272727272728 49
