1718586218731 0.22558340535868626 0
1718586219147 0.45682210708117443 1
1718586219553 0.4266666666666667 2
1718586219964 0.43454545454545457 3
1718586220361 0.3478787878787879 4
1718586220762 0.4406060606060606 5
1718586221244 0.38666666666666666 6
1718586221644 0.5587878787878788 7
1718586222042 0.4127272727272727 8
1718586222431 0.34985133795837464 9
1718586222811 0.5026697177726926 10
1718586223185 0.5105946684894054 11
1718586223563 0.36303030303030304 12
1718586223943 0.47878787878787876 13
1718586224343 0.5127272727272727 14
1718586224725 0.5527272727272727 15
1718586225141 0.4263513513513513 16
1718586225526 0.2866817155756208 17
1718586225906 0.4879807692307692 18
1718586226301 0.39427987742594484 19
1718586226674 0.36848484848484847 20
1718586227072 0.5847201210287444 21
1718586227462 0.6006060606060606 22
1718586227855 0.5665658093797277 23
1718586228242 0.275 24
1718586228610 0.5494117647058824 25
1718586229014 0.5172180958811614 26
1718586229390 0.40969696969696967 27
1718586229810 0.3557575757575758 28
1718586230209 0.5544354838709677 29
1718586230608 0.49272727272727274 30
1718586230974 0.5060321715817694 31
1718586231362 0.5 32
1718586231738 0.5748865355521936 33
1718586232156 0.3998482549317147 34
1718586232641 0.26279271465741544 35
1718586233044 0.5254658385093167 36
1718586233425 0.496206373292868 37
1718586233813 0.4890909090909091 38
1718586234203 0.5254545454545455 39
1718586234590 0.32 40
1718586234988 0.45260347129506007 41
1718586235404 0.5046916890080428 42
1718586235807 0.38303030303030305 43
1718586236195 0.3831081081081081 44
1718586236602 0.5255639097744361 45
1718586236974 0.30743243243243246 46
1718586237359 0.5180451127819549 47
1718586237760 0.3981818181818182 48
1718586238156 0.4387878787878788 49
