1718488033649 4.356253160399022 0
1718488037167 4.295675601062487 1
1718488039864 3.99618347570005 2
1718488042676 4.031355842109547 3
1718488045251 4.303280333076794 4
1718488047846 4.232844983222866 5
1718488050701 4.104151173382233 6
1718488053708 3.7352554041720665 7
1718488057062 4.175428295518043 8
1718488059879 4.282711396464725 9
1718488063878 3.9370138304504882 10
1718488066711 3.800168228210384 11
1718488070066 4.252204574399489 12
1718488072893 4.0747666992099045 13
1718488075907 4.149500918697661 14
1718488079097 4.249384424498864 15
1718488082151 4.4098680923834515 16
1718488086187 4.347125726420398 17
1718488089957 3.5901344502920094 18
1718488093054 4.146477225799007 19
1718488095752 3.476087864793227 20
1718488098662 4.092943966203872 21
1718488101462 3.905112500007985 22
1718488104598 4.620304516619884 23
1718488107398 3.8557985058417494 24
1718488110033 3.8693891284530606 25
1718488112755 4.380171961548182 26
1718488115527 4.059806426024417 27
1718488118439 4.056230716229335 28
1718488121074 4.020331713849714 29
1718488124062 4.183646485563376 30
1718488126850 3.876243943253757 31
1718488129759 4.184055241079125 32
1718488133289 3.8849628430033913 33
1718488136755 4.506816540367814 34
1718488139957 3.5034332427299457 35
1718488142941 3.996613046725645 36
1718488146460 4.143609591726421 37
1718488150042 4.091030389212814 38
1718488152898 4.329307406582932 39
1718488155467 4.333275788913478 40
1718488158002 3.818937569135454 41
1718488160626 4.195661681039747 42
