1718391504644 0.38175567122935544 0
1718391504989 0.38175567122935544 1
1718391505328 0.38175567122935544 2
1718391505686 0.38175567122935544 3
1718391506030 0.38175567122935544 4
1718391506380 0.38175567122935544 5
1718391506723 0.38175567122935544 6
1718391507070 0.38175567122935544 7
1718391507419 0.38175567122935544 8
1718391507756 0.38175567122935544 9
1718391508115 0.38175567122935544 10
1718391508507 0.38175567122935544 11
1718391508846 0.38175567122935544 12
1718391509207 0.38175567122935544 13
1718391509559 0.38175567122935544 14
1718391509894 0.38175567122935544 15
1718391510237 0.38175567122935544 16
1718391510606 0.38175567122935544 17
1718391510991 0.38175567122935544 18
1718391511326 0.38175567122935544 19
1718391511687 0.38175567122935544 20
1718391512031 0.38175567122935544 21
1718391512372 0.38175567122935544 22
1718391512725 0.38175567122935544 23
1718391513077 0.38175567122935544 24
1718391513428 0.38175567122935544 25
1718391513780 0.38175567122935544 26
1718391514130 0.38175567122935544 27
1718391514478 0.38175567122935544 28
1718391514812 0.38175567122935544 29
1718391515144 0.38175567122935544 30
1718391515502 0.38175567122935544 31
1718391515839 0.38175567122935544 32
1718391516191 0.38175567122935544 33
1718391516540 0.38175567122935544 34
1718391516893 0.38175567122935544 35
1718391517274 0.38175567122935544 36
1718391517662 0.38175567122935544 37
1718391518033 0.38175567122935544 38
1718391518386 0.38175567122935544 39
1718391518747 0.38175567122935544 40
1718391519102 0.38175567122935544 41
1718391519454 0.38175567122935544 42
1718391519811 0.38175567122935544 43
1718391520160 0.38175567122935544 44
1718391520507 0.38175567122935544 45
1718391520859 0.38175567122935544 46
1718391521207 0.38175567122935544 47
1718391521570 0.38175567122935544 48
1718391521925 0.38175567122935544 49
