1718492463381 -0.1857115052933609 0
1718492464251 0.16876122367592306 1
1718492465099 0.05680621360449267 2
1718492465986 0.024048031562596606 3
1718492466871 -0.14559808196874835 4
1718492467746 0.04646023559333079 5
1718492468634 0.1361130375713313 6
1718492469502 -0.17917367353637736 7
1718492470355 0.06832259723580547 8
1718492471236 -0.09056050987170305 9
1718492472104 0.15000138879631075 10
1718492472938 0.07761831896329907 11
1718492473758 -0.10080458717829277 12
1718492474539 -0.24998090417877883 13
1718492475306 0.13547677522814183 14
1718492476090 0.11947136354467958 15
1718492476875 0.0937127882891895 16
1718492477641 0.08807853884634431 17
1718492478408 -0.14719276448980523 18
1718492479192 0.052104291779484946 19
1718492480109 -0.06929598737226694 20
1718492480927 -0.10760425704466936 21
1718492481677 0.038569379343484034 22
1718492482464 0.1181160504329477 23
1718492483245 0.0757803667028365 24
1718492484016 -0.07424093511297603 25
1718492484796 -0.14077517380815774 26
1718492485565 0.05112591104127873 27
1718492486381 0.12813631072134957 28
1718492487182 0.09840236789551549 29
1718492487949 0.12006929148812473 30
1718492488749 0.02157162263996204 31
1718492489540 -0.004108759287739794 32
1718492490317 0.08005054042329585 33
1718492491084 -0.11869929404023649 34
1718492491885 -0.4528818086551252 35
1718492492671 -0.03864510304137392 36
1718492493453 -0.07030050029909907 37
1718492494272 -0.15369600292138497 38
1718492495104 0.07986774551334674 39
1718492495908 0.08116557265449487 40
1718492496705 -0.16677086070779756 41
1718492497507 -0.025419061200643522 42
1718492498306 0.048298132063737675 43
1718492499111 0.08804385930852421 44
1718492499923 0.10053592693854219 45
1718492500724 -0.1755286591563059 46
1718492501559 0.026549053213705154 47
1718492502360 0.09155770396280483 48
1718492503160 0.04380033514662518 49
