1718380414173 0.0 0
1718380414818 0.0 1
1718380415470 0.0 2
1718380416107 0.0 3
1718380416747 0.0 4
1718380417376 0.0 5
1718380417996 0.2 6
1718380418615 0.0 7
1718380419250 0.0 8
1718380419866 0.0 9
1718380420522 0.0 10
1718380421210 0.0 11
1718380421860 0.0 12
1718380422543 0.0 13
1718380423195 0.0 14
1718380423857 0.0 15
1718380424512 0.0 16
1718380425185 0.0 17
1718380425830 0.0 18
1718380426477 0.0 19
1718380427128 0.0 20
1718380427773 0.0 21
1718380428416 0.0 22
1718380429037 0.0 23
1718380429678 0.0 24
1718380430310 0.0 25
1718380430930 0.0 26
1718380431566 0.0 27
1718380432205 0.0 28
1718380432927 0.0 29
1718380433561 0.0 30
1718380434199 0.0 31
1718380434856 0.0 32
1718380435485 0.0 33
1718380436110 0.0 34
1718380436732 0.0 35
1718380437359 0.0 36
1718380437977 0.0 37
1718380438667 0.0 38
1718380439296 0.0 39
1718380439913 0.0 40
1718380440547 0.0 41
1718380441169 0.0 42
1718380441787 0.0 43
1718380442493 0.0 44
1718380443259 0.0 45
1718380443969 0.0 46
1718380444684 0.0 47
1718380445445 0.0 48
1718380446146 0.0 49
