1718438478603 nan 0
1718438479369 nan 1
1718438480086 nan 2
1718438480785 nan 3
1718438481485 nan 4
1718438482206 nan 5
1718438482904 nan 6
1718438483619 nan 7
1718438484352 nan 8
1718438485055 nan 9
1718438485685 nan 10
1718438486335 nan 11
1718438486984 nan 12
1718438487601 nan 13
1718438488234 nan 14
1718438488823 nan 15
1718438489467 nan 16
1718438490116 nan 17
1718438490750 nan 18
1718438491383 nan 19
1718438492028 nan 20
1718438492637 nan 21
1718438493366 nan 22
1718438494011 nan 23
1718438494611 nan 24
1718438495226 nan 25
1718438495823 nan 26
1718438496428 nan 27
1718438497032 nan 28
1718438497632 nan 29
1718438498232 nan 30
1718438498832 nan 31
1718438499448 nan 32
1718438500048 nan 33
1718438500648 nan 34
1718438501248 nan 35
1718438501831 nan 36
1718438502431 nan 37
1718438503048 nan 38
1718438503647 nan 39
1718438504264 nan 40
1718438504864 nan 41
1718438505464 nan 42
1718438506080 nan 43
1718438506668 nan 44
1718438507265 nan 45
1718438507867 nan 46
1718438508463 nan 47
1718438509080 nan 48
1718438509700 nan 49
