1718439583923 nan 0
1718439584185 nan 1
1718439584436 nan 2
1718439584685 nan 3
1718439584952 nan 4
1718439585452 nan 5
1718439585702 nan 6
1718439585938 nan 7
1718439586185 nan 8
1718439586418 nan 9
1718439586651 nan 10
1718439586872 nan 11
1718439587151 nan 12
1718439587405 nan 13
1718439587638 nan 14
1718439587851 nan 15
1718439588084 nan 16
1718439588326 nan 17
1718439588554 nan 18
1718439588767 nan 19
1718439588984 nan 20
1718439589201 nan 21
1718439589425 nan 22
1718439589653 nan 23
1718439589884 nan 24
1718439590116 nan 25
1718439590334 nan 26
1718439590554 nan 27
1718439590785 nan 28
1718439591023 nan 29
1718439591284 nan 30
1718439591585 nan 31
1718439591850 nan 32
1718439592121 nan 33
1718439592401 nan 34
1718439592684 nan 35
1718439592934 nan 36
1718439593200 nan 37
1718439593450 nan 38
1718439593716 nan 39
1718439593950 nan 40
1718439594183 nan 41
1718439594433 nan 42
1718439594703 nan 43
1718439594954 nan 44
1718439595216 nan 45
1718439595467 nan 46
1718439595737 nan 47
1718439595983 nan 48
1718439596233 nan 49
