1718390169583 0.19652938842773438 0
1718390169865 -0.054761648178100586 1
1718390170145 0.09717154502868652 2
1718390170465 0.04953575134277344 3
1718390170746 0.01726245880126953 4
1718390171015 0.04308795928955078 5
1718390171296 0.09240531921386719 6
1718390171568 0.02373504638671875 7
1718390171842 0.004027366638183594 8
1718390172117 -0.020818352699279785 9
1718390172396 0.13090956211090088 10
1718390172674 0.04019796848297119 11
1718390172948 -0.07679367065429688 12
1718390173216 0.13739943504333496 13
1718390173503 0.08765983581542969 14
1718390173793 0.13563072681427002 15
1718390174073 0.07503950595855713 16
1718390174352 0.017227530479431152 17
1718390174641 -0.07308006286621094 18
1718390174929 -0.1472102403640747 19
1718390175194 -0.02375507354736328 20
1718390175541 0.2264096736907959 21
1718390175902 0.06851720809936523 22
1718390176232 0.04280126094818115 23
1718390176555 0.01830923557281494 24
1718390176841 0.042772650718688965 25
1718390177121 0.014847159385681152 26
1718390177410 0.00439608097076416 27
1718390177937 0.07023012638092041 28
1718390178257 0.031733155250549316 29
1718390178527 -0.026180028915405273 30
1718390178775 -0.004092097282409668 31
1718390179023 0.11122304201126099 32
1718390179266 -0.042947351932525635 33
1718390179519 -0.04969382286071777 34
1718390179776 0.09971380233764648 35
1718390180021 -0.006597638130187988 36
1718390180263 -0.013842582702636719 37
1718390180513 -0.0030852556228637695 38
1718390180768 0.022585928440093994 39
1718390181014 0.05591905117034912 40
1718390181257 -0.004870474338531494 41
1718390181505 0.00566786527633667 42
1718390181739 -0.08349686861038208 43
1718390181987 -0.025646686553955078 44
1718390182233 -0.05479121208190918 45
1718390182491 -0.021258056163787842 46
1718390182740 0.06017941236495972 47
1718390182978 0.019667506217956543 48
1718390183219 0.0012986063957214355 49
