1718585268184 0.1676846196557468 0
1718585268679 0.1676846196557468 1
1718585269182 0.1676846196557468 2
1718585269697 0.1676846196557468 3
1718585270198 0.19573537452159653 4
1718585270751 0.1676846196557468 5
1718585271284 0.1676846196557468 6
1718585271797 0.1676846196557468 7
1718585272273 0.1676846196557468 8
1718585272779 0.19573537452159653 9
1718585273299 0.1676846196557468 10
1718585273801 0.1676846196557468 11
1718585274283 0.1676846196557468 12
1718585274789 0.1676846196557468 13
1718585275276 0.1676846196557468 14
1718585275778 0.1676846196557468 15
1718585276280 0.1676846196557468 16
1718585276782 0.1676846196557468 17
1718585277270 0.09900888339220194 18
1718585277766 0.1676846196557468 19
1718585278246 0.1676846196557468 20
1718585278742 0.1676846196557468 21
1718585279228 0.1676846196557468 22
1718585279793 0.11226921977429076 23
1718585280296 0.1287585057946273 24
1718585280796 0.1676846196557468 25
1718585281285 0.1676846196557468 26
1718585281786 0.19573537452159653 27
1718585282412 0.4871600265510472 28
1718585283547 0.1676846196557468 29
1718585284748 0.1676846196557468 30
1718585285592 0.1676846196557468 31
1718585286427 0.07786960827840578 32
1718585287188 0.25600658081696415 33
1718585287943 0.1676846196557468 34
1718585288662 0.16870144284128746 35
1718585289442 0.1676846196557468 36
1718585290196 0.1676846196557468 37
1718585290973 0.1676846196557468 38
1718585291707 0.1676846196557468 39
1718585292427 0.1676846196557468 40
1718585293157 0.1676846196557468 41
1718585293878 0.1676846196557468 42
1718585294610 0.07709004601532944 43
1718585295358 0.1858163826278175 44
1718585296086 0.1676846196557468 45
1718585296816 0.1676846196557468 46
1718585297540 0.18681318681318682 47
1718585298260 0.1676846196557468 48
1718585298977 0.12905287873893173 49
