1717629063099 0.12179314786109185 0
1717629063567 0.07363535521641282 1
1717629064086 0.12983463855862323 2
1717629064510 0.18681318681318682 3
1717629064981 0.1747787610619469 4
1717629065449 0.19573537452159653 5
1717629065964 0.05826295820669143 6
1717629066632 0.07534158229676285 7
1717629067185 0.08731164932388459 8
1717629067732 0.1947483588621444 9
1717629068257 0.09087257617728532 10
1717629068665 0.13408884551592445 11
1717629069092 0.27442240430533565 12
1717629069603 0.22091812722796889 13
1717629070006 0.1858163826278175 14
1717629070465 0.3115229142538288 15
1717629070838 0.10944906494251408 16
1717629071349 0.5069028231550528 17
1717629072032 0.36751569932639044 18
1717629072684 0.46221346606925456 19
1717629073190 0.4393845379298201 20
1717629073815 0.2359638844194539 21
1717629074415 0.4115252784104965 22
1717629074980 0.40292184367831285 23
1717629075591 0.4288498549783899 24
1717629076105 0.5001142007729873 25
1717629076647 0.47456421678510674 26
1717629077208 0.448227267060357 27
1717629077810 0.4541314127890723 28
1717629078423 0.3622253146705915 29
1717629079097 0.49664541590771094 30
1717629079714 0.509635241301908 31
1717629080280 0.49770795026400955 32
1717629080839 0.5054040161785206 33
1717629081380 0.49145437166973654 34
1717629082142 0.49939983856404446 35
1717629082680 0.4213305322128852 36
1717629083246 0.509635241301908 37
1717629083811 0.47707001471335136 38
1717629084370 0.5069028231550528 39
1717629084929 0.5003234317023602 40
1717629085475 0.38133512349920967 41
1717629086024 0.4945206236568394 42
1717629086662 0.47776995419219936 43
1717629087270 0.47707001471335136 44
1717629087829 0.2535081706227608 45
1717629088377 0.19573537452159653 46
1717629088928 0.28165162355894374 47
1717629089470 0.21899697832974646 48
1717629090012 0.2767901091331852 49
