1718492917202 2.4082710734054222 0
1718492918036 2.41414226257979 1
1718492918823 2.464003811576473 2
1718492919619 2.421384227809621 3
1718492920421 2.3970730331406664 4
1718492921209 2.427493495727653 5
1718492921977 2.4129782759431584 6
1718492922723 2.4062373784940636 7
1718492923507 2.4321442789106227 8
1718492924274 2.433431038215979 9
1718492925075 2.407353874462754 10
1718492925859 2.3937638962446752 11
1718492926626 2.4061649299379604 12
1718492927427 2.375068434583607 13
1718492928228 2.387205929898504 14
1718492929004 2.360747315990391 15
1718492929778 2.383552312850952 16
1718492930583 2.4147057684499824 17
1718492931420 2.379562184881808 18
1718492932200 2.3927718739011397 19
1718492932983 2.497279399811332 20
1718492933899 2.3729431086511754 21
1718492934666 2.4229435809512636 22
1718492935436 2.4004295219236345 23
1718492936237 2.419476065173078 24
1718492937017 2.4076082243848203 25
1718492937834 2.4037212702765394 26
1718492938668 2.36868409879172 27
1718492939453 2.4529320179526484 28
1718492940269 2.446128114390729 29
1718492941204 2.4232714385239045 30
1718492941991 2.4732767935119457 31
1718492942922 2.3812410586805486 32
1718492943839 2.4338427070361464 33
1718492944739 2.3968729817155583 34
1718492945740 2.424590395012898 35
1718492946641 2.392468472914909 36
1718492947557 2.3747334987369935 37
1718492948426 2.4560055038822233 38
1718492949310 2.4076204731393216 39
1718492950178 2.4332875378096284 40
1718492951061 2.4226495490145328 41
1718492951916 2.411508443640239 42
1718492952783 2.409955356548082 43
1718492953646 2.443104041156484 44
1718492954447 2.397201492715238 45
1718492955238 2.3911327470594377 46
1718492956001 2.4124269298653105 47
1718492956765 2.4395683252099736 48
1718492957538 2.41639973868185 49
