1718388470305 0.8091541528701782 0
1718388470543 0.8134603500366211 1
1718388470816 0.8072018027305603 2
1718388471113 0.8216906189918518 3
1718388471394 0.7768726348876953 4
1718388471645 0.8116551637649536 5
1718388471878 0.8487507104873657 6
1718388472123 0.7998183965682983 7
1718388472361 0.7302494645118713 8
1718388472604 0.7503308653831482 9
1718388472839 0.7163494825363159 10
1718388473070 0.7933585047721863 11
1718388473312 0.6909262537956238 12
1718388473554 0.7131232619285583 13
1718388473787 0.7539872527122498 14
1718388474034 0.808454692363739 15
1718388474272 0.7078167200088501 16
1718388474516 0.7715365290641785 17
1718388474756 0.8525279760360718 18
1718388474987 0.7621505856513977 19
1718388475232 0.6816430687904358 20
1718388475502 0.651942789554596 21
1718388475750 0.6173851490020752 22
1718388475983 0.6742726564407349 23
1718388476236 0.6189102530479431 24
1718388476485 0.6614155769348145 25
1718388476739 0.6475319862365723 26
1718388476975 0.6166049838066101 27
1718388477217 0.6931506991386414 28
1718388477448 0.5917930006980896 29
1718388477679 0.5742601752281189 30
1718388477929 0.6141605377197266 31
1718388478170 0.6168447136878967 32
1718388478407 0.6400127410888672 33
1718388478647 0.8078621625900269 34
1718388478884 0.8414352536201477 35
1718388479131 0.7502263188362122 36
1718388479374 0.635793149471283 37
1718388479622 0.5712341666221619 38
1718388479863 0.5335783958435059 39
1718388480116 0.5583181381225586 40
1718388480359 0.5416932106018066 41
1718388480603 0.5885459780693054 42
1718388481022 0.6220795512199402 43
1718388481237 0.5796030163764954 44
1718388481461 0.5358585715293884 45
1718388481688 0.5552335977554321 46
1718388481942 0.526002049446106 47
1718388482191 0.526131272315979 48
1718388482514 0.5339201092720032 49
