1718511688504 0.4004728829230564 0
1718511688854 0.10848484848484848 1
1718511689208 0.02244512925757669 2
1718511689572 0.05239869199769916 3
1718511690058 0.09151515151515152 4
1718511690406 0.10848484848484848 5
1718511690739 0.10848484848484848 6
1718511691106 0.10848484848484848 7
1718511691442 0.10848484848484848 8
1718511691790 0.05662670662670662 9
1718511692107 0.09151515151515152 10
1718511692440 0.09151515151515152 11
1718511692774 0.05803444782168187 12
1718511693101 0.09151515151515152 13
1718511693441 0.07729333855288054 14
1718511693792 0.05880116635293249 15
1718511694126 0.4905650630891346 16
1718511694460 0.13728907037198568 17
1718511694795 0.29609679147414997 18
1718511695159 0.04581841373708716 19
1718511695512 0.09212121212121212 20
1718511695860 0.3483553438811955 21
1718511696210 0.256202039102496 22
1718511696527 0.046837116144046835 23
1718511696877 0.11964098136241245 24
1718511697211 0.3974943234291807 25
1718511697548 0.37785268251681886 26
1718511697911 0.3717364349270879 27
1718511698239 0.4463309695329563 28
1718511698678 0.10878073653437749 29
1718511699041 0.09151515151515152 30
1718511699379 0.08727272727272728 31
1718511699746 0.4027401972792003 32
1718511700113 0.09212121212121212 33
1718511700463 0.04715773363253741 34
1718511700813 0.5235061327725551 35
1718511701180 0.10848484848484848 36
1718511701514 0.05770470664087685 37
1718511701883 0.10848484848484848 38
1718511702245 0.05888049690354118 39
1718511702598 0.08095267431160812 40
1718511702951 0.05888049690354118 41
1718511703282 0.091044559374812 42
1718511703619 0.10848484848484848 43
1718511703966 0.09151515151515152 44
1718511704304 0.10848484848484848 45
1718511704650 0.0702920647184427 46
1718511705000 0.09151515151515152 47
1718511705333 0.05781013545934374 48
1718511705682 0.5843247514563464 49
