1718439401207 0.11194029850746269 0
1718439401464 0.11791044776119403 1
1718439401688 0.1 2
1718439401921 0.09402985074626866 3
1718439402160 0.1 4
1718439402388 0.09850746268656717 5
1718439402624 0.11194029850746269 6
1718439402854 0.11791044776119403 7
1718439403071 0.08059701492537313 8
1718439403321 0.11044776119402985 9
1718439403557 0.1 10
1718439403787 0.1 11
1718439404004 0.11194029850746269 12
1718439404241 0.09850746268656717 13
1718439404470 0.11791044776119403 14
1718439404704 0.11044776119402985 15
1718439404920 0.1761194029850746 16
1718439405170 0.15223880597014924 17
1718439405436 0.11194029850746269 18
1718439405687 0.11791044776119403 19
1718439405937 0.09850746268656717 20
1718439406187 0.11791044776119403 21
1718439406420 0.11194029850746269 22
1718439406636 0.1 23
1718439406870 0.08507462686567165 24
1718439407103 0.09402985074626866 25
1718439407340 0.11791044776119403 26
1718439407570 0.0955223880597015 27
1718439407820 0.11044776119402985 28
1718439408051 0.11194029850746269 29
1718439408286 0.1 30
1718439408524 0.11791044776119403 31
1718439408753 0.09850746268656717 32
1718439408986 0.09402985074626866 33
1718439409220 0.08507462686567165 34
1718439409469 0.11044776119402985 35
1718439409703 0.0955223880597015 36
1718439409936 0.11194029850746269 37
1718439410169 0.11791044776119403 38
1718439410413 0.09850746268656717 39
1718439410636 0.08656716417910448 40
1718439410886 0.1 41
1718439411119 0.08059701492537313 42
1718439411370 0.11791044776119403 43
1718439411606 0.08955223880597014 44
1718439411839 0.208955223880597 45
1718439412053 0.09850746268656717 46
1718439412314 0.12835820895522387 47
1718439412535 0.08656716417910448 48
1718439412752 0.11791044776119403 49
