1718533179133 0.4800420080432424 0
1718533179516 0.1618870698548164 1
1718533179885 0.011680737387332274 2
1718533180252 0.19143101864463033 3
1718533180603 0.05934837371267689 4
1718533180966 0.062046441037737925 5
1718533181336 0.056886021813310095 6
1718533181700 0.09212121212121212 7
1718533182061 0.09151515151515152 8
1718533182386 0.09575757575757576 9
1718533182760 0.10848484848484848 10
1718533183132 0.09212121212121212 11
1718533183466 0.10787878787878788 12
1718533183819 0.10848484848484848 13
1718533184299 0.06295228467314068 14
1718533184650 0.09818181818181818 15
1718533185015 0.10848484848484848 16
1718533185386 0.09212121212121212 17
1718533185765 0.10787878787878788 18
1718533186115 0.10848484848484848 19
1718533186465 0.09151515151515152 20
1718533186798 0.08727272727272728 21
1718533187159 0.10848484848484848 22
1718533187515 0.09212121212121212 23
1718533187898 0.09818181818181818 24
1718533188265 0.10848484848484848 25
1718533188614 0.04541683867036229 26
1718533188987 0.029717055150964802 27
1718533189331 0.10848484848484848 28
1718533189687 0.06425507508015758 29
1718533190038 0.07769897309240771 30
1718533190381 0.09212121212121212 31
1718533190714 0.08727272727272728 32
1718533191064 0.10848484848484848 33
1718533191447 0.04782723900370959 34
1718533191814 0.09151515151515152 35
1718533192164 0.027831181909731762 36
1718533192544 0.17471231703238244 37
1718533192880 0.09212121212121212 38
1718533193232 0.10848484848484848 39
1718533193697 0.09212121212121212 40
1718533194037 0.10848484848484848 41
1718533194363 0.1585334224510643 42
1718533194697 0.07679512220918912 43
1718533195067 0.0527822918547532 44
1718533195397 0.11333333333333333 45
1718533195766 0.09575757575757576 46
1718533196188 0.10848484848484848 47
1718533196539 0.11333333333333333 48
1718533196896 0.09151515151515152 49
