1718420655710 0.0 0
1718420656094 0.0 1
1718420656427 0.0 2
1718420656797 0.0 3
1718420657143 0.0 4
1718420657510 0.0 5
1718420657881 0.0 6
1718420658226 0.0 7
1718420658588 0.0 8
1718420658926 0.0 9
1718420659263 0.0 10
1718420659626 0.0 11
1718420659993 0.0 12
1718420660347 0.0 13
1718420660678 0.0 14
1718420661043 0.05 15
1718420661385 0.0 16
1718420661745 0.0 17
1718420662109 0.0 18
1718420662459 0.0 19
1718420662826 0.0 20
1718420663184 0.2 21
1718420663564 0.0 22
1718420663925 0.2 23
1718420664225 0.0 24
1718420664509 0.15 25
1718420664817 0.05 26
1718420665110 0.0 27
1718420665426 0.0 28
1718420665758 0.0 29
1718420666062 0.2 30
1718420666377 0.0 31
1718420666688 0.15 32
1718420666995 0.0 33
1718420667292 0.0 34
1718420667592 0.05 35
1718420667908 0.0 36
1718420668208 0.0 37
1718420668508 0.0 38
1718420668823 0.0 39
1718420669124 0.0 40
1718420669444 0.0 41
1718420669745 0.0 42
1718420670060 0.0 43
1718420670368 0.0 44
1718420670672 0.0 45
1718420670984 0.0 46
1718420671274 0.0 47
1718420671561 0.0 48
1718420671868 0.0 49
