1718387808496 0.23424983024597168 0
1718387808719 0.10806989669799805 1
1718387808995 0.1072242259979248 2
1718387809248 -0.002993464469909668 3
1718387809517 0.04574441909790039 4
1718387809759 0.10608911514282227 5
1718387809994 -0.013395190238952637 6
1718387810272 0.023484110832214355 7
1718387810509 -0.030735492706298828 8
1718387810746 -0.029021024703979492 9
1718387810982 0.25743114948272705 10
1718387811416 0.12635982036590576 11
1718387811633 0.04926252365112305 12
1718387811866 -0.015883922576904297 13
1718387812139 -0.09810423851013184 14
1718387812375 -0.0027437210083007812 15
1718387812602 0.09271073341369629 16
1718387812844 0.08114945888519287 17
1718387813062 0.048006653785705566 18
1718387813304 0.07984626293182373 19
1718387813532 0.0060253143310546875 20
1718387813755 0.04265391826629639 21
1718387813989 0.04108881950378418 22
1718387814232 -0.009829163551330566 23
1718387814461 -0.18074047565460205 24
1718387814694 0.10056853294372559 25
1718387814919 -0.10985469818115234 26
1718387815162 0.05553615093231201 27
1718387815423 0.13991260528564453 28
1718387815665 0.05509239435195923 29
1718387815904 -0.055013298988342285 30
1718387816133 -0.08940505981445312 31
1718387816374 0.12711596488952637 32
1718387816624 -0.023851871490478516 33
1718387816862 0.019404888153076172 34
1718387817093 -0.05110430717468262 35
1718387817351 -0.03963285684585571 36
1718387817599 0.07034975290298462 37
1718387817841 0.04665970802307129 38
1718387818076 -0.0019047856330871582 39
1718387818326 -0.008558154106140137 40
1718387818562 -0.01093369722366333 41
1718387818794 -0.026587069034576416 42
1718387819021 -0.11579835414886475 43
1718387819258 -0.043365418910980225 44
1718387819490 0.05095052719116211 45
1718387819720 0.07493752241134644 46
1718387819948 0.010771751403808594 47
1718387820189 -0.035455942153930664 48
1718387820428 -0.018827080726623535 49
