1718435975845 nan 0
1718435978011 nan 1
1718435980194 nan 2
1718435982394 nan 3
1718435984627 nan 4
1718435986860 nan 5
1718435989045 nan 6
1718435991392 nan 7
1718435993542 nan 8
1718435995658 nan 9
1718435997883 nan 10
1718435999974 nan 11
1718436002143 nan 12
1718436005123 nan 13
1718436007989 nan 14
1718436010771 nan 15
1718436013404 nan 16
1718436016071 nan 17
1718436018220 nan 18
1718436020336 nan 19
1718436022436 nan 20
1718436024535 nan 21
1718436026669 nan 22
1718436028885 nan 23
1718436031084 nan 24
1718436033229 nan 25
1718436035327 nan 26
1718436037502 nan 27
1718436039652 nan 28
1718436041816 nan 29
1718436043948 nan 30
1718436046098 nan 31
1718436048215 nan 32
1718436050297 nan 33
1718436052348 nan 34
1718436054480 nan 35
1718436056649 nan 36
1718436058781 nan 37
1718436060897 nan 38
1718436063311 nan 39
1718436066190 nan 40
1718436069047 nan 41
1718436071793 nan 42
1718436074642 nan 43
1718436077061 nan 44
1718436079191 nan 45
1718436081324 nan 46
1718436083507 nan 47
1718436085607 nan 48
1718436087740 nan 49
