1718453517693 0.0955223880597015 0
1718453517943 0.0955223880597015 1
1718453518213 0.0955223880597015 2
1718453518458 0.0955223880597015 3
1718453518693 0.0955223880597015 4
1718453518942 0.0955223880597015 5
1718453519180 0.0955223880597015 6
1718453519396 0.0955223880597015 7
1718453519626 0.0955223880597015 8
1718453519859 0.0955223880597015 9
1718453520109 0.0955223880597015 10
1718453520342 0.0955223880597015 11
1718453520577 0.0955223880597015 12
1718453520809 0.0955223880597015 13
1718453521042 0.0955223880597015 14
1718453521292 0.0955223880597015 15
1718453521525 0.0955223880597015 16
1718453521763 0.0955223880597015 17
1718453522025 0.0955223880597015 18
1718453522325 0.0955223880597015 19
1718453522725 0.0955223880597015 20
1718453523379 0.0955223880597015 21
1718453523780 0.0955223880597015 22
1718453524158 0.0955223880597015 23
1718453524508 0.0955223880597015 24
1718453524858 0.0955223880597015 25
1718453525310 0.0955223880597015 26
1718453525626 0.0955223880597015 27
1718453525942 0.0955223880597015 28
1718453526281 0.0955223880597015 29
1718453526595 0.0955223880597015 30
1718453526944 0.0955223880597015 31
1718453527262 0.0955223880597015 32
1718453527574 0.0955223880597015 33
1718453527891 0.0955223880597015 34
1718453528207 0.0955223880597015 35
1718453528526 0.0955223880597015 36
1718453528840 0.0955223880597015 37
1718453529207 0.0955223880597015 38
1718453529524 0.0955223880597015 39
1718453529861 0.0955223880597015 40
1718453530185 0.0955223880597015 41
1718453530490 0.0955223880597015 42
1718453530807 0.0955223880597015 43
1718453531140 0.0955223880597015 44
1718453531440 0.0955223880597015 45
1718453531763 0.0955223880597015 46
1718453532090 0.0955223880597015 47
1718453532390 0.0955223880597015 48
1718453532690 0.0955223880597015 49
