1718453517679 nan 0
1718453517909 nan 1
1718453518189 nan 2
1718453518430 nan 3
1718453518659 nan 4
1718453518909 nan 5
1718453519142 nan 6
1718453519375 nan 7
1718453519609 nan 8
1718453519825 nan 9
1718453520078 nan 10
1718453520309 nan 11
1718453520542 nan 12
1718453520788 nan 13
1718453521025 nan 14
1718453521259 nan 15
1718453521507 nan 16
1718453521742 nan 17
1718453522008 nan 18
1718453522280 nan 19
1718453522689 nan 20
1718453523325 nan 21
1718453523725 nan 22
1718453524092 nan 23
1718453524461 nan 24
1718453524811 nan 25
1718453525241 nan 26
1718453525584 nan 27
1718453525909 nan 28
1718453526240 nan 29
1718453526561 nan 30
1718453526899 nan 31
1718453527210 nan 32
1718453527524 nan 33
1718453527841 nan 34
1718453528175 nan 35
1718453528495 nan 36
1718453528809 nan 37
1718453529174 nan 38
1718453529490 nan 39
1718453529822 nan 40
1718453530140 nan 41
1718453530440 nan 42
1718453530768 nan 43
1718453531090 nan 44
1718453531407 nan 45
1718453531722 nan 46
1718453532044 nan 47
1718453532358 nan 48
1718453532657 nan 49
