1718452381950 -30.674591064453125 0
1718452382933 -3.2838592529296875 1
1718452383966 20.896286010742188 2
1718452384899 -35.146202087402344 3
1718452385803 -41.38024139404297 4
1718452386699 -19.856597900390625 5
1718452387599 -22.605979919433594 6
1718452388532 4.729515075683594 7
1718452389481 -98.77056884765625 8
1718452390481 -49.3055419921875 9
1718452391448 -21.140140533447266 10
1718452392433 23.550888061523438 11
1718452393381 -96.18163299560547 12
1718452394348 -72.48130798339844 13
1718452395330 106.6654052734375 14
1718452396380 -9.006912231445312 15
1718452397330 -48.154388427734375 16
1718452398279 -20.22442626953125 17
1718452399179 61.4671630859375 18
1718452400047 -99.7686767578125 19
1718452400862 55.00727844238281 20
1718452401712 36.47926330566406 21
1718452402594 27.85767364501953 22
1718452403483 -47.10752487182617 23
1718452404345 165.85427856445312 24
1718452405199 -5.994873046875 25
1718452406045 22.89373779296875 26
1718452406833 -38.572288513183594 27
1718452407528 -30.069427490234375 28
1718452408278 45.32734680175781 29
1718452408994 -48.16999816894531 30
1718452409726 -33.9014892578125 31
1718452410444 -1.1931800842285156 32
1718452411179 63.29667663574219 33
1718452411898 96.34017944335938 34
1718452412610 7.343360900878906 35
1718452413327 -9.0157470703125 36
1718452414061 62.26567077636719 37
1718452414760 28.89968490600586 38
1718452415491 -23.602588653564453 39
1718452416210 -90.02412414550781 40
1718452416926 9.422935485839844 41
1718452417645 -26.58770751953125 42
1718452418359 -3.50299072265625 43
1718452419092 -13.805747985839844 44
1718452419796 -40.60285949707031 45
1718452420510 -9.28192138671875 46
1718452421242 -67.16165161132812 47
1718452421958 -76.06490325927734 48
1718452422662 -27.30908966064453 49
