1718382404275 1.954113483428955 0
1718382404630 2.2913787364959717 1
1718382404953 2.0471160411834717 2
1718382405266 1.9682961702346802 3
1718382405602 2.1667978763580322 4
1718382405915 2.444925546646118 5
1718382406235 2.4449260234832764 6
1718382406568 2.4449260234832764 7
1718382406881 2.4449260234832764 8
1718382407200 2.4449260234832764 9
1718382407533 2.4449257850646973 10
1718382407844 2.4449260234832764 11
1718382408180 2.4449260234832764 12
1718382408530 2.4449260234832764 13
1718382408857 2.4449257850646973 14
1718382409175 2.4449260234832764 15
1718382409507 2.4449260234832764 16
1718382409828 2.492830514907837 17
1718382410177 2.492830514907837 18
1718382410504 2.492830514907837 19
1718382410839 2.4928295612335205 20
1718382411158 2.4676125049591064 21
1718382411495 2.467503786087036 22
1718382411815 2.4307162761688232 23
1718382412139 1.7619421482086182 24
1718382412486 2.327064275741577 25
1718382412843 2.062272071838379 26
1718382413173 2.0845274925231934 27
1718382413514 1.7956396341323853 28
1718382413839 2.0643351078033447 29
1718382414176 1.9253058433532715 30
1718382414525 2.006131172180176 31
1718382414864 2.2362844944000244 32
1718382415195 1.9631017446517944 33
1718382415542 1.860317587852478 34
1718382415865 1.923977017402649 35
1718382416184 2.2911300659179688 36
1718382416515 2.3188974857330322 37
1718382416836 2.279618263244629 38
1718382417165 2.1450774669647217 39
1718382417494 2.0408151149749756 40
1718382417820 2.0298240184783936 41
1718382418144 1.928890585899353 42
1718382418520 2.2871663570404053 43
1718382418854 2.194065809249878 44
1718382419181 1.9334452152252197 45
1718382419513 1.8227043151855469 46
1718382419844 2.406935930252075 47
1718382420170 2.3813536167144775 48
1718382420479 2.198883295059204 49
