1718546859641 0.08727272727272728 0
1718546859994 0.08727272727272728 1
1718546860324 0.08727272727272728 2
1718546860857 0.08727272727272728 3
1718546861202 0.08727272727272728 4
1718546861540 0.08727272727272728 5
1718546861941 0.08727272727272728 6
1718546862307 0.08727272727272728 7
1718546862696 0.08727272727272728 8
1718546863093 0.08727272727272728 9
1718546863423 0.08727272727272728 10
1718546863792 0.08727272727272728 11
1718546864205 0.08727272727272728 12
1718546864593 0.08727272727272728 13
1718546865002 0.08727272727272728 14
1718546865391 0.08727272727272728 15
1718546865759 0.08727272727272728 16
1718546866106 0.08727272727272728 17
1718546866456 0.08727272727272728 18
1718546866906 0.08727272727272728 19
1718546867258 0.08727272727272728 20
1718546867639 0.08727272727272728 21
1718546868006 0.08727272727272728 22
1718546868388 0.08727272727272728 23
1718546868760 0.08727272727272728 24
1718546869122 0.08727272727272728 25
1718546869482 0.08727272727272728 26
1718546869839 0.08727272727272728 27
1718546870191 0.08727272727272728 28
1718546870539 0.08727272727272728 29
1718546870882 0.08727272727272728 30
1718546871238 0.08727272727272728 31
1718546871600 0.08727272727272728 32
1718546871922 0.08727272727272728 33
1718546872283 0.08727272727272728 34
1718546872622 0.08727272727272728 35
1718546872972 0.08727272727272728 36
1718546873321 0.08727272727272728 37
1718546873655 0.08727272727272728 38
1718546874004 0.08727272727272728 39
1718546874338 0.08727272727272728 40
1718546874704 0.08727272727272728 41
1718546875038 0.08727272727272728 42
1718546875384 0.08727272727272728 43
1718546875721 0.08727272727272728 44
1718546876087 0.08727272727272728 45
1718546876421 0.08727272727272728 46
1718546876758 0.08727272727272728 47
1718546877238 0.08727272727272728 48
1718546877570 0.08727272727272728 49
