1718331720807 0.1348412036895752 0
1718331721122 0.3857649564743042 1
1718331721418 0.3253670930862427 2
1718331721734 0.1367509365081787 3
1718331722026 0.08400189876556396 4
1718331722389 -0.012958288192749023 5
1718331722741 -0.35551273822784424 6
1718331723083 -0.5849134922027588 7
1718331723432 -0.15673291683197021 8
1718331723772 -0.07589268684387207 9
1718331724118 0.10239136219024658 10
1718331724467 -0.2694270610809326 11
1718331724799 -0.05349540710449219 12
1718331725096 -0.43162214756011963 13
1718331725415 -0.14762020111083984 14
1718331725719 -0.14861083030700684 15
1718331726021 0.09991669654846191 16
1718331726326 -0.6759997606277466 17
1718331726634 -0.006212115287780762 18
1718331726948 -0.4024085998535156 19
1718331727242 -0.1385953426361084 20
1718331727539 -0.16758179664611816 21
1718331727856 -0.1992168426513672 22
1718331728154 0.0069751739501953125 23
1718331728452 -0.021898865699768066 24
1718331728769 -0.21371126174926758 25
1718331729070 -0.1616281270980835 26
1718331729396 -0.0939105749130249 27
1718331729709 0.18274462223052979 28
1718331730016 0.13080883026123047 29
1718331730318 -0.09099984169006348 30
1718331730617 -0.7623026371002197 31
1718331730925 -0.24613165855407715 32
1718331731226 -0.5266939401626587 33
1718331731529 -0.10915541648864746 34
1718331731842 -0.02318739891052246 35
1718331732149 0.2840770483016968 36
1718331732451 -0.0550389289855957 37
1718331732762 0.018053650856018066 38
1718331733071 0.1174628734588623 39
1718331733388 0.03001880645751953 40
1718331733709 -0.09171009063720703 41
1718331734013 -0.2330636978149414 42
1718331734317 -0.23209738731384277 43
1718331734617 -0.4009441137313843 44
1718331734923 0.0701141357421875 45
1718331735231 0.14804089069366455 46
1718331735533 -0.09231090545654297 47
1718331735843 0.46429443359375 48
1718331736140 -0.2602123022079468 49
