1718386433428 2.1433098316192627 0
1718386433781 1.6746394634246826 1
1718386434112 1.8166221380233765 2
1718386434466 1.905550479888916 3
1718386434793 1.605889916419983 4
1718386435122 2.2253429889678955 5
1718386435480 2.14451003074646 6
1718386435836 1.879259467124939 7
1718386436195 1.7558947801589966 8
1718386436555 1.5316886901855469 9
1718386436885 1.9776712656021118 10
1718386437203 2.16892409324646 11
1718386437530 1.7105885744094849 12
1718386437852 1.8399590253829956 13
1718386438175 1.6769927740097046 14
1718386438508 1.8495110273361206 15
1718386438830 2.121865749359131 16
1718386439159 2.1291749477386475 17
1718386439496 1.970957636833191 18
1718386439842 1.9669948816299438 19
1718386440216 1.8222671747207642 20
1718386440574 2.0425961017608643 21
1718386440910 1.909185528755188 22
1718386441248 1.9884395599365234 23
1718386441597 1.7808215618133545 24
1718386441928 1.759113073348999 25
1718386442276 1.5135962963104248 26
1718386442711 1.5990885496139526 27
1718386443127 1.575361967086792 28
1718386443554 1.5796053409576416 29
1718386443968 1.6573221683502197 30
1718386444347 2.0322678089141846 31
1718386444744 1.7830663919448853 32
1718386445126 1.8682849407196045 33
1718386445517 2.998065710067749 34
1718386445913 2.18843674659729 35
1718386446313 2.176710605621338 36
1718386446720 1.953744888305664 37
1718386447099 2.0452048778533936 38
1718386447481 2.1742944717407227 39
1718386447865 1.8136487007141113 40
1718386448266 1.7623634338378906 41
1718386448651 1.821845531463623 42
1718386449037 1.9390089511871338 43
1718386449433 1.728065013885498 44
1718386449827 1.8637206554412842 45
1718386450207 2.346068859100342 46
1718386450598 2.345194101333618 47
1718386450977 2.1761107444763184 48
1718386451372 1.6955269575119019 49
