1718420621450 2.2845189571380615 0
1718420621767 2.372880458831787 1
1718420622067 2.8131935596466064 2
1718420622450 2.3370654582977295 3
1718420622750 2.3698272705078125 4
1718420623050 2.438812732696533 5
1718420623383 2.384636402130127 6
1718420623700 2.3615386486053467 7
1718420624021 2.3193626403808594 8
1718420624333 2.4883716106414795 9
1718420624630 2.3579132556915283 10
1718420624923 2.3092052936553955 11
1718420625216 2.416099786758423 12
1718420625499 2.406973361968994 13
1718420625815 2.2421445846557617 14
1718420626099 2.3185360431671143 15
1718420626399 2.354128360748291 16
1718420626699 2.3860089778900146 17
1718420626999 2.3528428077697754 18
1718420627299 2.485917091369629 19
1718420627599 2.478208065032959 20
1718420627918 2.303837299346924 21
1718420628224 2.39428973197937 22
1718420628532 2.3629324436187744 23
1718420628836 2.3042216300964355 24
1718420629133 2.3567309379577637 25
1718420629449 2.58750057220459 26
1718420629766 2.373337507247925 27
1718420630082 2.338604688644409 28
1718420630420 2.328486919403076 29
1718420630725 2.2447216510772705 30
1718420631033 2.3270926475524902 31
1718420631382 2.2921948432922363 32
1718420631702 2.597430467605591 33
1718420632020 2.5737197399139404 34
1718420632328 2.3797287940979004 35
1718420632634 2.368380069732666 36
1718420632934 2.2992608547210693 37
1718420633234 2.292383909225464 38
1718420633551 2.816654920578003 39
1718420633881 2.3181021213531494 40
1718420634198 2.254032611846924 41
1718420634535 2.2470622062683105 42
1718420634865 2.4185473918914795 43
1718420635181 2.3527305126190186 44
1718420635498 2.4661905765533447 45
1718420635831 2.28878116607666 46
1718420636136 2.2433559894561768 47
1718420636481 2.2735755443573 48
1718420636797 2.8689444065093994 49
