1718453590329 0.17438692098092642 0
1718453590678 0.17438692098092642 1
1718453591004 0.17438692098092642 2
1718453591315 0.17438692098092642 3
1718453591628 0.17438692098092642 4
1718453591961 0.17438692098092642 5
1718453592264 0.17438692098092642 6
1718453592595 0.17438692098092642 7
1718453592899 0.17438692098092642 8
1718453593211 0.17438692098092642 9
1718453593545 0.17438692098092642 10
1718453593864 0.17438692098092642 11
1718453594181 0.17438692098092642 12
1718453594494 0.17438692098092642 13
1718453594811 0.17438692098092642 14
1718453595127 0.17438692098092642 15
1718453595479 0.17438692098092642 16
1718453595800 0.17438692098092642 17
1718453596100 0.17438692098092642 18
1718453596434 0.17438692098092642 19
1718453596748 0.17438692098092642 20
1718453597065 0.17438692098092642 21
1718453597380 0.17438692098092642 22
1718453597727 0.17438692098092642 23
1718453598044 0.17438692098092642 24
1718453598360 0.17438692098092642 25
1718453598944 0.17438692098092642 26
1718453599278 0.17438692098092642 27
1718453599626 0.17438692098092642 28
1718453599927 0.17438692098092642 29
1718453600208 0.17438692098092642 30
1718453600493 0.17438692098092642 31
1718453600796 0.17438692098092642 32
1718453601082 0.17438692098092642 33
1718453601363 0.17438692098092642 34
1718453601643 0.17438692098092642 35
1718453601944 0.17438692098092642 36
1718453602243 0.17438692098092642 37
1718453602560 0.17438692098092642 38
1718453602860 0.17438692098092642 39
1718453603126 0.17438692098092642 40
1718453603443 0.17438692098092642 41
1718453603744 0.17438692098092642 42
1718453604026 0.17438692098092642 43
1718453604298 0.17438692098092642 44
1718453604592 0.17438692098092642 45
1718453604885 0.17438692098092642 46
1718453605162 0.17438692098092642 47
1718453605425 0.17438692098092642 48
1718453605708 0.17438692098092642 49
