1717608841170 0.09151515151515152 0
1717608841629 0.09575757575757576 1
1717608842137 0.10303030303030303 2
1717608842601 0.09151515151515152 3
1717608843080 0.09151515151515152 4
1717608843564 0.10242424242424242 5
1717608844037 0.09818181818181818 6
1717608844518 0.10303030303030303 7
1717608845009 0.09212121212121212 8
1717608845495 0.10181818181818182 9
1717608846028 0.10303030303030303 10
1717608846549 0.09818181818181818 11
1717608847061 0.10787878787878788 12
1717608847561 0.10303030303030303 13
1717608848080 0.09818181818181818 14
1717608848561 0.10242424242424242 15
1717608849077 0.10303030303030303 16
1717608849600 0.10242424242424242 17
1717608850117 0.10242424242424242 18
1717608850709 0.10303030303030303 19
