1718392689904 0.14798831939697266 0
1718392690387 0.13599276542663574 1
1718392690857 0.12782883644104004 2
1718392691278 0.12163114547729492 3
1718392691712 0.11658334732055664 4
1718392692144 0.11229276657104492 5
1718392692578 0.10854673385620117 6
1718392693004 0.10521578788757324 7
1718392693462 0.10221290588378906 8
1718392693960 0.09947633743286133 9
1718392694406 0.09696173667907715 10
1718392694918 0.09463381767272949 11
1718392695361 0.09246444702148438 12
1718392695860 0.09043383598327637 13
1718392696450 0.08852434158325195 14
1718392696989 0.08672142028808594 15
1718392697637 0.08501410484313965 16
1718392698224 0.08339262008666992 17
1718392698990 0.0818486213684082 18
1718392699440 0.08037447929382324 19
1718392699970 0.07896590232849121 20
1718392700640 0.07761669158935547 21
1718392701366 0.07632160186767578 22
1718392701885 0.07507777214050293 23
1718392702366 0.07388091087341309 24
1718392702876 0.07272863388061523 25
1718392703413 0.07161641120910645 26
1718392703825 0.07054448127746582 27
1718392704267 0.06950759887695312 28
1718392704643 0.06850552558898926 29
1718392705161 0.0675346851348877 30
1718392705559 0.06659579277038574 31
1718392705927 0.06568574905395508 32
1718392706287 0.06480264663696289 33
1718392706722 0.06394577026367188 34
1718392707104 0.06311392784118652 35
1718392707503 0.06230616569519043 36
1718392707937 0.06152057647705078 37
1718392708373 0.06075716018676758 38
1718392708765 0.06001472473144531 39
1718392709403 0.05929207801818848 40
1718392709804 0.05858802795410156 41
1718392710206 0.05790233612060547 42
1718392710813 0.0572352409362793 43
1718392711429 0.056584835052490234 44
1718392711999 0.05595040321350098 45
1718392712470 0.05533170700073242 46
1718392712983 0.05472898483276367 47
1718392713455 0.05413961410522461 48
1718392713961 0.05356597900390625 49
