1718330380418 -0.638740062713623 0
1718330380753 -0.6387424468994141 1
1718330381103 -0.6387426853179932 2
1718330381418 -0.6387424468994141 3
1718330381719 -0.638742208480835 4
1718330382006 -0.6387424468994141 5
1718330382296 -0.6387424468994141 6
1718330382588 -0.6387424468994141 7
1718330382872 -0.6387424468994141 8
1718330383156 -0.6387424468994141 9
1718330383444 -0.6387424468994141 10
1718330383729 -0.6387424468994141 11
1718330384022 -0.6387424468994141 12
1718330384316 -0.6387424468994141 13
1718330384616 -0.6387426853179932 14
1718330384906 -0.6387426853179932 15
1718330385192 -0.6387426853179932 16
1718330385512 -0.6387426853179932 17
1718330385796 -0.6387424468994141 18
1718330386085 -0.6387429237365723 19
1718330386370 -0.6387426853179932 20
1718330386677 -0.6387426853179932 21
1718330386965 -0.6387424468994141 22
1718330387259 -0.6387424468994141 23
1718330387557 -0.6387424468994141 24
1718330387843 -0.6387426853179932 25
1718330388131 -0.6387424468994141 26
1718330388420 -0.6387424468994141 27
1718330388755 -0.6387426853179932 28
1718330389051 -0.6387424468994141 29
1718330389352 -0.6387424468994141 30
1718330389660 -0.6387424468994141 31
1718330389950 -0.6387426853179932 32
1718330390249 -0.6387424468994141 33
1718330390581 -0.6387429237365723 34
1718330390887 -0.6387429237365723 35
1718330391180 -0.6387424468994141 36
1718330391476 -0.6387424468994141 37
1718330391778 -0.6387424468994141 38
1718330392084 -0.6387424468994141 39
1718330392371 -0.6387424468994141 40
1718330392676 -0.638742208480835 41
1718330392965 -0.6387426853179932 42
1718330393253 -0.6387424468994141 43
1718330393550 -0.6387426853179932 44
1718330393858 -0.6387424468994141 45
1718330394155 -0.6387426853179932 46
1718330394445 -0.638742208480835 47
1718330394745 -0.6387424468994141 48
1718330395042 -0.6387426853179932 49
