1718384405493 0.03182840347290039 0
1718384405854 0.030648469924926758 1
1718384406237 0.029572725296020508 2
1718384406601 0.028585433959960938 3
1718384406957 0.027674436569213867 4
1718384407333 0.02682948112487793 5
1718384407694 0.02604055404663086 6
1718384408053 0.02530193328857422 7
1718384408419 0.02460622787475586 8
1718384408787 0.02395009994506836 9
1718384409166 0.023327350616455078 10
1718384409546 0.0227358341217041 11
1718384409949 0.022171974182128906 12
1718384410316 0.021633148193359375 13
1718384410708 0.021117687225341797 14
1718384411094 0.020622730255126953 15
1718384411489 0.020146608352661133 16
1718384411865 0.01968860626220703 17
1718384412254 0.019245624542236328 18
1718384412627 0.018819093704223633 19
1718384413013 0.018406152725219727 20
1718384413419 0.018005847930908203 21
1718384413788 0.01761770248413086 22
1718384414164 0.01724076271057129 23
1718384414533 0.016874313354492188 24
1718384414859 0.016518115997314453 25
1718384415184 0.016170740127563477 26
1718384415529 0.01583242416381836 27
1718384415852 0.015501737594604492 28
1718384416180 0.015178918838500977 29
1718384416509 0.014863729476928711 30
1718384416830 0.014555215835571289 31
1718384417146 0.014252185821533203 32
1718384417478 0.013957023620605469 33
1718384417793 0.013666629791259766 34
1718384418109 0.013381481170654297 35
1718384418438 0.013101816177368164 36
1718384418758 0.012827873229980469 37
1718384419074 0.0125579833984375 38
1718384419407 0.012292623519897461 39
1718384419742 0.012031316757202148 40
1718384420065 0.011774539947509766 41
1718384420416 0.011521100997924805 42
1718384420743 0.011272192001342773 43
1718384421055 0.011026620864868164 44
1718384421377 0.010784149169921875 45
1718384421688 0.010545015335083008 46
1718384421996 0.010309696197509766 47
1718384422313 0.01007699966430664 48
1718384422631 0.009847164154052734 49
