1718388276295 0.022665858268737793 0
1718388276542 -0.13838517665863037 1
1718388276777 0.07442593574523926 2
1718388277008 -0.14331376552581787 3
1718388277251 -0.07271063327789307 4
1718388277493 -0.3418320417404175 5
1718388277725 -0.01572573184967041 6
1718388277958 0.17490458488464355 7
1718388278187 0.0078002214431762695 8
1718388278426 -0.15368223190307617 9
1718388278653 -0.1533517837524414 10
1718388278880 0.0031557083129882812 11
1718388279108 -0.0727081298828125 12
1718388279344 -0.19071900844573975 13
1718388279757 -0.0004551410675048828 14
1718388279970 -0.5213472843170166 15
1718388280196 0.044197678565979004 16
1718388280443 0.07734620571136475 17
1718388280668 0.06211233139038086 18
1718388280895 0.006967067718505859 19
1718388281120 -0.23919427394866943 20
1718388281369 0.0672069787979126 21
1718388281594 -0.06067192554473877 22
1718388281838 -0.11863589286804199 23
1718388282070 -0.0987553596496582 24
1718388282305 -0.07967841625213623 25
1718388282537 -0.16601693630218506 26
1718388282782 0.0720527172088623 27
1718388283014 -0.24671900272369385 28
1718388283247 -0.28337574005126953 29
1718388283483 -0.06090545654296875 30
1718388283712 0.024523377418518066 31
1718388283934 -0.02417290210723877 32
1718388284163 -0.002874612808227539 33
1718388284422 -0.11710476875305176 34
1718388284751 -0.22210335731506348 35
1718388285037 -0.008306384086608887 36
1718388285307 -0.3260155916213989 37
1718388285556 0.055473923683166504 38
1718388285796 0.018757939338684082 39
1718388286036 -0.09177696704864502 40
1718388286265 0.0414813756942749 41
1718388286510 -0.03481292724609375 42
1718388286747 -0.14842212200164795 43
1718388286979 -0.09851479530334473 44
1718388287213 -0.2682884931564331 45
1718388287448 -0.08613944053649902 46
1718388287693 -0.4099308252334595 47
1718388287927 -0.23023581504821777 48
1718388288161 -0.1328972578048706 49
