1718434579003 0.25 0
1718434579439 0.15 1
1718434579924 0.15 2
1718434580380 0.1 3
1718434580803 0.05 4
1718434581236 0.2 5
1718434581669 0.05 6
1718434582103 0.15 7
1718434582519 0.3 8
1718434582932 0.15 9
1718434583352 0.15 10
1718434583769 0.1 11
1718434584186 0.1 12
1718434584636 0.2 13
1718434585055 0.15 14
1718434585421 0.15 15
1718434585804 0.15 16
1718434586185 0.25 17
1718434586602 0.15 18
1718434586985 0.05 19
1718434587402 0.05 20
1718434587785 0.1 21
1718434588187 0.05 22
1718434588588 0.1 23
1718434588971 0.2 24
1718434589336 0.15 25
1718434589735 0.15 26
1718434590102 0.2 27
1718434590485 0.15 28
1718434590855 0.1 29
1718434591219 0.15 30
1718434591605 0.2 31
1718434592002 0.15 32
1718434592367 0.3 33
1718434592750 0.2 34
1718434593121 0.3 35
1718434593521 0.25 36
1718434593884 0.15 37
1718434594234 0.2 38
1718434594619 0.15 39
1718434594967 0.15 40
1718434595336 0.15 41
1718434595700 0.25 42
1718434596067 0.15 43
1718434596421 0.15 44
1718434596823 0.15 45
1718434597170 0.1 46
1718434597533 0.05 47
1718434597883 0.3 48
1718434598250 0.15 49
