1718553326471 0.09575757575757576 0
1718553327375 0.10242424242424242 1
1718553328285 0.10242424242424242 2
1718553329217 0.10242424242424242 3
1718553330135 0.10242424242424242 4
1718553331034 0.10242424242424242 5
1718553331970 0.10242424242424242 6
1718553332952 0.10242424242424242 7
1718553333867 0.10303030303030303 8
1718553334758 0.10242424242424242 9
1718553335683 0.10303030303030303 10
1718553336599 0.10242424242424242 11
1718553337532 0.09575757575757576 12
1718553338456 0.10303030303030303 13
1718553339415 0.10242424242424242 14
1718553340330 0.10242424242424242 15
1718553341251 0.10242424242424242 16
1718553342202 0.10242424242424242 17
1718553343198 0.10242424242424242 18
1718553344231 0.10242424242424242 19
1718553345181 0.10242424242424242 20
1718553346097 0.10242424242424242 21
1718553347050 0.10242424242424242 22
1718553348013 0.10242424242424242 23
1718553348964 0.10242424242424242 24
1718553349930 0.10242424242424242 25
1718553350833 0.10242424242424242 26
1718553351778 0.10242424242424242 27
1718553352696 0.10242424242424242 28
1718553353631 0.10303030303030303 29
1718553354612 0.10242424242424242 30
1718553355596 0.10242424242424242 31
1718553356531 0.10242424242424242 32
1718553357437 0.10242424242424242 33
1718553358331 0.10242424242424242 34
1718553359245 0.10242424242424242 35
1718553360162 0.10242424242424242 36
1718553361114 0.10242424242424242 37
1718553362019 0.10242424242424242 38
1718553363244 0.10242424242424242 39
1718553364446 0.10242424242424242 40
1718553365544 0.10303030303030303 41
1718553366677 0.10242424242424242 42
1718553367877 0.10242424242424242 43
1718553369260 0.10242424242424242 44
1718553370401 0.10242424242424242 45
1718553371526 0.10242424242424242 46
1718553372659 0.10242424242424242 47
1718553373922 0.10242424242424242 48
1718553375075 0.10303030303030303 49
