1718516727192 0.09848890526801121 0
1718516727538 0.10848484848484848 1
1718516727873 0.041993678195747584 2
1718516728222 0.10848484848484848 3
1718516728537 0.09151515151515152 4
1718516728871 0.10848484848484848 5
1718516729224 0.10848484848484848 6
1718516729571 0.3588716004370612 7
1718516729904 0.10848484848484848 8
1718516730237 0.08727272727272728 9
1718516730554 0.047060892324050224 10
1718516730902 0.10848484848484848 11
1718516731254 0.09151515151515152 12
1718516731587 0.10848484848484848 13
1718516731904 0.10848484848484848 14
1718516732222 0.10848484848484848 15
1718516732553 0.10848484848484848 16
1718516732854 0.10848484848484848 17
1718516733187 0.10496119733924612 18
1718516733622 0.10848484848484848 19
1718516733936 0.09212121212121212 20
1718516734256 0.10848484848484848 21
1718516734570 0.09212121212121212 22
1718516734918 0.10848484848484848 23
1718516735236 0.09212121212121212 24
1718516735553 0.09151515151515152 25
1718516735869 0.09212121212121212 26
1718516736203 0.10848484848484848 27
1718516736522 0.09575757575757576 28
1718516736870 0.10848484848484848 29
1718516737205 0.09212121212121212 30
1718516737586 0.09151515151515152 31
1718516737903 0.09212121212121212 32
1718516738236 0.10848484848484848 33
1718516738569 0.09212121212121212 34
1718516738923 0.10848484848484848 35
1718516739255 0.09212121212121212 36
1718516739585 0.09151515151515152 37
1718516739902 0.09212121212121212 38
1718516740235 0.10848484848484848 39
1718516740604 0.09212121212121212 40
1718516740952 0.10848484848484848 41
1718516741324 0.09212121212121212 42
1718516741671 0.09151515151515152 43
1718516742002 0.09212121212121212 44
1718516742351 0.10848484848484848 45
1718516742668 0.09212121212121212 46
1718516742985 0.10848484848484848 47
1718516743318 0.09212121212121212 48
1718516743635 0.09151515151515152 49
