1718516727204 0.49560117302052786 0
1718516727571 1.0 1
1718516727888 0.35268817204301073 2
1718516728238 1.0 3
1718516728570 1.0 4
1718516728904 1.0 5
1718516729237 1.0 6
1718516729587 0.39029535864978904 7
1718516729922 1.0 8
1718516730257 1.0 9
1718516730587 0.35454545454545455 10
1718516730924 1.0 11
1718516731273 1.0 12
1718516731604 1.0 13
1718516731922 1.0 14
1718516732237 1.0 15
1718516732570 1.0 16
1718516732887 1.0 17
1718516733219 0.5454545454545454 18
1718516733637 1.0 19
1718516733953 1.0 20
1718516734270 1.0 21
1718516734603 1.0 22
1718516734936 1.0 23
1718516735270 1.0 24
1718516735570 1.0 25
1718516735886 1.0 26
1718516736222 1.0 27
1718516736553 1.0 28
1718516736889 1.0 29
1718516737222 1.0 30
1718516737602 1.0 31
1718516737923 1.0 32
1718516738255 1.0 33
1718516738586 1.0 34
1718516738939 1.0 35
1718516739269 1.0 36
1718516739602 1.0 37
1718516739923 1.0 38
1718516740254 1.0 39
1718516740635 1.0 40
1718516740985 1.0 41
1718516741353 1.0 42
1718516741702 1.0 43
1718516742024 1.0 44
1718516742368 1.0 45
1718516742685 1.0 46
1718516743018 1.0 47
1718516743335 1.0 48
1718516743667 1.0 49
