1718416313565 0.17333851287926716 0
1718416313798 0.16582209616692373 1
1718416314032 0.10325992546692274 2
1718416314248 0.32453332587563316 3
1718416314465 0.05816876587363293 4
1718416314698 0.1793478260869565 5
1718416314921 0.17189631650750342 6
1718416315131 0.2037533512064343 7
1718416315587 0.17694585448392555 8
1718416315798 0.19650067294751009 9
1718416316030 0.2085561497326203 10
1718416316281 0.2085561497326203 11
1718416316531 0.2085561497326203 12
1718416316797 0.10816480732476999 13
1718416317031 0.2085561497326203 14
1718416317231 0.10787520944705976 15
1718416317447 0.33371970001766854 16
1718416317664 0.19650067294751009 17
1718416317881 0.2037533512064343 18
1718416318097 0.2037533512064343 19
1718416318347 0.2037533512064343 20
1718416318580 0.3347861592769815 21
1718416318847 0.2085561497326203 22
1718416319097 0.11856954484300329 23
1718416319322 0.1286019145174075 24
1718416319530 0.5394257703081232 25
1718416319780 0.2085561497326203 26
1718416319997 0.2037533512064343 27
1718416320222 0.11151645635229153 28
1718416320446 0.30870671853239207 29
1718416320679 0.17189631650750342 30
1718416320897 0.2085561497326203 31
1718416321130 0.25938266022931994 32
1718416321347 0.13072099600415507 33
1718416321564 0.13462161060088568 34
1718416321797 0.3410086426661843 35
1718416322030 0.060255962592418284 36
1718416322297 0.10691879162785793 37
1718416322596 0.18912498807352676 38
1718416322931 0.2037533512064343 39
1718416323281 0.11424956495090963 40
1718416323595 0.10030619786717347 41
1718416323933 0.2085561497326203 42
1718416324250 0.2085561497326203 43
1718416324546 0.2085561497326203 44
1718416324880 0.10860213134360328 45
1718416325163 0.24614056223337932 46
1718416325429 0.18806116740612658 47
1718416325746 0.07233943890563412 48
1718416326029 0.1793478260869565 49
