1718330148510 -0.3595304489135742 0
1718330148823 -0.3595304489135742 1
1718330149117 -0.3595306873321533 2
1718330149446 -0.3595306873321533 3
1718330149770 -0.3595304489135742 4
1718330150121 -0.3595304489135742 5
1718330150423 -0.3595306873321533 6
1718330150749 -0.3595304489135742 7
1718330151081 -0.3595306873321533 8
1718330151398 -0.3595304489135742 9
1718330151688 -0.3595306873321533 10
1718330151985 -0.3595304489135742 11
1718330152276 -0.3595304489135742 12
1718330152575 -0.3595304489135742 13
1718330152885 -0.3595304489135742 14
1718330153180 -0.3595304489135742 15
1718330153482 -0.3595304489135742 16
1718330153806 -0.3595304489135742 17
1718330154108 -0.3595306873321533 18
1718330154420 -0.3595306873321533 19
1718330154708 -0.3595304489135742 20
1718330155007 -0.3595302104949951 21
1718330155309 -0.3595306873321533 22
1718330155612 -0.3595304489135742 23
1718330155912 -0.3595304489135742 24
1718330156209 -0.3595304489135742 25
1718330156543 -0.3595306873321533 26
1718330156844 -0.3595304489135742 27
1718330157164 -0.3595304489135742 28
1718330157476 -0.3595304489135742 29
1718330157775 -0.3595304489135742 30
1718330158084 -0.3595306873321533 31
1718330158463 -0.3595306873321533 32
1718330158788 -0.3595304489135742 33
1718330159110 -0.3595304489135742 34
1718330159434 -0.3595306873321533 35
1718330159736 -0.3595306873321533 36
1718330160042 -0.3595304489135742 37
1718330160350 -0.3595306873321533 38
1718330160656 -0.3595304489135742 39
1718330160960 -0.3595304489135742 40
1718330161263 -0.3595304489135742 41
1718330161568 -0.3595304489135742 42
1718330161866 -0.3595304489135742 43
1718330162160 -0.3595304489135742 44
1718330162554 -0.3595304489135742 45
1718330162892 -0.3595304489135742 46
1718330163253 -0.3595306873321533 47
1718330163607 -0.3595304489135742 48
1718330163928 -0.3595304489135742 49
