1718491250042 0.09151515151515152 0
1718491253128 0.14424242424242426 1
1718491255880 0.09151515151515152 2
1718491258682 0.09151515151515152 3
1718491261634 0.09151515151515152 4
1718491264903 0.09151515151515152 5
1718491268408 0.09151515151515152 6
1718491271441 0.09151515151515152 7
1718491274310 0.09151515151515152 8
1718491277146 0.09151515151515152 9
1718491279885 0.09151515151515152 10
1718491282683 0.09151515151515152 11
1718491285439 0.09151515151515152 12
1718491288304 0.09151515151515152 13
1718491291123 0.09151515151515152 14
1718491293925 0.09151515151515152 15
1718491296744 0.09151515151515152 16
1718491299530 0.17393939393939395 17
1718491302302 0.09212121212121212 18
1718491305050 0.09151515151515152 19
1718491307835 0.09151515151515152 20
1718491310621 0.09151515151515152 21
1718491313384 0.09151515151515152 22
1718491316191 0.09151515151515152 23
1718491319042 0.09151515151515152 24
1718491321829 0.09151515151515152 25
1718491325297 0.09151515151515152 26
1718491328838 0.09151515151515152 27
1718491331824 0.09151515151515152 28
1718491334905 0.09151515151515152 29
1718491337841 0.09151515151515152 30
1718491340664 0.1812121212121212 31
1718491343750 0.09151515151515152 32
1718491346564 0.09151515151515152 33
1718491349283 0.09151515151515152 34
1718491351972 0.09151515151515152 35
1718491354788 0.09151515151515152 36
1718491357539 0.09151515151515152 37
1718491360308 0.09151515151515152 38
1718491363077 0.09151515151515152 39
1718491365913 0.09151515151515152 40
1718491368664 0.09151515151515152 41
1718491371486 0.09151515151515152 42
1718491374284 0.09151515151515152 43
1718491377054 0.1296969696969697 44
1718491379856 0.09151515151515152 45
1718491382778 0.09151515151515152 46
1718491386426 0.09151515151515152 47
1718491389880 0.09151515151515152 48
1718491392745 0.09151515151515152 49
