1718390971988 0.25989010989010985 0
1718390972371 0.25989010989010985 1
1718390972733 0.25989010989010985 2
1718390973070 0.25989010989010985 3
1718390973427 0.25989010989010985 4
1718390973761 0.25989010989010985 5
1718390974091 0.25989010989010985 6
1718390974437 0.25989010989010985 7
1718390974771 0.25989010989010985 8
1718390975108 0.25989010989010985 9
1718390975443 0.25989010989010985 10
1718390975791 0.25989010989010985 11
1718390976133 0.25989010989010985 12
1718390976499 0.25989010989010985 13
1718390976854 0.25989010989010985 14
1718390977193 0.2582417582417582 15
1718390977553 0.2582417582417582 16
1718390977925 0.2582417582417582 17
1718390978280 0.2582417582417582 18
1718390978622 0.2582417582417582 19
1718390978989 0.2582417582417582 20
1718390979350 0.2582417582417582 21
1718390979706 0.2582417582417582 22
1718390980055 0.2582417582417582 23
1718390980419 0.2582417582417582 24
1718390980782 0.2582417582417582 25
1718390981122 0.5236111111111112 26
1718390981486 0.5550505050505051 27
1718390981853 0.5550505050505051 28
1718390982213 0.3468434343434344 29
1718390982602 0.3468434343434344 30
1718390982942 0.38619110358240794 31
1718390983296 0.4332862789384528 32
1718390983645 0.4332862789384528 33
1718390983992 0.4450875211744777 34
1718390984536 0.4450875211744777 35
1718390984884 0.4450875211744777 36
1718390985234 0.4450875211744777 37
1718390985589 0.4450875211744777 38
1718390985925 0.4450875211744777 39
1718390986272 0.4450875211744777 40
1718390986619 0.4450875211744777 41
1718390986977 0.4450875211744777 42
1718390987318 0.4450875211744777 43
1718390987661 0.30425648520277676 44
1718390988004 0.42142857142857143 45
1718390988354 0.1726190476190476 46
1718390988688 0.05172413793103448 47
1718390989031 0.37499999999999994 48
1718390989382 0.11224489795918367 49
