1718385410068 2.32366943359375 0
1718385410424 2.323442220687866 1
1718385410752 2.32330584526062 2
1718385411059 2.323230266571045 3
1718385411397 2.3231961727142334 4
1718385411705 2.3231894969940186 5
1718385412013 2.32320237159729 6
1718385412349 2.323225975036621 7
1718385412656 2.3232576847076416 8
1718385412973 2.323294162750244 9
1718385413300 2.3233325481414795 10
1718385413597 2.3233718872070312 11
1718385413908 2.323410987854004 12
1718385414233 2.3234496116638184 13
1718385414553 2.3234872817993164 14
1718385414865 2.3235232830047607 15
1718385415180 2.3235578536987305 16
1718385415504 2.3235905170440674 17
1718385415820 2.3236215114593506 18
1718385416137 2.3236513137817383 19
1718385416457 2.323679208755493 20
1718385416784 2.3237063884735107 21
1718385417133 2.3237316608428955 22
1718385417463 2.3237557411193848 23
1718385417786 2.3237786293029785 24
1718385418103 2.3238000869750977 25
1718385418440 2.3238210678100586 26
1718385418772 2.323840856552124 27
1718385419087 2.323859930038452 28
1718385419432 2.3238775730133057 29
1718385419773 2.32389497756958 30
1718385420102 2.323911190032959 31
1718385420447 2.323927164077759 32
1718385420818 2.3239424228668213 33
1718385421137 2.3239567279815674 34
1718385421477 2.3239705562591553 35
1718385421801 2.323983669281006 36
1718385422121 2.3239965438842773 37
1718385422510 2.3240089416503906 38
1718385422896 2.3240206241607666 39
1718385423284 2.3240320682525635 40
1718385423691 2.324042797088623 41
1718385424220 2.3240535259246826 42
1718385424609 2.324063777923584 43
1718385425013 2.324073314666748 44
1718385425390 2.324082851409912 45
1718385425754 2.324092149734497 46
1718385426130 2.3241007328033447 47
1718385426531 2.3241090774536133 48
1718385426919 2.324117422103882 49
