1718543659255 0.1605351170568562 0
1718543663553 0.1605351170568562 1
1718543667869 0.1605351170568562 2
1718543672185 0.1605351170568562 3
1718543676517 0.1605351170568562 4
1718543680866 0.1605351170568562 5
1718543685182 0.1605351170568562 6
1718543689515 0.1605351170568562 7
1718543693731 0.1605351170568562 8
1718543698146 0.1605351170568562 9
1718543702631 0.1605351170568562 10
1718543707661 0.1605351170568562 11
1718543712697 0.1605351170568562 12
1718543717876 0.1605351170568562 13
1718543722258 0.1605351170568562 14
1718543726507 0.1605351170568562 15
1718543730823 0.1605351170568562 16
1718543735072 0.1605351170568562 17
1718543739438 0.1605351170568562 18
1718543743653 0.1605351170568562 19
1718543747903 0.1605351170568562 20
1718543752256 0.1605351170568562 21
1718543756652 0.1605351170568562 22
1718543760968 0.1605351170568562 23
1718543765732 0.1605351170568562 24
1718543770682 0.1605351170568562 25
1718543775635 0.1605351170568562 26
1718543780313 0.1605351170568562 27
1718543784616 0.1605351170568562 28
1718543788962 0.1605351170568562 29
1718543793363 0.1605351170568562 30
1718543797693 0.1605351170568562 31
1718543802059 0.1605351170568562 32
1718543806391 0.1605351170568562 33
1718543810724 0.1605351170568562 34
1718543814991 0.1605351170568562 35
1718543819258 0.1605351170568562 36
1718543824038 0.1605351170568562 37
1718543829071 0.1605351170568562 38
1718543834286 0.1605351170568562 39
1718543839152 0.1605351170568562 40
1718543843468 0.1605351170568562 41
1718543847753 0.1605351170568562 42
1718543852033 0.1605351170568562 43
1718543856302 0.1605351170568562 44
1718543860648 0.1605351170568562 45
1718543864964 0.1605351170568562 46
1718543869196 0.1605351170568562 47
1718543873512 0.1605351170568562 48
1718543877794 0.1605351170568562 49
