1718328526795 2.1204869747161865 0
1718328527208 2.084088087081909 1
1718328527543 1.742988109588623 2
1718328527918 1.8343831300735474 3
1718328528263 2.3474156856536865 4
1718328528600 2.245279550552368 5
1718328528993 2.0542099475860596 6
1718328529401 2.0417799949645996 7
1718328529859 2.185724973678589 8
1718328530409 1.9050354957580566 9
1718328530930 2.1813888549804688 10
1718328531387 2.2297985553741455 11
1718328531760 2.2798407077789307 12
1718328532083 2.0114059448242188 13
1718328532406 2.218785524368286 14
1718328532785 2.129678249359131 15
1718328533134 2.2180252075195312 16
1718328533464 2.0814290046691895 17
1718328533809 1.8065491914749146 18
1718328534172 1.7895818948745728 19
1718328534509 2.3821933269500732 20
1718328534836 2.4139387607574463 21
1718328535170 2.2266182899475098 22
1718328535509 2.3146212100982666 23
1718328535842 2.3669159412384033 24
1718328536175 2.1577601432800293 25
1718328536489 1.8668466806411743 26
1718328536830 3.044551372528076 27
1718328537222 2.404639720916748 28
1718328537556 1.969358205795288 29
1718328537946 2.1911892890930176 30
1718328538442 2.108156442642212 31
1718328538928 1.966253638267517 32
1718328539379 2.068892240524292 33
1718328539858 2.3367323875427246 34
1718328540192 2.2765631675720215 35
1718328540496 2.4930331707000732 36
1718328540813 2.4930331707000732 37
1718328541126 2.4930331707000732 38
1718328541452 2.4930334091186523 39
1718328541799 2.4930331707000732 40
1718328542137 2.4370296001434326 41
1718328542527 1.796878695487976 42
1718328542863 1.7622864246368408 43
1718328543214 1.808236002922058 44
1718328543587 1.7190754413604736 45
1718328543898 1.7652151584625244 46
1718328544193 2.0364253520965576 47
1718328544491 2.149509906768799 48
1718328544799 1.9743411540985107 49
