1718532157351 1.0 0
1718532158221 1.0 1
1718532159117 1.0 2
1718532160017 1.0 3
1718532160867 1.0 4
1718532161717 1.0 5
1718532162567 1.0 6
1718532163383 0.690625 7
1718532164233 1.0 8
1718532165099 0.46875 9
1718532165966 1.0 10
1718532166866 1.0 11
1718532167815 1.0 12
1718532168732 1.0 13
1718532169615 1.0 14
1718532170465 1.0 15
1718532171315 1.0 16
1718532172149 0.471875 17
1718532173056 1.0 18
1718532173898 1.0 19
1718532174733 1.0 20
1718532175567 1.0 21
1718532176381 1.0 22
1718532177231 0.38613861386138615 23
1718532178057 1.0 24
1718532178913 1.0 25
1718532179756 1.0 26
1718532180596 1.0 27
1718532181457 1.0 28
1718532182428 0.559375 29
1718532183463 1.0 30
1718532184446 1.0 31
1718532185479 1.0 32
1718532186495 1.0 33
1718532187495 1.0 34
1718532188512 1.0 35
1718532189511 1.0 36
1718532190528 1.0 37
1718532191561 0.475 38
1718532192577 1.0 39
1718532193561 1.0 40
1718532194527 0.5625 41
1718532195580 1.0 42
1718532196624 1.0 43
1718532197628 0.459375 44
1718532198541 1.0 45
1718532199391 1.0 46
1718532200226 1.0 47
1718532201059 0.5125 48
1718532201909 0.515625 49
