1718438046124 0.0 0
1718438046904 0.0 1
1718438047637 0.0 2
1718438048337 0.0 3
1718438049055 0.0 4
1718438049770 0.0 5
1718438050503 0.0 6
1718438051220 0.0 7
1718438051970 0.0 8
1718438052720 0.0 9
1718438053536 0.0 10
1718438054320 0.0 11
1718438055040 0.0 12
1718438055803 0.0 13
1718438056536 0.0 14
1718438057286 0.0 15
1718438057985 0.0 16
1718438058868 0.0 17
1718438059602 0.0 18
1718438060289 0.0 19
1718438060985 0.0 20
1718438061685 0.0 21
1718438062368 0.0 22
1718438063151 0.0 23
1718438063901 0.0 24
1718438064601 0.0 25
1718438065317 0.0 26
1718438065900 0.0 27
1718438066534 0.0 28
1718438067133 0.0 29
1718438067733 0.0 30
1718438068333 0.0 31
1718438068917 0.0 32
1718438069533 0.0 33
1718438070149 0.0 34
1718438070750 0.0 35
1718438071350 0.0 36
1718438071950 0.0 37
1718438072552 0.0 38
1718438073150 0.0 39
1718438073766 0.0 40
1718438074350 0.0 41
1718438074965 0.0 42
1718438075565 0.0 43
1718438076165 0.0 44
1718438076765 0.0 45
1718438077365 0.0 46
1718438077950 0.0 47
1718438078551 0.0 48
1718438079148 0.0 49
