1718384216294 0.08571428571428572 0
1718384216670 0.02857142857142857 1
1718384217003 0.05714285714285714 2
1718384217328 0.05714285714285714 3
1718384217657 0.08571428571428572 4
1718384217971 0.11428571428571428 5
1718384218288 0.08571428571428572 6
1718384218618 0.05714285714285714 7
1718384218940 0.11428571428571428 8
1718384219255 0.08571428571428572 9
1718384219591 0.2 10
1718384219912 0.17142857142857143 11
1718384220237 0.08571428571428572 12
1718384220567 0.08571428571428572 13
1718384220887 0.05714285714285714 14
1718384221199 0.2 15
1718384221534 0.2 16
1718384221860 0.08571428571428572 17
1718384222178 0.14285714285714285 18
1718384222679 0.11428571428571428 19
1718384223094 0.05714285714285714 20
1718384223515 0.02857142857142857 21
1718384223916 0.02857142857142857 22
1718384224326 0.05714285714285714 23
1718384224744 0.05714285714285714 24
1718384225131 0.05714285714285714 25
1718384225542 0.3142857142857143 26
1718384225965 0.3142857142857143 27
1718384226354 0.05714285714285714 28
1718384226739 0.02857142857142857 29
1718384227109 0.14285714285714285 30
1718384227537 0.22857142857142856 31
1718384227910 0.22857142857142856 32
1718384228309 0.11428571428571428 33
1718384228705 0.08571428571428572 34
1718384229101 0.05714285714285714 35
1718384229488 0.08571428571428572 36
1718384229874 0.08571428571428572 37
1718384230264 0.08571428571428572 38
1718384230676 0.2 39
1718384231050 0.08571428571428572 40
1718384231425 0.05714285714285714 41
1718384231792 0.2 42
1718384232168 0.2 43
1718384232541 0.2 44
1718384232906 0.08571428571428572 45
1718384233271 0.17142857142857143 46
1718384233663 0.08571428571428572 47
1718384234057 0.05714285714285714 48
1718384234378 0.08571428571428572 49
