1718390515290 0.18119314312934875 0
1718390515532 -0.07194656133651733 1
1718390515762 -0.049003005027770996 2
1718390516001 -0.05923411250114441 3
1718390516265 -0.07816141843795776 4
1718390516509 -0.08344018459320068 5
1718390516757 -0.1072576642036438 6
1718390517003 -0.14270704984664917 7
1718390517244 -0.13541433215141296 8
1718390517484 -0.1418936550617218 9
1718390517705 0.008213996887207031 10
1718390517949 -0.13383454084396362 11
1718390518185 -0.04543781280517578 12
1718390518417 -0.10122165083885193 13
1718390518665 -0.08825796842575073 14
1718390518897 -0.1357344686985016 15
1718390519136 -0.06283494830131531 16
1718390519385 -0.11480742692947388 17
1718390519625 -0.12380769848823547 18
1718390519853 -0.09410446882247925 19
1718390520092 -0.11599002778530121 20
1718390520339 -0.09922116994857788 21
1718390520576 -0.1076170802116394 22
1718390520805 -0.09656569361686707 23
1718390521035 -0.1163209080696106 24
1718390521284 -0.07487913966178894 25
1718390521518 -0.10687775909900665 26
1718390521760 -0.1448524296283722 27
1718390521994 -0.12388753890991211 28
1718390522252 -0.10759925842285156 29
1718390522582 -0.10046382248401642 30
1718390522901 -0.12847137451171875 31
1718390523236 -0.11103415489196777 32
1718390523551 -0.2362922579050064 33
1718390523870 -0.02699097990989685 34
1718390524200 -0.11275863647460938 35
1718390524486 -0.14653019607067108 36
1718390524768 -0.2132624387741089 37
1718390525058 -0.08806595206260681 38
1718390525558 -0.07565894722938538 39
1718390525835 -0.10881650447845459 40
1718390526115 -0.145091250538826 41
1718390526407 -0.0970849096775055 42
1718390526878 -0.17408722639083862 43
1718390527107 -0.11490949988365173 44
1718390527390 -0.0885905921459198 45
1718390527667 -0.09989550709724426 46
1718390527949 -0.12356273829936981 47
1718390528330 -0.12273666262626648 48
1718390528622 -0.13375307619571686 49
