1718502034753 -0.0642121293729403 0
1718502035220 -0.07051115726381063 1
1718502035660 0.0448213623027609 2
1718502036121 0.011932565708353327 3
1718502036571 -0.001245300777833691 4
1718502037005 0.002023549995036955 5
1718502037506 -0.0015233393871421086 6
1718502037939 -0.025395666710053888 7
1718502038373 0.038288822077741536 8
1718502038806 -0.005697190962254961 9
1718502039240 -0.007495466306153276 10
1718502039657 0.01419339256254526 11
1718502040090 0.11502209857658086 12
1718502040507 0.026820363420428706 13
1718502041008 0.0878125212409282 14
1718502041441 -0.07550663418240022 15
1718502041875 0.16421183351715785 16
1718502042325 0.00803363885140973 17
1718502042776 -0.050530891426484814 18
1718502043243 0.007844815350542156 19
1718502043660 0.07226526817488743 20
1718502044127 0.038148395541540925 21
1718502044577 0.06625100297959952 22
1718502045061 -0.3747691401728881 23
1718502045545 0.04759780284932935 24
1718502046062 0.18052305396558488 25
1718502046545 0.002828935180047676 26
1718502047046 -0.04027791215915899 27
1718502047546 -0.08391681785133942 28
1718502047980 -0.047940380645520975 29
1718502048430 0.017976617170905484 30
1718502048864 -0.1422418123142486 31
1718502049314 0.040256135792844816 32
1718502049764 -0.019827316907118586 33
1718502050215 0.02078545735741333 34
1718502050648 0.015581243367307263 35
1718502051099 -1.5468468603863057 36
1718502051599 -0.7950244913197526 37
1718502052033 0.05734329512625047 38
1718502052483 -0.26345006584719766 39
1718502052917 0.028801716939367505 40
1718502053350 -0.047306904889116375 41
1718502053784 -0.10276222469830776 42
1718502054251 -0.061022898564836225 43
1718502054668 0.004650392114915469 44
1718502055118 0.15574665302379387 45
1718502055602 0.0068893661402693596 46
1718502056036 0.07246026567337083 47
1718502056469 0.12761292453566764 48
1718502056903 -0.26280006334837847 49
