1718543882896 0.1605351170568562 0
1718543887959 0.1605351170568562 1
1718543892958 0.1605351170568562 2
1718543897896 0.1605351170568562 3
1718543902239 0.1605351170568562 4
1718543906555 0.1605351170568562 5
1718543910904 0.1605351170568562 6
1718543915154 0.1605351170568562 7
1718543919419 0.1605351170568562 8
1718543923772 0.1605351170568562 9
1718543928066 0.1605351170568562 10
1718543932334 0.1605351170568562 11
1718543936666 0.1605351170568562 12
1718543940915 0.1605351170568562 13
1718543945645 0.1605351170568562 14
1718543950447 0.1605351170568562 15
1718543955179 0.1605351170568562 16
1718543959861 0.1605351170568562 17
1718543964294 0.1605351170568562 18
1718543968476 0.1605351170568562 19
1718543972846 0.1605351170568562 20
1718543977158 0.1605351170568562 21
1718543981408 0.1605351170568562 22
1718543985706 0.1605351170568562 23
1718543989876 0.1605351170568562 24
1718543994221 0.1605351170568562 25
1718543998489 0.1605351170568562 26
1718544002986 0.1605351170568562 27
1718544007726 0.1605351170568562 28
1718544012434 0.1605351170568562 29
1718544017234 0.1605351170568562 30
1718544021666 0.1605351170568562 31
1718544025965 0.1605351170568562 32
1718544030164 0.1605351170568562 33
1718544034480 0.1605351170568562 34
1718544038745 0.1605351170568562 35
1718544042948 0.1605351170568562 36
1718544047178 0.1605351170568562 37
1718544051614 0.1605351170568562 38
1718544055762 0.1605351170568562 39
1718544059975 0.1605351170568562 40
1718544064724 0.1605351170568562 41
1718544069440 0.1605351170568562 42
1718544074206 0.1605351170568562 43
1718544078937 0.1605351170568562 44
1718544083220 0.1605351170568562 45
1718544087520 0.1605351170568562 46
1718544091819 0.1605351170568562 47
1718544096185 0.1605351170568562 48
1718544100534 0.1605351170568562 49
