1718408534096 0.11641791044776119 0
1718408534354 0.11343283582089553 1
1718408534597 0.18955223880597014 2
1718408534879 0.25223880597014925 3
1718408535152 0.15074626865671642 4
1718408535379 0.11641791044776119 5
1718408535613 0.14328358208955225 6
1718408535862 0.19552238805970149 7
1718408536146 0.20298507462686566 8
1718408536395 0.11343283582089553 9
1718408536629 0.11641791044776119 10
1718408536879 0.2044776119402985 11
1718408537128 0.22238805970149253 12
1718408537382 0.208955223880597 13
1718408537628 0.09402985074626866 14
1718408537878 0.11641791044776119 15
1718408538112 0.21343283582089553 16
1718408538395 0.11641791044776119 17
1718408538678 0.24328358208955222 18
1718408538928 0.09402985074626866 19
1718408539161 0.1701492537313433 20
1718408539395 0.11641791044776119 21
1718408539643 0.23880597014925373 22
1718408539895 0.21492537313432836 23
1718408540162 0.11641791044776119 24
1718408540395 0.11044776119402985 25
1718408540645 0.12985074626865672 26
1718408540878 0.13880597014925372 27
1718408541128 0.27313432835820894 28
1718408541495 0.09850746268656717 29
1718408541711 0.1044776119402985 30
1718408541944 0.11940298507462686 31
1718408542161 0.11044776119402985 32
1718408542394 0.11044776119402985 33
1718408542844 0.11044776119402985 34
1718408543043 0.20597014925373133 35
1718408543244 0.22238805970149253 36
1718408543463 0.19850746268656716 37
1718408543681 0.11044776119402985 38
1718408543896 0.11641791044776119 39
1718408544094 0.21492537313432836 40
1718408544311 0.11641791044776119 41
1718408544526 0.10597014925373134 42
1718408544728 0.1253731343283582 43
1718408544944 0.2208955223880597 44
1718408545144 0.19850746268656716 45
1718408545360 0.11641791044776119 46
1718408545577 0.11343283582089553 47
1718408545777 0.1880597014925373 48
1718408545994 0.10895522388059702 49
