1718358430486 3.877279043197632 0
1718358433190 8.147178649902344 1
1718358435506 6.414309978485107 2
1718358438106 7.523679733276367 3
1718358440482 7.042457580566406 4
1718358442766 6.536757946014404 5
1718358445340 5.540119647979736 6
1718358447798 4.026188850402832 7
1718358450335 3.603864908218384 8
1718358452642 3.603670120239258 9
1718358455178 3.2704176902770996 10
1718358457596 3.2704176902770996 11
1718358459994 3.2704176902770996 12
1718358462581 3.6062495708465576 13
1718358464923 4.007906913757324 14
1718358467462 3.6062498092651367 15
1718358469834 3.606250286102295 16
1718358472447 3.606229543685913 17
1718358474830 8.847101211547852 18
1718358477359 9.007523536682129 19
1718358479739 4.007906913757324 20
1718358482115 4.007907390594482 21
1718358484972 2.6900854110717773 22
1718358487362 2.4063780307769775 23
1718358489838 2.9985625743865967 24
1718358492127 3.2704176902770996 25
1718358494551 2.973151683807373 26
1718358496771 2.4980311393737793 27
1718358498993 8.042471885681152 28
1718358501400 8.042802810668945 29
1718358503790 8.042801856994629 30
1718358506280 8.042801856994629 31
1718358508555 8.042802810668945 32
1718358511010 6.532115459442139 33
1718358513392 6.532094955444336 34
1718358515591 4.487645626068115 35
1718358518125 4.487645149230957 36
1718358520396 2.973151683807373 37
1718358522897 2.973151683807373 38
1718358525141 2.6900854110717773 39
1718358527591 2.6900854110717773 40
1718358529824 2.6900854110717773 41
1718358532030 2.6900854110717773 42
1718358534589 2.6900861263275146 43
1718358536939 5.530993461608887 44
1718358539477 3.379547595977783 45
1718358541632 3.2086102962493896 46
1718358544354 4.905757427215576 47
1718358546810 7.459957599639893 48
1718358549135 8.042803764343262 49
