1718427791091 0.19650067294751009 0
1718427791373 0.17880898900788872 1
1718427791677 0.19650067294751009 2
1718427791958 0.2037533512064343 3
1718427792210 0.05964643424005254 4
1718427792689 0.2037533512064343 5
1718427792906 0.2085561497326203 6
1718427793177 0.2037533512064343 7
1718427793439 0.2085561497326203 8
1718427794006 0.21703197987782966 9
1718427794272 0.12077131255443269 10
1718427794560 0.19650067294751009 11
1718427794820 0.09422991822991823 12
1718427795092 0.19650067294751009 13
1718427795355 0.2085561497326203 14
1718427795605 0.19650067294751009 15
1718427795905 0.2085561497326203 16
1718427796188 0.10389736990895089 17
1718427796472 0.2085561497326203 18
1718427796738 0.19650067294751009 19
1718427796971 0.3029423738577859 20
1718427797222 0.11171912299386684 21
1718427797488 0.19650067294751009 22
1718427797767 0.2221488044732597 23
1718427798038 0.08814529389975674 24
1718427798288 0.2037533512064343 25
1718427798558 0.18181818181818182 26
1718427798821 0.2037533512064343 27
1718427799105 0.08476060724017127 28
1718427799374 0.2037533512064343 29
1718427799638 0.28007964575470295 30
1718427799888 0.4688365574750807 31
1718427800162 0.2992625517729064 32
1718427800421 0.28640868369130135 33
1718427800707 0.17189631650750342 34
1718427800974 0.2085561497326203 35
1718427801237 0.17460862501846108 36
1718427801504 0.11204220980757294 37
1718427801787 0.10214584870760296 38
1718427802057 0.24801732872165738 39
1718427802354 0.2085561497326203 40
1718427802637 0.17072770919393826 41
1718427802902 0.17189631650750342 42
1718427803187 0.238996410667878 43
1718427803437 0.09508209031378581 44
1718427803737 0.11239400713084925 45
1718427803970 0.17189631650750342 46
1718427804220 0.2085561497326203 47
1718427804453 0.17189631650750342 48
1718427804720 0.5548217299941438 49
