1718383637603 2.3896470069885254 0
1718383637908 2.3800699710845947 1
1718383638231 2.380070209503174 2
1718383638588 2.380070209503174 3
1718383638905 2.380070209503174 4
1718383639226 2.380070209503174 5
1718383639539 2.380070209503174 6
1718383639840 2.380070209503174 7
1718383640145 2.3800699710845947 8
1718383640465 2.3800699710845947 9
1718383640769 2.380070209503174 10
1718383641077 2.380070209503174 11
1718383641400 2.380070209503174 12
1718383641721 2.380070209503174 13
1718383642047 2.380070209503174 14
1718383642410 2.380070209503174 15
1718383642718 2.380070209503174 16
1718383643036 2.380070209503174 17
1718383643374 2.380070209503174 18
1718383643680 2.380070209503174 19
1718383643993 2.380070209503174 20
1718383644320 2.380070209503174 21
1718383644638 2.380070209503174 22
1718383644991 2.380070209503174 23
1718383645331 2.380070209503174 24
1718383645653 2.380070209503174 25
1718383646059 2.380070209503174 26
1718383646387 2.3800699710845947 27
1718383646722 2.380070209503174 28
1718383647052 2.380070209503174 29
1718383647403 2.380070209503174 30
1718383647717 2.380070209503174 31
1718383648036 2.3800699710845947 32
1718383648365 2.380070209503174 33
1718383648688 2.380070209503174 34
1718383649011 2.380070209503174 35
1718383649345 2.380070209503174 36
1718383649662 2.380070209503174 37
1718383649979 2.380070209503174 38
1718383650309 2.380070209503174 39
1718383650635 2.380070209503174 40
1718383650955 2.3800699710845947 41
1718383651284 2.380070209503174 42
1718383651609 2.380070209503174 43
1718383651934 2.380070209503174 44
1718383652267 2.380070209503174 45
1718383652578 2.380070209503174 46
1718383652881 2.380070209503174 47
1718383653196 2.380070209503174 48
1718383653512 2.3800699710845947 49
