1718429681186 0.0 0
1718429685250 0.0 1
1718429689266 0.0 2
1718429693248 0.0 3
1718429697231 0.0 4
1718429701580 0.0 5
1718429706596 0.0 6
1718429711699 0.0 7
1718429716894 0.0 8
1718429721783 0.0 9
1718429726045 0.0 10
1718429730190 0.0 11
1718429734440 0.0 12
1718429738610 0.0 13
1718429742605 0.0 14
1718429746604 0.0 15
1718429750605 0.0 16
1718429754643 0.0 17
1718429758635 0.0 18
1718429762868 0.0 19
1718429767733 0.0 20
1718429772533 0.0 21
1718429777382 0.0 22
1718429782214 0.0 23
1718429786367 0.0 24
1718429790390 0.0 25
1718429794378 0.0 26
1718429798361 0.0 27
1718429802443 0.0 28
1718429806429 0.0 29
1718429810442 0.0 30
1718429814541 0.0 31
1718429818540 0.0 32
1718429822770 0.0 33
1718429827372 0.0 34
1718429831938 0.0 35
1718429836670 0.0 36
1718429841569 0.0 37
1718429845818 0.0 38
1718429849819 0.0 39
1718429853816 0.0 40
1718429857883 0.0 41
1718429861932 0.0 42
1718429865931 0.0 43
1718429869947 0.0 44
1718429874150 0.0 45
1718429878745 0.0 46
1718429882961 0.0 47
1718429887593 0.0 48
1718429892179 0.0 49
