1718518309611 1.0 0
1718518313979 1.0 1
1718518318375 1.0 2
1718518323124 1.0 3
1718518327909 1.0 4
1718518332826 1.0 5
1718518337588 1.0 6
1718518342020 1.0 7
1718518346402 1.0 8
1718518350685 1.0 9
1718518355065 1.0 10
1718518359600 1.0 11
1718518364016 1.0 12
1718518368398 1.0 13
1718518372704 1.0 14
1718518377033 1.0 15
1718518381384 1.0 16
1718518386295 1.0 17
1718518391360 1.0 18
1718518396226 1.0 19
1718518400625 1.0 20
1718518405011 1.0 21
1718518409523 1.0 22
1718518413856 1.0 23
1718518418222 1.0 24
1718518422574 1.0 25
1718518427087 1.0 26
1718518431451 1.0 27
1718518435872 1.0 28
1718518440238 1.0 29
1718518445166 1.0 30
1718518450182 1.0 31
1718518455134 1.0 32
1718518459747 1.0 33
1718518464279 1.0 34
1718518468679 1.0 35
1718518473028 1.0 36
1718518477427 1.0 37
1718518481762 1.0 38
1718518486110 1.0 39
1718518490610 1.0 40
1718518495000 1.0 41
1718518499356 1.0 42
1718518504038 1.0 43
1718518509113 1.0 44
1718518514020 1.0 45
1718518518652 1.0 46
1718518522986 1.0 47
1718518527367 1.0 48
1718518531633 1.0 49
