1718555389329 0.19554534069849164 0
1718555389762 0.1676846196557468 1
1718555390195 0.09733096756880658 2
1718555390712 0.19573537452159653 3
1718555391178 0.1747787610619469 4
1718555391617 0.1605351170568562 5
1718555392028 0.14878866215111153 6
1718555392398 0.17880794701986755 7
1718555392833 0.10977609903647155 8
1718555393228 0.1676846196557468 9
1718555393578 0.19573537452159653 10
1718555393980 0.1747787610619469 11
1718555394393 0.25296453997698687 12
1718555394830 0.20929662273730562 13
1718555395261 0.12294671552510437 14
1718555395677 0.1947483588621444 15
1718555396126 0.10973661455473777 16
1718555396511 0.1676846196557468 17
1718555396927 0.08281003584229392 18
1718555397377 0.11918504224957596 19
1718555397778 0.10120846712728454 20
1718555398227 0.0885021593875482 21
1718555398619 0.28194012871855273 22
1718555399013 0.19573537452159653 23
1718555399393 0.10381851804116085 24
1718555399743 0.09035295599663028 25
1718555400293 0.1605351170568562 26
1718555400660 0.10369456752608719 27
1718555401076 0.1676846196557468 28
1718555401493 0.07794595670531239 29
1718555401876 0.19573537452159653 30
1718555402393 0.059408972592252335 31
1718555403026 0.08850767766689495 32
1718555403576 0.19100276520665097 33
1718555404126 0.19933369721187835 34
1718555404626 0.5172449872598429 35
1718555405127 0.15483038093291512 36
1718555405610 0.39465685446525933 37
1718555406092 0.1947483588621444 38
1718555406575 0.1747787610619469 39
1718555407075 0.10144532919628299 40
1718555407575 0.10935598198855427 41
1718555408075 0.10268768059629138 42
1718555408592 0.31607816849520737 43
1718555409075 0.20359281437125748 44
1718555409575 0.18681318681318682 45
1718555410075 0.1947483588621444 46
1718555410591 0.0828140316772628 47
1718555411110 0.16870144284128746 48
1718555411591 0.1301366374826186 49
