1718501774659 0.09151515151515152 0
1718501775109 0.17333333333333334 1
1718501775626 0.17212121212121212 2
1718501776110 0.19272727272727272 3
1718501776627 0.10848484848484849 4
1718501777130 0.1303030303030303 5
1718501777594 0.09151515151515152 6
1718501778028 0.10363636363636364 7
1718501778479 0.09212121212121212 8
1718501778929 0.14303030303030304 9
1718501779379 0.09151515151515152 10
1718501779846 0.03515151515151515 11
1718501780297 0.13393939393939394 12
1718501780747 0.10848484848484849 13
1718501781198 0.09151515151515152 14
1718501781631 0.09151515151515152 15
1718501782081 0.09151515151515152 16
1718501782598 0.09151515151515152 17
1718501783015 0.09151515151515152 18
1718501783516 0.09212121212121212 19
1718501784049 0.09151515151515152 20
1718501784541 0.09151515151515152 21
1718501785017 0.1387878787878788 22
1718501785500 0.09151515151515152 23
1718501785951 0.11878787878787879 24
1718501786401 0.09151515151515152 25
1718501786885 0.10909090909090909 26
1718501787352 0.17212121212121212 27
1718501787802 0.09151515151515152 28
1718501788236 0.11333333333333333 29
1718501788686 0.18848484848484848 30
1718501789120 0.09151515151515152 31
1718501789537 0.10848484848484849 32
1718501789970 0.09151515151515152 33
1718501790471 0.09212121212121212 34
1718501790988 0.10848484848484849 35
1718501791472 0.09151515151515152 36
1718501791989 0.19151515151515153 37
1718501792456 0.09151515151515152 38
1718501792906 0.09333333333333334 39
1718501793640 0.1096969696969697 40
1718501794023 0.09151515151515152 41
1718501794441 0.11575757575757575 42
1718501794891 0.09151515151515152 43
1718501795358 0.10787878787878788 44
1718501795791 0.09393939393939393 45
1718501796225 0.13757575757575757 46
1718501796659 0.09151515151515152 47
1718501797159 0.12787878787878787 48
1718501797643 0.09151515151515152 49
