1718426458235 0.3333333333333333 0
1718426458935 0.3333333333333333 1
1718426459605 0.0 2
1718426460267 0.3333333333333333 3
1718426460918 0.3333333333333333 4
1718426461584 0.3333333333333333 5
1718426462272 0.3333333333333333 6
1718426463222 0.36363636363636365 7
1718426464084 0.3333333333333333 8
1718426464984 0.3333333333333333 9
1718426465834 0.18181818181818182 10
1718426466721 0.3333333333333333 11
1718426467568 0.3333333333333333 12
1718426468487 0.3333333333333333 13
1718426469335 0.3333333333333333 14
1718426470199 0.3333333333333333 15
1718426471052 0.3333333333333333 16
1718426471912 0.3333333333333333 17
1718426472729 0.3333333333333333 18
1718426473499 0.3333333333333333 19
1718426474265 0.3333333333333333 20
1718426475048 0.3333333333333333 21
1718426475831 0.3333333333333333 22
1718426476629 0.3333333333333333 23
1718426477385 0.18181818181818182 24
1718426478164 0.3333333333333333 25
1718426478947 0.14545454545454545 26
1718426479750 0.36363636363636365 27
1718426480530 0.3333333333333333 28
1718426481280 0.3333333333333333 29
1718426482329 0.3333333333333333 30
1718426483313 0.3333333333333333 31
1718426484096 0.18181818181818182 32
1718426484885 0.3333333333333333 33
1718426485717 0.3333333333333333 34
1718426486583 0.3333333333333333 35
1718426487314 0.3333333333333333 36
1718426487966 0.3333333333333333 37
1718426488614 0.3333333333333333 38
1718426489252 0.3333333333333333 39
1718426489895 0.0 40
1718426490532 0.3333333333333333 41
1718426491182 0.0 42
1718426491833 0.3333333333333333 43
1718426492478 0.3333333333333333 44
1718426493113 0.4 45
1718426493761 0.5714285714285714 46
1718426494398 0.36363636363636365 47
1718426495044 0.3333333333333333 48
1718426495694 0.36363636363636365 49
