1718501939649 2.636205964618259 0
1718501940132 2.4430497928901955 1
1718501940666 2.414136352362456 2
1718501941167 2.337209538177208 3
1718501941667 2.369938338244403 4
1718501942167 2.3983172708087497 5
1718501942734 2.397353922879254 6
1718501943252 2.4373852014541626 7
1718501943769 2.3975745616135775 8
1718501944252 2.3536353685237743 9
1718501944736 2.437186188167996 10
1718501945235 3.3018822890740855 11
1718501945720 2.625429974661933 12
1718501946204 2.383489630840443 13
1718501946704 2.7465142055794045 14
1718501947188 2.567446611545704 15
1718501947672 2.4131789516519615 16
1718501948189 2.6012028985553317 17
1718501948655 2.376268179328353 18
1718501949139 2.3492239007243403 19
1718501949623 2.358816495648137 20
1718501950107 2.3561635591365673 21
1718501950607 2.5356347737488925 22
1718501951124 2.343977831028126 23
1718501951624 2.3591158478348344 24
1718501952108 2.343261158024823 25
1718501952592 2.394358476003011 26
1718501953159 2.3752925528420343 27
1718501953609 2.4254604401411832 28
1718501954043 2.4853618144989014 29
1718501954460 2.493557157339873 30
1718501954893 2.4170462246294373 31
1718501955377 2.3777685032950506 32
1718501955878 2.4486778886229903 33
1718501956360 2.3674015159960144 34
1718501956862 2.3395439518822565 35
1718501957362 2.459371566772461 36
1718501957796 2.5426669871365584 37
1718501958247 2.591754772044994 38
1718501958663 2.3448641962475247 39
1718501959097 2.401665449142456 40
1718501959530 2.807832850350274 41
1718501959964 2.48480897921103 42
1718501960414 2.617911285824246 43
1718501960865 2.3042517370647855 44
1718501961314 2.7716911103990345 45
1718501961749 2.8342112170325384 46
1718501962182 2.492200670418916 47
1718501962633 2.430647929509481 48
1718501963069 2.5736474240267717 49
