1717628979060 0.3732876712328767 0
1717628979645 0.2960122699386503 1
1717628980167 0.2938689217758985 2
1717628980716 0.37857142857142856 3
1717628981250 0.34249471458773784 4
1717628981799 0.399592252803262 5
1717628982365 0.5202952029520295 6
1717628982923 0.5545361875637105 7
1717628983489 0.3738074588031223 8
1717628984035 0.38620071684587814 9
1717628984582 0.3242424242424242 10
1717628985125 0.3560810810810811 11
1717628985681 0.4135135135135135 12
1717628986245 0.48484848484848486 13
1717628987015 0.46424242424242423 14
1717628987567 0.4290909090909091 15
1717628988142 0.40060606060606063 16
1717628988696 0.5018181818181818 17
1717628989265 0.4277027027027027 18
1717628989839 0.4909090909090909 19
1717628990398 0.5521212121212121 20
1717628990958 0.5515151515151515 21
1717628991514 0.5357575757575758 22
1717628992081 0.49664879356568364 23
1717628992614 0.5898838004101162 24
1717628993164 0.6563636363636364 25
1717628993724 0.6436363636363637 26
1717628994271 0.6527272727272727 27
1717628994812 0.6533333333333333 28
1717628995347 0.656969696969697 29
1717628996073 0.6854545454545454 30
1717628996613 0.7066666666666667 31
1717628997179 0.7127272727272728 32
1717628997692 0.6684848484848485 33
1717628998230 0.6442424242424243 34
1717628998731 0.6763636363636364 35
1717628999217 0.7484848484848485 36
1717628999694 0.6709090909090909 37
1717629000179 0.6915151515151515 38
1717629000652 0.5557575757575758 39
1717629001140 0.5781818181818181 40
1717629001624 0.7096969696969697 41
1717629002114 0.7327272727272728 42
1717629002829 0.7157575757575757 43
1717629003367 0.7593939393939394 44
1717629003913 0.7181818181818181 45
1717629004428 0.7381818181818182 46
1717629004978 0.7381818181818182 47
1717629005528 0.7642424242424243 48
1717629006077 0.7375757575757576 49
