1718386103763 0.0033130645751953125 0
1718386104060 0.003313302993774414 1
1718386104392 0.0033130645751953125 2
1718386104752 0.0033130645751953125 3
1718386105058 0.003313302993774414 4
1718386105369 0.003313302993774414 5
1718386105722 0.003313302993774414 6
1718386106122 0.003313302993774414 7
1718386106548 0.003313302993774414 8
1718386107008 0.003313302993774414 9
1718386107433 0.003313302993774414 10
1718386107758 0.003313302993774414 11
1718386108080 0.0033130645751953125 12
1718386108395 0.0033130645751953125 13
1718386108722 0.0033135414123535156 14
1718386109041 0.003313779830932617 15
1718386109354 -0.006237983703613281 16
1718386109746 0.32174360752105713 17
1718386110140 0.5025761127471924 18
1718386110497 0.15840578079223633 19
1718386110838 0.12791967391967773 20
1718386111170 0.056739091873168945 21
1718386111517 0.21732699871063232 22
1718386111837 0.12377667427062988 23
1718386112167 0.00499415397644043 24
1718386112509 0.08925342559814453 25
1718386112857 -0.16789770126342773 26
1718386113186 -3.206463098526001 27
1718386113518 0.36939573287963867 28
1718386113844 0.2692294120788574 29
1718386114183 0.2171645164489746 30
1718386114526 0.22059893608093262 31
1718386114849 0.21475505828857422 32
1718386115176 0.20709538459777832 33
1718386115506 0.19954848289489746 34
1718386115828 0.1925668716430664 35
1718386116147 0.18622088432312012 36
1718386116470 0.18048310279846191 37
1718386116807 0.17530417442321777 38
1718386117129 0.17062997817993164 39
1718386117448 0.16640663146972656 40
1718386117780 0.16258597373962402 41
1718386118097 0.1591200828552246 42
1718386118407 0.15596842765808105 43
1718386118735 0.15309357643127441 44
1718386119046 0.15046358108520508 45
1718386119360 0.14805054664611816 46
1718386119686 0.1458282470703125 47
1718386119992 0.1437695026397705 48
1718386120303 0.1418628692626953 49
