1718391409575 0.05555555555555555 0
1718391409960 0.05555555555555555 1
1718391410319 0.05555555555555555 2
1718391410680 0.7407407407407408 3
1718391411028 0.7407407407407408 4
1718391411384 0.4859943977591035 5
1718391411736 0.05555555555555555 6
1718391412075 0.05555555555555555 7
1718391412430 0.05555555555555555 8
1718391412768 0.05555555555555555 9
1718391413107 0.05555555555555555 10
1718391413457 0.05555555555555555 11
1718391413801 0.05555555555555555 12
1718391414143 0.05555555555555555 13
1718391414499 0.05555555555555555 14
1718391414837 0.05555555555555555 15
1718391415169 0.05555555555555555 16
1718391415536 0.05555555555555555 17
1718391415904 0.05555555555555555 18
1718391416249 0.05555555555555555 19
1718391416620 0.05555555555555555 20
1718391416968 0.05555555555555555 21
1718391417316 0.05555555555555555 22
1718391417690 0.05555555555555555 23
1718391418033 0.05555555555555555 24
1718391418388 0.05555555555555555 25
1718391418792 0.05555555555555555 26
1718391419143 0.05555555555555555 27
1718391419498 0.05555555555555555 28
1718391419840 0.05555555555555555 29
1718391420195 0.05555555555555555 30
1718391420552 0.05555555555555555 31
1718391420911 0.05555555555555555 32
1718391421254 0.05555555555555555 33
1718391421619 0.05555555555555555 34
1718391421963 0.43697478991596633 35
1718391422387 0.43697478991596633 36
1718391422843 0.43697478991596633 37
1718391423265 0.43697478991596633 38
1718391423737 0.43697478991596633 39
1718391424158 0.43697478991596633 40
1718391424571 0.43697478991596633 41
1718391424987 0.43697478991596633 42
1718391425385 0.43697478991596633 43
1718391425875 0.43697478991596633 44
1718391426296 0.43697478991596633 45
1718391426720 0.43697478991596633 46
1718391427138 0.43697478991596633 47
1718391427545 0.43697478991596633 48
1718391427956 0.43697478991596633 49
