1717609311528 2.3780198097229004 0
1717609311594 2.3780198097229004 0
1717609311882 2.1722171306610107 1
1717609311915 2.1722171306610107 1
1717609312228 2.12742018699646 2
1717609312272 2.12742018699646 2
1717609312594 2.1699085235595703 3
1717609312628 2.1699085235595703 3
1717609312927 2.3376591205596924 4
1717609312965 2.3376591205596924 4
1717609313261 2.316354990005493 5
1717609313301 2.316354990005493 5
1717609313615 2.241105318069458 6
1717609313644 2.241105318069458 6
1717609313949 2.1955738067626953 7
1717609313993 2.1955738067626953 7
1717609314294 1.7082669734954834 8
1717609314327 1.7082669734954834 8
1717609314642 1.5992995500564575 9
1717609314679 1.5992995500564575 9
1717609314960 1.5886958837509155 10
1717609314998 1.5886958837509155 10
1717609315294 2.135183811187744 11
1717609315344 2.135183811187744 11
1717609315660 1.8941779136657715 12
1717609315694 1.8941779136657715 12
1717609316160 1.5893094539642334 13
1717609316193 1.5893094539642334 13
1717609316498 1.3746346235275269 14
1717609316542 1.3746346235275269 14
1717609316843 1.4223711490631104 15
1717609316877 1.4223711490631104 15
1717609317177 1.4477382898330688 16
1717609317227 1.4477382898330688 16
1717609317543 1.1254024505615234 17
1717609317593 1.1254024505615234 17
1717609317910 1.1209865808486938 18
1717609317943 1.1209865808486938 18
1717609318243 1.3389360904693604 19
1717609318276 1.3389360904693604 19
