1718524772304 0.027046682256640864 0
1718524772658 -0.4625184066367871 1
1718524773004 -0.4376212286226675 2
1718524773366 0.24934123140392872 3
1718524773706 0.12814325274843164 4
1718524774054 0.43695423458561766 5
1718524774404 0.12922754070975584 6
1718524774752 0.14985300735993823 7
1718524775104 -0.25542942141041625 8
1718524775437 -0.696094866954919 9
1718524775804 0.13041778044267138 10
1718524776170 0.5300989223249033 11
1718524776520 0.10652877164609498 12
1718524776854 0.04866980783867092 13
1718524777224 -0.3215967976685725 14
1718524777703 0.40585389281764184 15
1718524778039 -0.005486874869375491 16
1718524778370 -0.39881456982005714 17
1718524778723 -0.11612066716858838 18
1718524779070 0.06418871157097072 19
1718524779403 0.13441402623147658 20
1718524779756 -0.04946869069879689 21
1718524780105 0.02579321283282665 22
1718524780420 -0.12116720820918214 23
1718524780770 0.35009367176980666 24
1718524781086 -0.13265493602463696 25
1718524781419 -0.37750851385521145 26
1718524781755 0.05854031533905957 27
1718524782119 -0.04355976798317629 28
1718524782469 0.10902194543318311 29
1718524782821 0.05261901653174217 30
1718524783169 -0.013759266246448743 31
1718524783519 0.008637616128632342 32
1718524783852 -0.0253384655172173 33
1718524784202 0.013625011299595702 34
1718524784552 -0.02399276603351952 35
1718524784885 0.013747208046190451 36
1718524785218 -0.018208796327764176 37
1718524785569 0.014855012749180663 38
1718524785902 -0.011364734534061505 39
1718524786221 0.02895962830745802 40
1718524786569 -0.00884491024595313 41
1718524786902 0.03193098848516307 42
1718524787284 -0.009860905733975578 43
1718524787651 0.03624545082901465 44
1718524788085 -0.011143586852333964 45
1718524788418 -0.2541052970019253 46
1718524788754 0.09132305058566015 47
1718524789101 0.017476587584524417 48
1718524789418 -0.04878883650808641 49
