1717606064309 0.6549520766773163 0
1717606064751 0.428842504743833 1
1717606065129 0.5909090909090909 2
1717606065512 0.4426751592356688 3
1717606065870 0.5123287671232877 4
1717606066233 0.9181818181818182 5
1717606066627 0.4993849938499385 6
1717606066990 0.92 7
1717606067390 0.39705882352941174 8
1717606067807 0.3893985728848114 9
1717606068183 0.3953307392996109 10
1717606068714 0.3903177004538578 11
1717606069084 0.5191304347826087 12
1717606069575 0.5664179104477612 13
1717606069983 0.48569218870843 14
1717606070357 0.39860748476936464 15
1717606070748 0.5531496062992126 16
1717606071133 0.3305870236869207 17
1717606071529 0.4637247569184742 18
1717606071939 0.4121212121212121 19
1717606072315 0.5475352112676056 20
1717606072701 0.4385150812064965 21
1717606073084 0.4490909090909091 22
1717606073650 0.6655540720961282 23
1717606074019 0.5228981544771019 24
1717606074404 0.600270087778528 25
1717606074788 0.5648484848484848 26
1717606075165 0.7696514012303486 27
1717606075577 0.6690909090909091 28
1717606075977 0.5987878787878788 29
1717606076362 0.6454545454545455 30
1717606076757 0.7012121212121212 31
1717606077128 0.6793939393939394 32
1717606077505 0.6751515151515152 33
1717606077864 0.5733333333333334 34
1717606078248 0.6309090909090909 35
1717606078781 0.5725860904794058 36
1717606079165 0.6478787878787878 37
1717606079558 0.7363636363636363 38
1717606079917 0.6975757575757576 39
1717606080298 0.7923898531375166 40
1717606080681 0.666060606060606 41
1717606081047 0.7963951935914553 42
1717606081430 0.7357575757575757 43
1717606081814 0.7896969696969697 44
1717606082180 0.7121212121212122 45
1717606082583 0.6484848484848484 46
1717606082947 0.6642424242424242 47
1717606083447 0.7890909090909091 48
1717606083830 0.7490909090909091 49
1717606084197 0.816969696969697 50
1717606084563 0.8254545454545454 51
1717606084933 0.8296969696969697 52
1717606085296 0.7975757575757576 53
1717606085684 0.7933333333333333 54
1717606086046 0.7878787878787878 55
1717606086463 0.8012121212121213 56
1717606086862 0.7606060606060606 57
1717606087246 0.7812121212121212 58
1717606087629 0.8024242424242424 59
1717606087980 0.8418181818181818 60
1717606088361 0.8212121212121212 61
1717606088729 0.8327272727272728 62
1717606089083 0.7624242424242424 63
1717606089462 0.8206060606060606 64
1717606089829 0.8115151515151515 65
1717606090195 0.8515151515151516 66
1717606090579 0.8084848484848485 67
1717606090945 0.8436363636363636 68
1717606091428 0.8254545454545454 69
1717606091818 0.8460606060606061 70
1717606092178 0.8496969696969697 71
1717606092546 0.8527272727272728 72
1717606092928 0.8218181818181818 73
1717606093311 0.806060606060606 74
1717606093695 0.7181818181818181 75
1717606094061 0.7630303030303031 76
1717606094446 0.7866666666666666 77
1717606094828 0.826060606060606 78
1717606095178 0.8424242424242424 79
1717606095551 0.8624242424242424 80
1717606095928 0.833939393939394 81
1717606096311 0.8606060606060606 82
1717606096682 0.8490909090909091 83
1717606097044 0.863030303030303 84
1717606097527 0.8569696969696969 85
1717606097911 0.8678787878787879 86
1717606098297 0.8696969696969697 87
1717606098662 0.8181818181818182 88
1717606099027 0.8454545454545455 89
1717606099411 0.823030303030303 90
1717606099782 0.8272727272727273 91
1717606100144 0.8648484848484849 92
1717606100510 0.8606060606060606 93
1717606100897 0.8727272727272727 94
1717606101262 0.8496969696969697 95
1717606101627 0.8551515151515151 96
1717606102010 0.8654545454545455 97
1717606102376 0.8618181818181818 98
1717606102876 0.8660606060606061 99
1717606103263 0.8715151515151515 100
1717606103623 0.8618181818181818 101
1717606104010 0.8606060606060606 102
1717606104364 0.8587878787878788 103
1717606104730 0.8727272727272727 104
1717606105107 0.8448484848484848 105
1717606105464 0.8515151515151516 106
1717606105826 0.8678787878787879 107
1717606106193 0.8703030303030304 108
1717606106564 0.8727272727272727 109
1717606107092 0.8690909090909091 110
1717606107465 0.8836363636363637 111
1717606107842 0.8296969696969697 112
1717606108208 0.8775757575757576 113
1717606108576 0.8787878787878788 114
1717606108942 0.8721212121212121 115
1717606109309 0.8703030303030304 116
1717606109692 0.8842424242424243 117
1717606110108 0.8696969696969697 118
1717606110491 0.8733333333333333 119
1717606110867 0.833939393939394 120
1717606111250 0.8787878787878788 121
1717606111608 0.8636363636363636 122
1717606112108 0.8818181818181818 123
1717606112486 0.8606060606060606 124
1717606112867 0.8775757575757576 125
1717606113244 0.8242424242424242 126
1717606113620 0.8315151515151515 127
1717606114068 0.8496969696969697 128
1717606114458 0.8515151515151516 129
1717606114840 0.8678787878787879 130
1717606115208 0.8412121212121212 131
1717606115574 0.883030303030303 132
1717606115940 0.8751515151515151 133
1717606116473 0.8793939393939394 134
1717606116840 0.8709090909090909 135
1717606117207 0.8666666666666667 136
1717606117574 0.86 137
1717606117973 0.8715151515151515 138
1717606118373 0.8812121212121212 139
1717606118756 0.8503030303030303 140
1717606119140 0.8715151515151515 141
1717606119506 0.8781818181818182 142
1717606119889 0.8557575757575757 143
1717606120272 0.8460606060606061 144
1717606120639 0.8696969696969697 145
1717606121021 0.8606060606060606 146
1717606121518 0.8757575757575757 147
1717606121889 0.8757575757575757 148
1717606122325 0.8745454545454545 149
1717606122689 0.8678787878787879 150
1717606123074 0.8618181818181818 151
1717606123422 0.8812121212121212 152
1717606123806 0.8763636363636363 153
1717606124189 0.8824242424242424 154
1717606124539 0.8793939393939394 155
1717606124922 0.8763636363636363 156
1717606125288 0.8757575757575757 157
1717606125789 0.889090909090909 158
1717606126171 0.883030303030303 159
1717606126538 0.88 160
1717606126921 0.88 161
1717606127288 0.8739393939393939 162
1717606127674 0.8654545454545455 163
1717606128055 0.8781818181818182 164
1717606128423 0.8781818181818182 165
1717606128788 0.8781818181818182 166
1717606129169 0.8866666666666667 167
1717606129521 0.8793939393939394 168
1717606129887 0.8909090909090909 169
1717606130270 0.8854545454545455 170
1717606130737 0.8884848484848484 171
1717606131121 0.8460606060606061 172
1717606131487 0.8751515151515151 173
1717606131857 0.8387878787878787 174
1717606132237 0.8703030303030304 175
1717606132620 0.8775757575757576 176
1717606132987 0.8806060606060606 177
1717606133353 0.88 178
1717606133718 0.8818181818181818 179
1717606134087 0.8763636363636363 180
1717606134453 0.8703030303030304 181
1717606134979 0.88 182
1717606135356 0.8721212121212121 183
1717606135720 0.8854545454545455 184
1717606136107 0.8709090909090909 185
1717606136480 0.8793939393939394 186
1717606136836 0.8818181818181818 187
1717606137219 0.8884848484848484 188
1717606137586 0.8921212121212121 189
1717606137959 0.889090909090909 190
1717606138320 0.8921212121212121 191
1717606138702 0.8903030303030303 192
1717606139080 0.8806060606060606 193
1717606139436 0.8860606060606061 194
1717606139919 0.8612121212121212 195
1717606140303 0.8624242424242424 196
1717606140688 0.8363636363636363 197
1717606141069 0.8436363636363636 198
1717606141435 0.8569696969696969 199
