1718511650893 0.12564867857293835 0
1718511651258 0.43820116229181977 1
1718511651646 0.40507129109210827 2
1718511651977 0.3977550284860193 3
1718511652311 0.4196979513849765 4
1718511652667 0.05523120017237665 5
1718511653011 0.05099427567687303 6
1718511653495 0.4637821630948228 7
1718511653845 0.2721724448101925 8
1718511654180 0.4804620819175672 9
1718511654512 0.3002539818998002 10
1718511654865 0.2936562757895896 11
1718511655179 0.37324106283803155 12
1718511655538 0.21666839395862367 13
1718511655883 0.3047403143979127 14
1718511656213 0.07443440963001013 15
1718511656547 0.3726102522712692 16
1718511656914 0.5605443175365885 17
1718511657249 0.03834985739328059 18
1718511657581 0.40143636159640483 19
1718511657915 0.4651447222737703 20
1718511658248 0.4692343146521044 21
1718511658598 0.23514369989874678 22
1718511658951 0.4271701204031925 23
1718511659286 0.0212785748954445 24
1718511659633 0.17118639205529373 25
1718511659983 0.44331581221713334 26
1718511660334 0.15858184404977896 27
1718511660683 0.29876445044461564 28
1718511661017 0.19899686709096534 29
1718511661351 0.11995359763063879 30
1718511661701 0.38950861884066185 31
1718511662038 0.21284407555728685 32
1718511662501 0.43219977359033634 33
1718511663085 0.03120844696066219 34
1718511663535 0.260678969684791 35
1718511663986 0.31478414734797944 36
1718511664403 0.10213250787651967 37
1718511664853 0.04490702841772892 38
1718511665304 0.20046222562891317 39
1718511665721 0.3274760255847431 40
1718511666137 0.3152411784647031 41
1718511666574 0.40035614004836234 42
1718511666988 0.4992395781104384 43
1718511667391 0.05888049690354118 44
1718511667822 0.08360231318238544 45
1718511668274 0.022797240334064824 46
1718511668675 0.28560118459405537 47
1718511669075 0.4801283374648428 48
1718511669507 0.16919338332632816 49
