1718384544076 0.11428571428571428 0
1718384544401 0.11428571428571428 1
1718384544711 0.11428571428571428 2
1718384545027 0.11428571428571428 3
1718384545353 0.11428571428571428 4
1718384545682 0.11428571428571428 5
1718384546027 0.11428571428571428 6
1718384546349 0.11428571428571428 7
1718384546670 0.11428571428571428 8
1718384546977 0.11428571428571428 9
1718384547288 0.11428571428571428 10
1718384547614 0.11428571428571428 11
1718384547920 0.11428571428571428 12
1718384548303 0.11428571428571428 13
1718384548615 0.11428571428571428 14
1718384548923 0.11428571428571428 15
1718384549239 0.11428571428571428 16
1718384549754 0.11428571428571428 17
1718384550117 0.11428571428571428 18
1718384550481 0.11428571428571428 19
1718384550806 0.11428571428571428 20
1718384551123 0.11428571428571428 21
1718384551448 0.11428571428571428 22
1718384551774 0.11428571428571428 23
1718384552118 0.14285714285714285 24
1718384552441 0.11428571428571428 25
1718384552779 0.11428571428571428 26
1718384553121 0.11428571428571428 27
1718384553455 0.11428571428571428 28
1718384553790 0.11428571428571428 29
1718384554110 0.11428571428571428 30
1718384554446 0.11428571428571428 31
1718384554783 0.11428571428571428 32
1718384555116 0.11428571428571428 33
1718384555443 0.11428571428571428 34
1718384555772 0.11428571428571428 35
1718384556103 0.11428571428571428 36
1718384556435 0.11428571428571428 37
1718384556812 0.11428571428571428 38
1718384557134 0.11428571428571428 39
1718384557460 0.11428571428571428 40
1718384557788 0.11428571428571428 41
1718384558109 0.11428571428571428 42
1718384558431 0.11428571428571428 43
1718384558777 0.11428571428571428 44
1718384559092 0.11428571428571428 45
1718384559412 0.11428571428571428 46
1718384559743 0.11428571428571428 47
1718384560055 0.11428571428571428 48
1718384560358 0.11428571428571428 49
