1718384543985 2.3610005378723145 0
1718384544299 2.3606507778167725 1
1718384544615 2.3604683876037598 2
1718384544933 2.360325574874878 3
1718384545254 2.3601951599121094 4
1718384545585 2.3600668907165527 5
1718384545922 2.3599371910095215 6
1718384546252 2.3598053455352783 7
1718384546579 2.359673023223877 8
1718384546883 2.359541654586792 9
1718384547196 2.35941219329834 10
1718384547517 2.3592867851257324 11
1718384547831 2.3591651916503906 12
1718384548139 2.3590497970581055 13
1718384548519 2.3589398860931396 14
1718384548828 2.3588356971740723 15
1718384549144 2.3587377071380615 16
1718384549532 2.3586461544036865 17
1718384550033 2.35856032371521 18
1718384550332 2.3584799766540527 19
1718384550705 2.358405590057373 20
1718384551031 2.364010810852051 21
1718384551350 2.351998805999756 22
1718384551680 2.358290910720825 23
1718384552021 2.2655832767486572 24
1718384552339 2.3147072792053223 25
1718384552683 2.29997181892395 26
1718384553019 2.2938473224639893 27
1718384553355 2.2905795574188232 28
1718384553692 2.2886252403259277 29
1718384554014 2.287405252456665 30
1718384554335 2.286703586578369 31
1718384554683 2.2863686084747314 32
1718384555014 2.286325693130493 33
1718384555344 2.286465883255005 34
1718384555679 2.286747694015503 35
1718384556004 2.2871296405792236 36
1718384556330 2.28757381439209 37
1718384556708 2.288046360015869 38
1718384557038 2.288520336151123 39
1718384557361 2.288973331451416 40
1718384557693 2.2893893718719482 41
1718384558013 2.289757013320923 42
1718384558331 2.290069580078125 43
1718384558681 2.2903225421905518 44
1718384558998 2.290515184402466 45
1718384559315 2.290649175643921 46
1718384559646 2.2907257080078125 47
1718384559963 2.2907493114471436 48
1718384560268 2.290724277496338 49
