1718329673542 0.14619883040935672 0
1718329673840 0.3782051282051282 1
1718329674176 0.4193333333333333 2
1718329674498 0.4029304029304029 3
1718329674792 0.4251336898395722 4
1718329675097 0.5473684210526316 5
1718329675391 0.28318740083445965 6
1718329675686 0.46515837104072394 7
1718329675982 0.27455877455877453 8
1718329676278 0.5721611721611721 9
1718329676563 0.30068027210884357 10
1718329676852 0.45688788335847164 11
1718329677151 0.27723855092276145 12
1718329677447 0.24216959511077157 13
1718329677737 0.39473684210526316 14
1718329678037 0.4590937657114128 15
1718329678329 0.2569090909090909 16
1718329678637 0.22 17
1718329678912 0.4268774703557312 18
1718329679238 0.17723796671165096 19
1718329679541 0.42125603864734307 20
1718329679830 0.4137039431157078 21
1718329680141 0.24022988505747125 22
1718329680436 0.26702317290552585 23
1718329680732 0.08148148148148149 24
1718329681032 0.5328571428571428 25
1718329681322 0.45694740042566134 26
1718329681618 0.2156862745098039 27
1718329681937 0.10966810966810966 28
1718329682280 0.1926977687626775 29
1718329682637 0.33053221288515405 30
1718329682982 0.4478545041204887 31
1718329683338 0.2478846153846154 32
1718329683656 0.6773109243697479 33
1718329683966 0.5912025518341308 34
1718329684281 0.24768518518518517 35
1718329684576 0.4566233766233766 36
1718329684873 0.17184265010351965 37
1718329685177 0.32956521739130434 38
1718329685472 0.3790476190476191 39
1718329685767 0.25983436853002073 40
1718329686073 0.2591285907075381 41
1718329686365 0.4771241830065359 42
1718329686664 0.5494505494505495 43
1718329686954 0.4110339788089148 44
1718329687261 0.2165158371040724 45
1718329687571 0.43917486022749175 46
1718329687869 0.2872549019607843 47
1718329688175 0.33209876543209876 48
1718329688471 0.3759503801520608 49
