1718407951309 2.1260762214660645 0
1718407951581 2.505286455154419 1
1718407951894 2.3815855979919434 2
1718407952227 2.3103301525115967 3
1718407952527 2.297391414642334 4
1718407952844 2.164036273956299 5
1718407953127 2.393768787384033 6
1718407953410 2.2920761108398438 7
1718407953709 2.2968428134918213 8
1718407953993 2.284367799758911 9
1718407954281 3.375880241394043 10
1718407954581 2.0704596042633057 11
1718407954893 2.2611050605773926 12
1718407955226 2.283982753753662 13
1718407955581 2.481184959411621 14
1718407955893 2.2492449283599854 15
1718407956195 2.592574119567871 16
1718407956481 2.2280051708221436 17
1718407956810 2.2438018321990967 18
1718407957093 2.289280652999878 19
1718407957393 2.3012073040008545 20
1718407957693 2.4523539543151855 21
1718407958093 2.234506130218506 22
1718407958426 2.1695683002471924 23
1718407958777 2.560563564300537 24
1718407959112 2.2558796405792236 25
1718407959459 2.2007381916046143 26
1718407959809 2.2043509483337402 27
1718407960142 2.162055730819702 28
1718407960509 2.343618869781494 29
1718407960842 2.3291869163513184 30
1718407961175 2.5911049842834473 31
1718407961492 2.251727819442749 32
1718407961861 2.3320298194885254 33
1718407962178 2.344587802886963 34
1718407962491 2.422390937805176 35
1718407962809 2.2407045364379883 36
1718407963108 2.379086971282959 37
1718407963423 2.127725124359131 38
1718407963742 2.2509231567382812 39
1718407964063 2.3307745456695557 40
1718407964378 2.1811535358428955 41
1718407964675 2.2858951091766357 42
1718407964991 2.2513415813446045 43
1718407965291 2.3542449474334717 44
1718407965591 2.2733521461486816 45
1718407965908 2.3305304050445557 46
1718407966208 2.4723432064056396 47
1718407966525 2.307971954345703 48
1718407966841 2.4764151573181152 49
