1718583411946 0.10242424242424242 0
1718583413198 0.10242424242424242 1
1718583414550 0.10242424242424242 2
1718583415830 0.10242424242424242 3
1718583417131 0.10242424242424242 4
1718583418480 0.10242424242424242 5
1718583419712 0.10242424242424242 6
1718583421197 0.10242424242424242 7
1718583422714 0.10242424242424242 8
1718583424380 0.10242424242424242 9
1718583425767 0.10242424242424242 10
1718583427164 0.10242424242424242 11
1718583467537 0.10242424242424242 12
1718583471035 0.10242424242424242 13
1718583472370 0.10242424242424242 14
1718583473670 0.061450537191881704 15
1718583475020 0.10242424242424242 16
1718583476501 0.10242424242424242 17
1718583477867 0.10242424242424242 18
1718583479185 0.10242424242424242 19
1718583487432 0.10242424242424242 20
1718583513264 0.10242424242424242 21
1718583514837 0.10242424242424242 22
1718583516343 0.10242424242424242 23
1718583517760 0.10242424242424242 24
1718583519055 0.10242424242424242 25
1718583520752 0.10242424242424242 26
1718583522219 0.10242424242424242 27
1718583523842 0.10242424242424242 28
1718583525307 0.10242424242424242 29
1718583526493 0.10242424242424242 30
1718583527624 0.10242424242424242 31
1718583528691 0.10242424242424242 32
1718583529791 0.10242424242424242 33
1718583530907 0.10242424242424242 34
1718583531940 0.05540231222842955 35
1718583532974 0.10242424242424242 36
1718583534127 0.10242424242424242 37
1718583535291 0.10242424242424242 38
1718583536524 0.10242424242424242 39
1718583537639 0.10242424242424242 40
1718583538822 0.10242424242424242 41
1718583540552 0.10242424242424242 42
1718583541995 0.10242424242424242 43
1718583543777 0.10242424242424242 44
1718583544985 0.10242424242424242 45
1718583546087 0.10242424242424242 46
1718583547304 0.10242424242424242 47
1718583549136 0.10242424242424242 48
1718583550492 0.10242424242424242 49
