1718389731137 0.9045954742220921 0
1718389731398 0.9072556100264463 1
1718389731646 0.9182611565152281 2
1718389731882 0.9159817626569766 3
1718389732132 0.9163676703125524 4
1718389732385 0.9133066629469367 5
1718389732625 0.8714564772174296 6
1718389732859 0.9034178929230855 7
1718389733093 0.889279492033688 8
1718389733341 0.9087544831823059 9
1718389733582 0.9061614447210427 10
1718389733819 0.8969902444071671 11
1718389734060 0.8869639551569752 12
1718389734327 0.875198151551351 13
1718389734562 0.8971130919797066 14
1718389734804 0.8964647821641495 15
1718389735057 0.8831865954521352 16
1718389735333 0.8905095044204089 17
1718389735564 0.9118199426569865 18
1718389735807 0.8942520714200032 19
1718389736054 0.8781908008286194 20
1718389736308 0.9017713470424599 21
1718389736551 0.8916604849446577 22
1718389736793 0.8482040981305452 23
1718389737038 0.8698943300461236 24
1718389737287 0.8706960013291901 25
1718389737524 0.8856291766276172 26
1718389737757 0.8864058958450871 27
1718389737998 0.8940735783022745 28
1718389738252 0.8981234290981608 29
1718389738509 0.8738039220571987 30
1718389738752 0.8856605242351996 31
1718389738996 0.8922354830679274 32
1718389739277 0.8707924778220895 33
1718389739584 0.9032720907271348 34
1718389739829 0.8949125238033212 35
1718389740266 0.9003782656603407 36
1718389740504 0.8864609395401907 37
1718389740745 0.8852106331932853 38
1718389740991 0.8898913266356543 39
1718389741243 0.8909134120502398 40
1718389741490 0.8798873945532546 41
1718389741746 0.8619103002486488 42
1718389741992 0.8917455926609922 43
1718389742265 0.8856739950464345 44
1718389742579 0.9040832780075088 45
1718389742917 0.8787479216757021 46
1718389743243 0.9009507883208333 47
1718389743631 0.8893008859185102 48
1718389744030 0.8946779946985418 49
