1718538812994 -2.4649897597052837 0
1718538813341 -24.40436448472919 1
1718538813674 -100.57713606863311 2
1718538814024 -201.58382392652106 3
1718538814377 -217.35314987645006 4
1718538814724 -432.70668630888963 5
1718538815074 -441.28528571851325 6
1718538815427 -905.789558179451 7
1718538815774 -904.9771802497635 8
1718538816107 -1885.485395951705 9
1718538816478 -1865.22304835464 10
1718538816810 -3914.313106652462 11
1718538817174 -3853.77528705019 12
1718538817574 -8115.754231770832 13
1718538817940 -7971.815962357956 14
1718538818291 -16816.425899621216 15
1718538818640 -16499.756451231064 16
1718538819005 -34834.42649147728 17
1718538819323 -34160.06758996213 18
1718538819676 -72147.39180871213 19
1718538820023 -70732.27746212122 20
1718538820373 -149417.9862689394 21
1718538820722 -146468.94081439392 22
1718538821056 -309435.49337121216 23
1718538821406 -303309.94507575757 24
1718538821856 -640812.2007575757 25
1718538822204 -628107.7178030303 26
1718538822556 -1327050.7840909092 27
1718538822904 -1300724.6590909092 28
1718538823239 -2748165.128787879 29
1718538823574 -2693627.4090909082 30
1718538823906 -5691113.469696969 31
1718538824272 -5578156.984848484 32
1718538824622 -11785593.727272727 33
1718538824972 -11551645.060606062 34
1718538825305 -24406504.66666667 35
1718538825639 -23922024.060606062 36
1718538825994 -50542795.27272728 37
1718538826322 -49539480.363636374 38
1718538826672 -104667799.75757575 39
1718538827005 -102590120.72727275 40
1718538827354 -216753983.030303 41
1718538827701 -212450962.42424238 42
1718538828038 -448870254.5454545 43
1718538828395 -439959544.24242425 44
1718538828737 -929554113.939394 45
1718538829055 -911100648.7272725 46
1718538829408 -1924989626.181818 47
1718538829741 -1886774923.636364 48
1718538830204 -3986412373.333334 49
