1718401082572 0.39174612927846675 0
1718401082861 0.27012685795912944 1
1718401083172 0.4933800844040532 2
1718401083456 0.45051931924255895 3
1718401083740 0.3246829722830305 4
1718401084022 0.19865796637562175 5
1718401084290 0.08330462492464043 6
1718401084540 0.0977188542927348 7
1718401084790 0.24025566714982188 8
1718401085040 0.3811393982050565 9
1718401085274 0.35021911764420455 10
1718401085507 0.43937148470140636 11
1718401085741 0.31169041976708706 12
1718401085974 0.19650067294751009 13
1718401086191 0.11099556674511522 14
1718401086441 0.5095182774927871 15
1718401086675 0.43968060022416644 16
1718401086925 0.36078951614776017 17
1718401087142 0.3556747005146631 18
1718401087375 0.17189631650750342 19
1718401087609 0.18492853162916045 20
1718401087859 0.2085561497326203 21
1718401088109 0.3878748317819343 22
1718401088342 0.2760366037619226 23
1718401088576 0.36073839902499033 24
1718401088810 0.24058145186352364 25
1718401089060 0.5314221058396779 26
1718401089310 0.30070582981324584 27
1718401089528 0.36755874166745 28
1718401090011 0.32485702991364995 29
1718401090244 0.3113846073188634 30
1718401090511 0.2037533512064343 31
1718401090761 0.2037533512064343 32
1718401090995 0.2085561497326203 33
1718401091244 0.2085561497326203 34
1718401091478 0.2653695390778608 35
1718401091729 0.46142381498344837 36
1718401091979 0.3257979860010069 37
1718401092212 0.31708160380558487 38
1718401092446 0.2085561497326203 39
1718401092696 0.27094968293243804 40
1718401092946 0.30504052773119494 41
1718401093183 0.10946445692370907 42
1718401093430 0.2349446021882931 43
1718401093680 0.3456226116302355 44
1718401093914 0.14054025810078868 45
1718401094147 0.19650067294751009 46
1718401094381 0.551851696707389 47
1718401094614 0.10919076078178 48
1718401094864 0.10889565061750493 49
