1718401082422 2.0963449478149414 0
1718401082689 2.142918586730957 1
1718401082989 2.0800421237945557 2
1718401083289 1.972933053970337 3
1718401083571 1.9137208461761475 4
1718401083856 2.0580239295959473 5
1718401084123 2.300294876098633 6
1718401084407 2.3074917793273926 7
1718401084657 2.2952845096588135 8
1718401084917 2.2939462661743164 9
1718401085157 2.258470296859741 10
1718401085390 2.20939302444458 11
1718401085624 2.159832000732422 12
1718401085841 2.1374995708465576 13
1718401086074 2.3288052082061768 14
1718401086308 2.2544050216674805 15
1718401086541 2.2078161239624023 16
1718401086775 2.1597695350646973 17
1718401087025 2.1258697509765625 18
1718401087258 2.121870994567871 19
1718401087475 2.3417842388153076 20
1718401087725 2.275117874145508 21
1718401087976 2.274733066558838 22
1718401088209 2.2354531288146973 23
1718401088459 2.2267985343933105 24
1718401088693 2.2144052982330322 25
1718401088927 2.185173988342285 26
1718401089177 2.1857411861419678 27
1718401089410 2.1307601928710938 28
1718401089895 2.112311363220215 29
1718401090111 2.1157941818237305 30
1718401090378 2.323282480239868 31
1718401090628 2.287360429763794 32
1718401090877 2.283935070037842 33
1718401091111 2.2917745113372803 34
1718401091345 2.2869393825531006 35
1718401091595 2.262457847595215 36
1718401091845 2.2073304653167725 37
1718401092095 2.1303153038024902 38
1718401092329 2.1823782920837402 39
1718401092562 2.3127970695495605 40
1718401092796 2.274001121520996 41
1718401093065 2.263904094696045 42
1718401093300 2.2615129947662354 43
1718401093547 2.220245361328125 44
1718401093780 2.1526429653167725 45
1718401094014 2.2045841217041016 46
1718401094264 2.321549892425537 47
1718401094497 2.2748000621795654 48
1718401094731 2.2774651050567627 49
