1718387744463 1.3228918313980103 0
1718387744696 1.572533130645752 1
1718387744943 1.7431212663650513 2
1718387745180 1.5000979900360107 3
1718387745411 1.1975877285003662 4
1718387745657 1.1303129196166992 5
1718387745890 1.218277096748352 6
1718387746121 1.5272732973098755 7
1718387746362 1.555363655090332 8
1718387746596 1.513826847076416 9
1718387746831 1.319988489151001 10
1718387747048 1.4467744827270508 11
1718387747282 1.206740379333496 12
1718387747509 1.1885699033737183 13
1718387747744 1.136021375656128 14
1718387747967 1.0781278610229492 15
1718387748203 1.110933542251587 16
1718387748462 1.3613381385803223 17
1718387748689 1.2162648439407349 18
1718387748919 1.3089500665664673 19
1718387749138 1.5692894458770752 20
1718387749373 1.2850351333618164 21
1718387749617 1.23093843460083 22
1718387750064 1.3223626613616943 23
1718387750302 1.6045234203338623 24
1718387750529 1.411500096321106 25
1718387750772 1.3959672451019287 26
1718387751006 1.303220510482788 27
1718387751246 1.163042664527893 28
1718387751493 1.0955510139465332 29
1718387751724 1.2107092142105103 30
1718387751963 1.3083162307739258 31
1718387752191 1.2759555578231812 32
1718387752422 1.2128815650939941 33
1718387752659 1.085666537284851 34
1718387752896 1.1398427486419678 35
1718387753131 1.1923961639404297 36
1718387753365 1.4481369256973267 37
1718387753593 1.3994832038879395 38
1718387753834 1.5284215211868286 39
1718387754067 1.6587445735931396 40
1718387754304 1.66446852684021 41
1718387754548 1.3836597204208374 42
1718387754788 1.2853941917419434 43
1718387755023 1.268592119216919 44
1718387755249 1.3245683908462524 45
1718387755480 1.422447681427002 46
1718387755719 1.1993770599365234 47
1718387755949 1.1838488578796387 48
1718387756183 1.2336734533309937 49
