1718453197689 0.2 0
1718453198039 0.15 1
1718453198439 0.1 2
1718453198822 0.2 3
1718453199172 0.15 4
1718453199558 0.25 5
1718453199922 0.15 6
1718453200272 0.1 7
1718453200642 0.05 8
1718453201007 0.05 9
1718453201392 0.0 10
1718453201754 0.05 11
1718453202105 0.1 12
1718453202471 0.05 13
1718453202864 0.05 14
1718453203225 0.2 15
1718453203622 0.0 16
1718453204073 0.05 17
1718453204467 0.2 18
1718453204862 0.3 19
1718453205286 0.05 20
1718453205722 0.0 21
1718453206108 0.0 22
1718453206504 0.2 23
1718453206904 0.05 24
1718453207288 0.0 25
1718453207673 0.05 26
1718453208090 0.0 27
1718453208538 0.05 28
1718453208939 0.1 29
1718453209335 0.05 30
1718453209703 0.25 31
1718453210103 0.0 32
1718453210491 0.1 33
1718453210870 0.1 34
1718453211253 0.25 35
1718453211657 0.3 36
1718453212045 0.15 37
1718453212420 0.2 38
1718453212791 0.0 39
1718453213171 0.15 40
1718453213586 0.05 41
1718453213952 0.2 42
1718453214323 0.25 43
1718453214702 0.05 44
1718453215069 0.1 45
1718453215452 0.0 46
1718453215818 0.1 47
1718453216192 0.05 48
1718453216572 0.25 49
