1718520634636 6.321409763708553 0
1718520639168 -1.2901502390035287 1
1718520643434 3.376533046062443 2
1718520647933 10.783538076485517 3
1718520652365 -10.537641673163815 4
1718520656784 -16.205365843972373 5
1718520661280 11.437515796508473 6
1718520666340 -16.474672723746725 7
1718520671378 8.880747231248066 8
1718520676194 12.837026604910733 9
1718520680660 -24.070719684701373 10
1718520684959 12.591760506054179 11
1718520689358 7.767783366419545 12
1718520693722 2.3163269314927692 13
1718520698056 9.4060486744766 14
1718520702505 -3.701670477841297 15
1718520707041 8.56543653638358 16
1718520711504 11.241025084902404 17
1718520715903 8.919077211254006 18
1718520720300 -16.003071905660562 19
1718520725354 -10.928824682730124 20
1718520730417 12.146532812544407 21
1718520735382 12.63183070381766 22
1718520739865 -19.132084816265873 23
1718520744216 -16.025340307936847 24
1718520748596 -31.316039587219258 25
1718520752979 -13.059200522302937 26
1718520757348 -9.194447810202938 27
1718520761777 -4.834998637816145 28
1718520766060 13.139485223600765 29
1718520770623 12.352752304912924 30
1718520775025 -27.268551726610465 31
1718520779324 3.7663540675543032 32
1718520783975 -33.70357671100824 33
1718520789122 -15.380474060873212 34
1718520794021 -12.829885760488914 35
1718520798620 14.107154884829265 36
1718520803069 -5.623680419134242 37
1718520807452 -17.785622100716186 38
1718520811801 3.987162627739705 39
1718520816181 2.241927377600586 40
1718520820866 9.722550305588873 41
1718520825381 7.016025089728904 42
1718520829767 -31.134528694218993 43
1718520834113 -12.530656012072608 44
1718520838462 -11.731490344182959 45
1718520843144 1.2530059567755902 46
1718520848310 -5.916279717472602 47
1718520853193 -0.5819905783998145 48
1718520857922 15.46071845103419 49
