1718571737606 2.572891124587445 0
1718571741637 -8.549082034844673 1
1718571745261 -8.035798625549115 2
1718571749138 2.3665942642823974 3
1718571752924 1.9838911564463837 4
1718571756912 1.720068378646566 5
1718571760578 1.6549999662239587 6
1718571764182 -7.654497186455497 7
1718571767906 2.027058964867697 8
1718571771614 1.246889048705488 9
1718571775242 1.8042344611695453 10
1718571778798 2.6308902001411854 11
1718571782594 1.3675106003124955 12
1718571787661 -6.489496029411216 13
1718571793019 2.1652274950702504 14
1718571797911 1.5593007532209424 15
1718571801751 -7.367753669999367 16
1718571805553 1.7307155367807519 17
1718571809193 2.1945180213661653 18
1718571812776 1.5318340225753877 19
1718571816359 1.7399475121320478 20
1718571819925 2.066129057684145 21
1718571823666 -7.58458944105202 22
1718571827309 -7.820459422321852 23
1718571830902 -7.868548466399109 24
1718571834495 2.3928835417545278 25
1718571838037 -8.93446393188093 26
1718571841828 -8.671705660257608 27
1718571846615 -7.42804116979688 28
1718571851559 -7.4432824253947265 29
1718571856486 1.5940056731236014 30
1718571860371 -8.268472432811961 31
1718571864021 1.5251446906383443 32
1718571867632 -7.390888217744601 33
1718571871231 2.5403674473663944 34
1718571874936 1.7960588909449227 35
1718571878502 1.347801485189211 36
1718571882014 -7.932862000118979 37
1718571886489 1.9997039196457318 38
1718571891621 -7.172623321090301 39
1718571896268 -7.5496433654982935 40
1718571900074 1.7390188527701915 41
1718571904645 -4.890020887836528 42
1718571909722 -8.260997107504636 43
1718571914658 -7.7306394665886256 44
1718571919031 1.701788606349632 45
1718571922675 1.9084030087755512 46
1718571926341 2.485076165246509 47
1718571930223 -7.543250845286171 48
1718571933816 1.9444124752105298 49
