1718533613964 0.10848484848484849 0
1718533614347 0.1 1
1718533614701 0.10909090909090909 2
1718533615047 0.09151515151515152 3
1718533615414 0.1206060606060606 4
1718533615800 0.09151515151515152 5
1718533616147 0.08727272727272728 6
1718533616480 0.09212121212121212 7
1718533616864 0.08727272727272728 8
1718533617231 0.09212121212121212 9
1718533617564 0.10787878787878788 10
1718533617943 0.09151515151515152 11
1718533618280 0.10848484848484849 12
1718533618642 0.09151515151515152 13
1718533619033 0.10848484848484849 14
1718533619380 0.12303030303030303 15
1718533619747 0.10848484848484849 16
1718533620139 0.09151515151515152 17
1718533620532 0.11333333333333333 18
1718533620913 0.10848484848484849 19
1718533621296 0.09212121212121212 20
1718533621663 0.09151515151515152 21
1718533622083 0.09575757575757576 22
1718533622596 0.09212121212121212 23
1718533623132 0.08727272727272728 24
1718533623636 0.09151515151515152 25
1718533624112 0.10848484848484849 26
1718533624579 0.09575757575757576 27
1718533625046 0.09151515151515152 28
1718533625515 0.09212121212121212 29
1718533625995 0.020606060606060607 30
1718533626445 0.07636363636363637 31
1718533627078 0.09090909090909091 32
1718533627512 0.10848484848484849 33
1718533627980 0.09151515151515152 34
1718533628441 0.10848484848484849 35
1718533628877 0.10848484848484849 36
1718533629361 0.15151515151515152 37
1718533629795 0.10848484848484849 38
1718533630245 0.17515151515151514 39
1718533630694 0.12303030303030303 40
1718533631264 0.07636363636363637 41
1718533631744 0.08727272727272728 42
1718533632262 0.10848484848484849 43
1718533632764 0.09212121212121212 44
1718533633294 0.09151515151515152 45
1718533633811 0.10666666666666667 46
1718533634263 0.10848484848484849 47
1718533634677 0.09212121212121212 48
1718533635131 0.10848484848484849 49
