1718548391106 0.08727272727272728 0
1718548396593 0.08727272727272728 1
1718548401519 0.08727272727272728 2
1718548406036 0.08727272727272728 3
1718548410536 0.08727272727272728 4
1718548415088 0.08727272727272728 5
1718548419534 0.08727272727272728 6
1718548424165 0.08727272727272728 7
1718548428653 0.08727272727272728 8
1718548433214 0.08727272727272728 9
1718548437797 0.08727272727272728 10
1718548442494 0.08727272727272728 11
1718548447745 0.08727272727272728 12
1718548452981 0.08727272727272728 13
1718548458363 0.08727272727272728 14
1718548463025 0.08727272727272728 15
1718548467523 0.08727272727272728 16
1718548472023 0.08727272727272728 17
1718548476475 0.08727272727272728 18
1718548481005 0.08727272727272728 19
1718548485591 0.08727272727272728 20
1718548490070 0.08727272727272728 21
1718548494636 0.08727272727272728 22
1718548499151 0.08727272727272728 23
1718548504162 0.08727272727272728 24
1718548509437 0.08727272727272728 25
1718548514691 0.08727272727272728 26
1718548520012 0.08727272727272728 27
1718548524796 0.08727272727272728 28
1718548529266 0.08727272727272728 29
1718548533795 0.08727272727272728 30
1718548538427 0.08727272727272728 31
1718548542944 0.08727272727272728 32
1718548547508 0.08727272727272728 33
1718548551904 0.08727272727272728 34
1718548556507 0.08727272727272728 35
1718548560939 0.08727272727272728 36
1718548566100 0.08727272727272728 37
1718548571454 0.08727272727272728 38
1718548576820 0.08727272727272728 39
1718548581789 0.08727272727272728 40
1718548586355 0.08727272727272728 41
1718548591005 0.08727272727272728 42
1718548595620 0.08727272727272728 43
1718548600206 0.08727272727272728 44
1718548605147 0.08727272727272728 45
1718548609683 0.08727272727272728 46
1718548614145 0.08727272727272728 47
1718548618632 0.08727272727272728 48
1718548623526 0.08727272727272728 49
