1718501002401 1.0 0
1718501003267 0.4196242171189979 1
1718501004169 1.0 2
1718501005019 1.0 3
1718501005853 1.0 4
1718501006787 0.49834983498349833 5
1718501007755 1.0 6
1718501008637 1.0 7
1718501009455 1.0 8
1718501010289 1.0 9
1718501011106 1.0 10
1718501011923 0.4735202492211838 11
1718501012757 1.0 12
1718501013609 1.0 13
1718501014447 0.5420560747663551 14
1718501015276 1.0 15
1718501016094 1.0 16
1718501016962 1.0 17
1718501017811 1.0 18
1718501018663 1.0 19
1718501019496 1.0 20
1718501020297 1.0 21
1718501021129 1.0 22
1718501022031 1.0 23
1718501022952 1.0 24
1718501023816 0.36137071651090347 25
1718501024666 1.0 26
1718501025484 1.0 27
1718501026316 1.0 28
1718501027118 1.0 29
1718501027935 1.0 30
1718501028770 1.0 31
1718501029587 1.0 32
1718501030421 1.0 33
1718501031222 1.0 34
1718501032038 1.0 35
1718501032856 1.0 36
1718501033690 1.0 37
1718501034490 1.0 38
1718501035324 1.0 39
1718501036125 1.0 40
1718501037042 1.0 41
1718501037926 1.0 42
1718501038794 1.0 43
1718501039611 1.0 44
1718501040495 0.4854368932038835 45
1718501041312 1.0 46
1718501042167 1.0 47
1718501043213 1.0 48
1718501044114 1.0 49
