1718584703976 0.10242424242424242 0
1718584705901 0.10242424242424242 1
1718584708045 0.10242424242424242 2
1718584709875 0.09575757575757576 3
1718584711129 0.10242424242424242 4
1718584712248 0.10242424242424242 5
1718584713639 0.10242424242424242 6
1718584714891 0.10242424242424242 7
1718584715987 0.10242424242424242 8
1718584716983 0.10242424242424242 9
1718584718171 0.10242424242424242 10
1718584719324 0.10242424242424242 11
1718584720232 0.10242424242424242 12
1718584721118 0.10242424242424242 13
1718584721980 0.10242424242424242 14
1718584723092 0.10242424242424242 15
1718584723999 0.10242424242424242 16
1718584724878 0.10242424242424242 17
1718584725782 0.052038750749306265 18
1718584726676 0.10242424242424242 19
1718584727542 0.10242424242424242 20
1718584728408 0.10242424242424242 21
1718584729287 0.10242424242424242 22
1718584730147 0.10242424242424242 23
1718584731050 0.10242424242424242 24
1718584731926 0.05396497750508915 25
1718584732783 0.10242424242424242 26
1718584733767 0.10242424242424242 27
1718584734739 0.10930372136381604 28
1718584735719 0.10242424242424242 29
1718584736755 0.10242424242424242 30
1718584737655 0.044181851454863925 31
1718584738573 0.10242424242424242 32
1718584739807 0.10242424242424242 33
1718584740729 0.10242424242424242 34
1718584741692 0.10242424242424242 35
1718584743474 0.10242424242424242 36
1718584745098 0.10242424242424242 37
1718584746663 0.10242424242424242 38
1718584747903 0.10242424242424242 39
1718584749153 0.10242424242424242 40
1718584750455 0.10242424242424242 41
1718584751771 0.051092017867269156 42
1718584753144 0.10242424242424242 43
1718584754516 0.10242424242424242 44
1718584756064 0.10242424242424242 45
1718584757356 0.10242424242424242 46
1718584758732 0.10242424242424242 47
1718584760140 0.05395699083178892 48
1718584761494 0.10242424242424242 49
