1718388680295 0.24268999695777893 0
1718388680511 0.2663811147212982 1
1718388680736 0.37792158126831055 2
1718388680994 0.2735142707824707 3
1718388681264 0.28576961159706116 4
1718388681509 0.43556633591651917 5
1718388681747 0.38729503750801086 6
1718388681994 0.3572691082954407 7
1718388682232 0.3003370761871338 8
1718388682473 0.4297262132167816 9
1718388682715 0.38370051980018616 10
1718388682961 0.27752748131752014 11
1718388683196 0.26867812871932983 12
1718388683426 0.25213223695755005 13
1718388683682 0.2498079538345337 14
1718388683913 0.27067258954048157 15
1718388684153 0.27688586711883545 16
1718388684390 0.2500782608985901 17
1718388684635 0.26510122418403625 18
1718388684861 0.26817384362220764 19
1718388685103 0.252282053232193 20
1718388685519 0.23773182928562164 21
1718388685740 0.2974150776863098 22
1718388685966 0.27244341373443604 23
1718388686204 0.2774941325187683 24
1718388686443 0.27508458495140076 25
1718388686678 0.2702426314353943 26
1718388686912 0.2877495586872101 27
1718388687144 0.240903839468956 28
1718388687379 0.2510502338409424 29
1718388687617 0.23677495121955872 30
1718388687851 0.28677618503570557 31
1718388688092 0.28417283296585083 32
1718388688334 0.2676239311695099 33
1718388688571 0.27274394035339355 34
1718388688806 0.24544347822666168 35
1718388689046 0.23652732372283936 36
1718388689285 0.24977196753025055 37
1718388689528 0.25887081027030945 38
1718388689754 0.2592121958732605 39
1718388689988 0.24561473727226257 40
1718388690234 0.23873892426490784 41
1718388690464 0.22765934467315674 42
1718388690703 0.25281861424446106 43
1718388690937 0.22415554523468018 44
1718388691185 0.2221469283103943 45
1718388691413 0.22910615801811218 46
1718388691647 0.3204609751701355 47
1718388691881 0.24511170387268066 48
1718388692135 0.2526525557041168 49
