1718416199371 0.09850746268656717 0
1718416199590 0.11194029850746269 1
1718416199874 0.11194029850746269 2
1718416200138 0.11194029850746269 3
1718416200371 0.1537313432835821 4
1718416200605 0.09850746268656717 5
1718416200837 0.11791044776119403 6
1718416201087 0.11791044776119403 7
1718416201354 0.11791044776119403 8
1718416201587 0.04626865671641791 9
1718416201820 0.11791044776119403 10
1718416202037 0.11791044776119403 11
1718416202345 0.21044776119402986 12
1718416202687 0.11791044776119403 13
1718416203003 0.11194029850746269 14
1718416203320 0.0955223880597015 15
1718416203637 0.11044776119402985 16
1718416203970 0.11791044776119403 17
1718416204286 0.09402985074626866 18
1718416204586 0.09850746268656717 19
1718416205102 0.11194029850746269 20
1718416205403 0.1 21
1718416205719 0.0955223880597015 22
1718416206053 0.11194029850746269 23
1718416206385 0.11044776119402985 24
1718416206703 0.11791044776119403 25
1718416207003 0.09850746268656717 26
1718416207286 0.0955223880597015 27
1718416207569 0.1 28
1718416207902 0.11194029850746269 29
1718416208186 0.11194029850746269 30
1718416208486 0.1044776119402985 31
1718416208752 0.11791044776119403 32
1718416209003 0.11791044776119403 33
1718416209272 0.11194029850746269 34
1718416209537 0.09402985074626866 35
1718416209802 0.11044776119402985 36
1718416210073 0.11791044776119403 37
1718416210319 0.11194029850746269 38
1718416210569 0.1 39
1718416210835 0.0955223880597015 40
1718416211102 0.11791044776119403 41
1718416211367 0.09850746268656717 42
1718416211618 0.11194029850746269 43
1718416211885 0.11044776119402985 44
1718416212152 0.1 45
1718416212402 0.1 46
1718416212668 0.1 47
1718416212968 0.11791044776119403 48
1718416213218 0.11791044776119403 49
