1718416199271 4.409636497497559 0
1718416199503 2.3785791397094727 1
1718416199774 2.304337739944458 2
1718416200038 2.302835464477539 3
1718416200271 2.3014581203460693 4
1718416200504 2.290900945663452 5
1718416200737 2.3527204990386963 6
1718416200972 2.3513288497924805 7
1718416201270 2.3016555309295654 8
1718416201487 2.3016576766967773 9
1718416201720 2.302483320236206 10
1718416201953 2.296435594558716 11
1718416202171 2.2912566661834717 12
1718416202520 2.2827837467193604 13
1718416202853 2.4088306427001953 14
1718416203188 3.3146398067474365 15
1718416203487 3.6497156620025635 16
1718416203819 4.721258640289307 17
1718416204153 5.220268726348877 18
1718416204453 5.610173225402832 19
1718416204969 5.741424083709717 20
1718416205269 6.851303577423096 21
1718416205586 4.656976222991943 22
1718416205903 4.540538787841797 23
1718416206236 5.3507304191589355 24
1718416206553 6.1940202713012695 25
1718416206870 6.885316371917725 26
1718416207169 7.310400485992432 27
1718416207436 6.281131267547607 28
1718416207769 2.3030219078063965 29
1718416208053 2.301642656326294 30
1718416208336 2.30125093460083 31
1718416208637 2.3010141849517822 32
1718416208902 2.2319283485412598 33
1718416209135 3.139296770095825 34
1718416209420 5.4343085289001465 35
1718416209687 4.7504987716674805 36
1718416209952 5.650301933288574 37
1718416210219 6.6090850830078125 38
1718416210469 6.502171039581299 39
1718416210735 7.042099475860596 40
1718416210985 4.867578983306885 41
1718416211252 5.9782867431640625 42
1718416211502 6.379460334777832 43
1718416211768 6.409229278564453 44
1718416212035 3.899336814880371 45
1718416212300 2.305028200149536 46
1718416212552 2.3031320571899414 47
1718416212852 2.302330255508423 48
1718416213101 2.3019652366638184 49
