1718337451895 2.725757598876953 0
1718337454600 4.012902736663818 1
1718337457305 4.764595031738281 2
1718337460057 5.177426815032959 3
1718337462906 5.507676124572754 4
1718337465588 4.422932147979736 5
1718337468314 5.009265422821045 6
1718337470908 6.377093315124512 7
1718337473704 3.6379730701446533 8
1718337476371 4.995852947235107 9
1718337479172 4.01290225982666 10
1718337481849 9.992670059204102 11
1718337484907 8.559314727783203 12
1718337487479 3.432281732559204 13
1718337490228 11.316841125488281 14
1718337492949 4.430769920349121 15
1718337495655 2.7312674522399902 16
1718337498355 2.7292375564575195 17
1718337501009 9.134261131286621 18
1718337503687 3.00313401222229 19
1718337506281 8.953377723693848 20
1718337508779 2.0097501277923584 21
1718337511440 3.8931941986083984 22
1718337513987 3.6128201484680176 23
1718337516688 2.9984042644500732 24
1718337519332 10.553926467895508 25
1718337522055 3.285787343978882 26
1718337524582 5.022914886474609 27
1718337527375 2.9986205101013184 28
1718337529932 2.170783042907715 29
1718337532687 3.2845892906188965 30
1718337535137 3.2984189987182617 31
1718337537844 2.5363733768463135 32
1718337540341 4.0129570960998535 33
1718337543140 4.012903690338135 34
1718337545824 4.587591171264648 35
1718337548564 6.235982418060303 36
1718337551138 9.924510955810547 37
1718337554046 6.887585639953613 38
1718337556530 3.2852041721343994 39
1718337559262 2.032285451889038 40
1718337561770 4.017739772796631 41
1718337564592 4.4857916831970215 42
1718337567147 2.5022430419921875 43
1718337569965 9.285123825073242 44
1718337572629 4.01011848449707 45
1718337575392 5.9551615715026855 46
1718337578024 2.8314967155456543 47
1718337580819 5.800934314727783 48
1718337583452 4.485898971557617 49
