1718404932593 0.0 0
1718404937679 0.0 1
1718404942601 0.0 2
1718404946787 0.0 3
1718404950996 0.0 4
1718404955199 0.0 5
1718404959413 0.0 6
1718404963633 0.0 7
1718404968008 0.0 8
1718404972311 0.0 9
1718404976560 0.0 10
1718404980846 0.0 11
1718404985721 0.0 12
1718404990804 0.0 13
1718404995824 0.0 14
1718405000945 0.0 15
1718405005364 0.0 16
1718405009634 0.0 17
1718405013904 0.0 18
1718405018142 0.0 19
1718405022460 0.0 20
1718405026730 0.0 21
1718405031018 0.0 22
1718405035403 0.0 23
1718405039673 0.0 24
1718405044293 0.0 25
1718405049347 0.0 26
1718405054470 0.0 27
1718405059622 0.0 28
1718405064158 0.0 29
1718405068612 0.0 30
1718405072798 0.0 31
1718405077034 0.0 32
1718405081304 0.0 33
1718405085557 0.0 34
1718405089794 0.0 35
1718405094031 0.0 36
1718405098250 0.0 37
1718405102607 0.0 38
1718405107574 0.0 39
1718405112694 0.0 40
1718405117798 0.0 41
1718405122435 0.0 42
1718405126655 0.0 43
1718405130893 0.0 44
1718405135095 0.0 45
1718405139348 0.0 46
1718405143568 0.0 47
1718405147787 0.0 48
1718405152024 0.0 49
