1718570157920 0.10242424242424242 0
1718570161150 0.10242424242424242 1
1718570165378 0.10242424242424242 2
1718570170058 0.10242424242424242 3
1718570175032 0.10242424242424242 4
1718570179008 0.10242424242424242 5
1718570182835 0.10242424242424242 6
1718570186203 0.10242424242424242 7
1718570189942 0.10242424242424242 8
1718570193745 0.10242424242424242 9
1718570197111 0.09151515151515152 10
1718570201419 0.10242424242424242 11
1718570206250 0.10242424242424242 12
1718570211356 0.10181818181818182 13
1718570215773 0.10242424242424242 14
1718570219717 0.10242424242424242 15
1718570224301 0.10242424242424242 16
1718570230963 0.10242424242424242 17
1718570236945 0.0696969696969697 18
1718570241364 0.10242424242424242 19
1718570244899 0.10242424242424242 20
1718570248525 0.10242424242424242 21
1718570252106 0.10242424242424242 22
1718570256635 0.10242424242424242 23
1718570261015 0.10242424242424242 24
1718570265142 0.10848484848484849 25
1718570269123 0.10242424242424242 26
1718570272714 0.10242424242424242 27
1718570276393 0.06 28
1718570280133 0.10242424242424242 29
1718570283868 0.10242424242424242 30
1718570288018 0.10242424242424242 31
1718570294666 0.10242424242424242 32
1718570299003 0.10242424242424242 33
1718570302272 0.10242424242424242 34
1718570305889 0.10242424242424242 35
1718570309354 0.10242424242424242 36
1718570312864 0.10242424242424242 37
1718570316290 0.10242424242424242 38
1718570319728 0.10242424242424242 39
1718570323662 0.10242424242424242 40
1718570327359 0.10242424242424242 41
1718570330890 0.0993939393939394 42
1718570334152 0.10242424242424242 43
1718570337390 0.10242424242424242 44
1718570341458 0.10242424242424242 45
1718570346493 0.10242424242424242 46
1718570351939 0.10242424242424242 47
1718570358188 0.10242424242424242 48
1718570362504 0.10242424242424242 49
