1718570158013 0.1858163826278175 0
1718570161240 0.1858163826278175 1
1718570165518 0.1858163826278175 2
1718570170221 0.1858163826278175 3
1718570175180 0.1858163826278175 4
1718570179098 0.1858163826278175 5
1718570182933 0.1858163826278175 6
1718570186287 0.1858163826278175 7
1718570190035 0.1858163826278175 8
1718570193827 0.1858163826278175 9
1718570197216 0.1676846196557468 10
1718570201510 0.1858163826278175 11
1718570206355 0.1858163826278175 12
1718570211468 0.09557037762619097 13
1718570215871 0.1858163826278175 14
1718570219813 0.1858163826278175 15
1718570224540 0.1858163826278175 16
1718570231130 0.1858163826278175 17
1718570237116 0.0988905173947049 18
1718570241455 0.1858163826278175 19
1718570244984 0.1858163826278175 20
1718570248627 0.1858163826278175 21
1718570252196 0.1858163826278175 22
1718570256740 0.1858163826278175 23
1718570261110 0.1858163826278175 24
1718570265249 0.19573537452159653 25
1718570269213 0.1858163826278175 26
1718570272809 0.1858163826278175 27
1718570276495 0.0688961861420671 28
1718570280230 0.1858163826278175 29
1718570283989 0.1858163826278175 30
1718570288268 0.1858163826278175 31
1718570294883 0.1858163826278175 32
1718570299100 0.1858163826278175 33
1718570302365 0.1858163826278175 34
1718570305979 0.1858163826278175 35
1718570309446 0.1858163826278175 36
1718570312952 0.1858163826278175 37
1718570316380 0.1858163826278175 38
1718570319841 0.1858163826278175 39
1718570323777 0.1858163826278175 40
1718570327446 0.1858163826278175 41
1718570330979 0.10205254440885266 42
1718570334242 0.1858163826278175 43
1718570337491 0.1858163826278175 44
1718570341556 0.1858163826278175 45
1718570346638 0.1858163826278175 46
1718570352082 0.1858163826278175 47
1718570358310 0.1858163826278175 48
1718570362606 0.1858163826278175 49
