1718570157816 4.118239298851057 0
1718570161046 4.243710820984966 1
1718570165192 4.160113235961425 2
1718570169883 4.087421904109013 3
1718570174850 4.217497743591284 4
1718570178906 4.1280031497859015 5
1718570182724 4.1149694292442645 6
1718570186096 4.1345226449996 7
1718570189837 4.369375247655504 8
1718570193648 4.105582347610856 9
1718570196990 4.066636542184604 10
1718570201306 4.204817802053014 11
1718570206135 4.1777897812765215 12
1718570211235 4.233030818219022 13
1718570215670 4.219402380426563 14
1718570219607 4.173220258141853 15
1718570224016 4.184835371650419 16
1718570230773 4.238104726566123 17
1718570236763 4.25888216956467 18
1718570241263 4.227271970274352 19
1718570244791 4.112961842943116 20
1718570248411 4.13559912997805 21
1718570252000 4.107124127090513 22
1718570256516 4.112566393470599 23
1718570260905 4.170244016875966 24
1718570265017 4.415167960484256 25
1718570269023 4.367376279021328 26
1718570272605 4.291984646071222 27
1718570276290 4.230426121309907 28
1718570280029 4.107455502411092 29
1718570283678 4.0451050671246 30
1718570287850 4.102994428825567 31
1718570294435 4.222346266045274 32
1718570298894 4.16628059068132 33
1718570302164 4.391686289378869 34
1718570305784 4.335986721678538 35
1718570309248 4.194258274122071 36
1718570312757 4.412505749473827 37
1718570316185 4.19551359393115 38
1718570319619 4.3613341455892165 39
1718570323545 4.230914800965016 40
1718570327259 4.334584109587808 41
1718570330783 4.153502883374762 42
1718570334048 4.113848636731329 43
1718570337276 4.269276686222696 44
1718570341352 4.3430749131664435 45
1718570346315 4.5160131403129435 46
1718570351749 4.430743214876007 47
1718570357989 4.456282461013987 48
1718570362376 4.442604890220395 49
