1718511670157 0.43529411764705883 0
1718511670557 0.33226837060702874 1
1718511670941 0.3246354566385265 2
1718511671361 0.2392894461859979 3
1718511671776 0.4132804757185332 4
1718511672177 0.5284552845528455 5
1718511672629 0.20073891625615764 6
1718511673043 0.3730255164034022 7
1718511673460 0.5862422997946611 8
1718511673848 0.6119402985074627 9
1718511674193 0.3014256619144603 10
1718511674597 0.40078585461689586 11
1718511674914 0.3638211382113821 12
1718511675411 0.3943217665615142 13
1718511675711 0.33954451345755693 14
1718511676061 0.4235897435897436 15
1718511676529 0.3688858695652174 16
1718511676862 0.23363774733637746 17
1718511677212 0.6004140786749482 18
1718511677546 0.5747368421052632 19
1718511677913 0.28417818740399386 20
1718511678263 0.45848822800495664 21
1718511678613 0.5062893081761006 22
1718511679047 0.402555910543131 23
1718511679397 0.516597510373444 24
1718511679748 0.4817204301075269 25
1718511680098 0.37344398340248963 26
1718511680431 0.27639751552795033 27
1718511680803 0.6970954356846473 28
1718511681184 0.6804979253112033 29
1718511681584 0.48757763975155277 30
1718511681949 1.0 31
1718511682316 1.0 32
1718511682685 1.0 33
1718511683017 1.0 34
1718511683370 1.0 35
1718511683716 0.6410788381742739 36
1718511684051 0.5393939393939394 37
1718511684368 0.49393939393939396 38
1718511684701 0.5272727272727272 39
1718511685052 0.7722772277227723 40
1718511685388 0.48787878787878786 41
1718511685719 0.4818181818181818 42
1718511686052 0.5272727272727272 43
1718511686381 0.18787878787878787 44
1718511686720 0.5363636363636364 45
1718511687053 0.5313531353135313 46
1718511687376 1.0 47
1718511687703 0.7593360995850622 48
1718511688040 0.516597510373444 49
