1718418220056 9.172133445739746 0
1718418222525 9.832876205444336 1
1718418225000 11.089125633239746 2
1718418227693 13.616528511047363 3
1718418230147 8.675127029418945 4
1718418232713 6.865296840667725 5
1718418235160 6.4873199462890625 6
1718418237562 8.761746406555176 7
1718418239843 6.964751720428467 8
1718418242147 14.205031394958496 9
1718418245234 4.972784519195557 10
1718418248634 5.84709358215332 11
1718418251517 7.791239261627197 12
1718418254399 12.182965278625488 13
1718418256650 4.412388801574707 14
1718418259066 11.472740173339844 15
1718418261364 20.76708221435547 16
1718418263614 9.677730560302734 17
1718418265913 5.864738464355469 18
1718418268197 21.131193161010742 19
1718418270646 8.042048454284668 20
1718418272913 3.7559850215911865 21
1718418275194 5.015432357788086 22
1718418277488 10.73064136505127 23
1718418279811 8.895319938659668 24
1718418282111 4.84893798828125 25
1718418284427 8.618696212768555 26
1718418286726 4.92963171005249 27
1718418289009 6.128540515899658 28
1718418291309 16.7500057220459 29
1718418293692 5.846970558166504 30
1718418296082 6.176971912384033 31
1718418298507 13.554473876953125 32
1718418300857 2.8628714084625244 33
1718418303577 7.945277690887451 34
1718418306748 11.001852035522461 35
1718418309696 9.199176788330078 36
1718418312662 2.920293092727661 37
1718418315354 15.111153602600098 38
1718418317737 5.691195964813232 39
1718418320103 10.605053901672363 40
1718418322420 12.502554893493652 41
1718418324697 13.704644203186035 42
1718418326968 6.971742153167725 43
1718418329251 4.854519367218018 44
1718418331584 6.0397114753723145 45
1718418333934 15.894257545471191 46
1718418336233 8.819785118103027 47
1718418338533 21.81928253173828 48
1718418340784 15.788525581359863 49
