1718445241259 nan 0
1718445241959 nan 1
1718445242803 nan 2
1718445243671 nan 3
1718445244471 nan 4
1718445245242 nan 5
1718445246021 nan 6
1718445246804 nan 7
1718445247608 nan 8
1718445248438 nan 9
1718445249253 nan 10
1718445250203 nan 11
1718445251043 nan 12
1718445251890 nan 13
1718445252723 nan 14
1718445253545 nan 15
1718445254353 nan 16
1718445255269 nan 17
1718445256106 nan 18
1718445256919 nan 19
1718445257635 nan 20
1718445258368 nan 21
1718445259134 nan 22
1718445259868 nan 23
1718445260618 nan 24
1718445261401 nan 25
1718445262184 nan 26
1718445262934 nan 27
1718445263705 nan 28
1718445264450 nan 29
1718445265184 nan 30
1718445265900 nan 31
1718445266504 nan 32
1718445267131 nan 33
1718445267766 nan 34
1718445268383 nan 35
1718445269053 nan 36
1718445269683 nan 37
1718445270299 nan 38
1718445270925 nan 39
1718445271529 nan 40
1718445272165 nan 41
1718445272823 nan 42
1718445273448 nan 43
1718445274082 nan 44
1718445274716 nan 45
1718445275324 nan 46
1718445275952 nan 47
1718445276565 nan 48
1718445277181 nan 49
