1718436655228 nan 0
1718436657350 nan 1
1718436659510 nan 2
1718436661643 nan 3
1718436664562 nan 4
1718436667659 nan 5
1718436670642 nan 6
1718436673341 nan 7
1718436676076 nan 8
1718436678173 nan 9
1718436680223 nan 10
1718436682339 nan 11
1718436684466 nan 12
1718436686525 nan 13
1718436688641 nan 14
1718436690688 nan 15
1718436692787 nan 16
1718436694875 nan 17
1718436696956 nan 18
1718436699119 nan 19
1718436701352 nan 20
1718436703485 nan 21
1718436705568 nan 22
1718436707668 nan 23
1718436709819 nan 24
1718436712000 nan 25
1718436714086 nan 26
1718436716202 nan 27
1718436718332 nan 28
1718436720449 nan 29
1718436722767 nan 30
1718436725733 nan 31
1718436728616 nan 32
1718436731380 nan 33
1718436734062 nan 34
1718436736598 nan 35
1718436738778 nan 36
1718436740844 nan 37
1718436742961 nan 38
1718436745013 nan 39
1718436747089 nan 40
1718436749295 nan 41
1718436751378 nan 42
1718436753495 nan 43
1718436755592 nan 44
1718436757691 nan 45
1718436759778 nan 46
1718436761860 nan 47
1718436764059 nan 48
1718436766206 nan 49
