1718436655061 nan 0
1718436657176 nan 1
1718436659344 nan 2
1718436661443 nan 3
1718436664290 nan 4
1718436667396 nan 5
1718436670392 nan 6
1718436673125 nan 7
1718436675874 nan 8
1718436677990 nan 9
1718436680040 nan 10
1718436682155 nan 11
1718436684289 nan 12
1718436686357 nan 13
1718436688471 nan 14
1718436690521 nan 15
1718436692604 nan 16
1718436694687 nan 17
1718436696777 nan 18
1718436698953 nan 19
1718436701136 nan 20
1718436703319 nan 21
1718436705387 nan 22
1718436707484 nan 23
1718436709634 nan 24
1718436711821 nan 25
1718436713900 nan 26
1718436716020 nan 27
1718436718099 nan 28
1718436720232 nan 29
1718436722498 nan 30
1718436725464 nan 31
1718436728364 nan 32
1718436731146 nan 33
1718436733829 nan 34
1718436736412 nan 35
1718436738578 nan 36
1718436740664 nan 37
1718436742776 nan 38
1718436744843 nan 39
1718436746911 nan 40
1718436749110 nan 41
1718436751209 nan 42
1718436753309 nan 43
1718436755408 nan 44
1718436757506 nan 45
1718436759582 nan 46
1718436761674 nan 47
1718436763873 nan 48
1718436766023 nan 49
