1718328960063 2.3473284244537354 0
1718328960378 2.1067211627960205 1
1718328960659 2.2545671463012695 2
1718328960949 2.2539267539978027 3
1718328961275 2.235342264175415 4
1718328961585 2.2400593757629395 5
1718328961881 2.245429754257202 6
1718328962170 2.335200786590576 7
1718328962581 2.410595178604126 8
1718328962913 2.4104926586151123 9
1718328963204 2.41058087348938 10
1718328963496 2.3239471912384033 11
1718328963775 2.1324334144592285 12
1718328964062 1.9506983757019043 13
1718328964366 1.8987157344818115 14
1718328964654 1.906302571296692 15
1718328964953 1.8959344625473022 16
1718328965245 1.9269100427627563 17
1718328965550 1.7731372117996216 18
1718328965846 1.9423731565475464 19
1718328966137 1.8910986185073853 20
1718328966423 1.472223162651062 21
1718328966728 1.539404034614563 22
1718328967053 1.9232336282730103 23
1718328967342 1.9281243085861206 24
1718328967634 2.1127607822418213 25
1718328967930 2.072819471359253 26
1718328968223 2.0575110912323 27
1718328968542 2.070310115814209 28
1718328968893 2.0680124759674072 29
1718328969233 2.2332823276519775 30
1718328969555 2.127763509750366 31
1718328969867 2.119858503341675 32
1718328970158 1.96136474609375 33
1718328970462 2.00602126121521 34
1718328970774 2.114183187484741 35
1718328971086 1.9202570915222168 36
1718328971462 2.0155646800994873 37
1718328971827 1.8809953927993774 38
1718328972132 1.9096760749816895 39
1718328972430 2.054955244064331 40
1718328972714 2.309394121170044 41
1718328973020 2.095660924911499 42
1718328973306 2.0570263862609863 43
1718328973597 2.0870864391326904 44
1718328973883 2.0389909744262695 45
1718328974175 2.0861165523529053 46
1718328974470 2.2279274463653564 47
1718328974755 2.0376060009002686 48
1718328975063 2.376814842224121 49
