1718378954758 2.2492835521698 0
1718378955413 2.2492833137512207 1
1718378956041 2.2492835521698 2
1718378956687 2.2492835521698 3
1718378957317 2.2581236362457275 4
1718378957947 2.2581238746643066 5
1718378958584 2.2391958236694336 6
1718378959206 2.447418451309204 7
1718378959846 1.8691116571426392 8
1718378960486 2.0135011672973633 9
1718378961127 2.2078697681427 10
1718378961782 2.2078769207000732 11
1718378962435 2.0845723152160645 12
1718378963090 2.0355286598205566 13
1718378963753 2.3736395835876465 14
1718378964399 2.238259792327881 15
1718378965052 2.2649569511413574 16
1718378965711 2.268920421600342 17
1718378966385 2.268920421600342 18
1718378967124 2.268921375274658 19
1718378967862 2.2581236362457275 20
1718378968588 2.2492833137512207 21
1718378969316 2.0643858909606934 22
1718378970015 2.390495777130127 23
1718378970676 2.189160108566284 24
1718378971310 2.0585715770721436 25
1718378971945 2.211799144744873 26
1718378972577 2.161867141723633 27
1718378973202 2.074157238006592 28
1718378973837 2.2693161964416504 29
1718378974452 2.2693161964416504 30
1718378975083 2.2693161964416504 31
1718378975704 2.2693161964416504 32
1718378976329 2.2649569511413574 33
1718378976953 2.264958381652832 34
1718378977610 2.2177536487579346 35
1718378978320 2.2074904441833496 36
1718378978950 1.9746646881103516 37
1718378979601 2.228471040725708 38
1718378980316 2.228471040725708 39
1718378981065 2.228471040725708 40
1718378981703 2.228471040725708 41
1718378982329 2.228468894958496 42
1718378982977 2.2177562713623047 43
1718378983621 2.2283835411071777 44
1718378984249 2.269721031188965 45
1718378984891 2.268920660018921 46
1718378985538 2.268920421600342 47
1718378986222 2.268920421600342 48
1718378986876 2.217752456665039 49
