1718374008154 0.0 0
1718374009548 0.0 1
1718374010385 0.0 2
1718374011212 0.2 3
1718374011934 0.0 4
1718374013151 0.0 5
1718374013957 0.0 6
1718374014664 0.2 7
1718374015367 0.0 8
1718374016175 0.0 9
1718374017264 0.0 10
1718374018612 0.0 11
1718374019754 0.0 12
1718374020753 0.2 13
1718374021854 0.0 14
1718374022749 0.0 15
1718374025489 0.2 16
1718374026428 0.0 17
1718374027371 0.0 18
1718374028313 0.0 19
1718374029077 0.0 20
1718374030398 0.0 21
1718374031355 0.0 22
1718374032171 0.2 23
1718374032864 0.0 24
1718374033537 0.0 25
1718374034246 0.0 26
1718374034909 0.0 27
1718374035587 0.0 28
1718374036259 0.0 29
1718374036937 0.2 30
1718374038087 0.0 31
1718374039104 0.0 32
1718374039967 0.0 33
1718374040773 0.2 34
1718374041504 0.2 35
1718374042204 0.0 36
1718374042942 0.0 37
1718374043674 0.2 38
1718374044405 0.0 39
1718374045108 0.2 40
1718374045855 0.0 41
1718374046650 0.0 42
1718374047681 0.0 43
1718374048546 0.2 44
1718374049278 0.2 45
1718374050124 0.2 46
1718374050972 0.0 47
1718374051765 0.2 48
1718374052455 0.0 49
