1718400912780 2.2827868461608887 0
1718400913147 2.2699809074401855 1
1718400913546 2.2775816917419434 2
1718400913881 2.286059617996216 3
1718400914231 2.3092010021209717 4
1718400914600 2.2662365436553955 5
1718400914930 2.2897446155548096 6
1718400915280 2.247917413711548 7
1718400915616 2.2768325805664062 8
1718400915947 2.241999387741089 9
1718400916298 2.278644323348999 10
1718400916649 2.2845118045806885 11
1718400916983 2.2763679027557373 12
1718400917300 2.294513702392578 13
1718400917632 2.2522592544555664 14
1718400917982 2.2614667415618896 15
1718400918384 2.2912700176239014 16
1718400918783 2.266232967376709 17
1718400919196 2.284503698348999 18
1718400919552 2.3080437183380127 19
1718400919904 2.3018546104431152 20
1718400920286 2.282757043838501 21
1718400920618 2.2901480197906494 22
1718400920969 2.2959303855895996 23
1718400921334 2.275129556655884 24
1718400921685 2.29703950881958 25
1718400922036 2.2725324630737305 26
1718400922371 2.272076368331909 27
1718400922703 2.294687509536743 28
1718400923004 2.28525447845459 29
1718400923321 2.302713632583618 30
1718400923622 2.3247761726379395 31
1718400923905 2.2760488986968994 32
1718400924221 2.2079050540924072 33
1718400924504 2.2519047260284424 34
1718400924771 2.2554643154144287 35
1718400925054 2.2857437133789062 36
1718400925371 2.217562198638916 37
1718400925656 2.2381560802459717 38
1718400925957 2.3939366340637207 39
1718400926260 2.287208080291748 40
1718400926559 2.223297119140625 41
1718400926857 2.276348114013672 42
1718400927172 2.2908451557159424 43
1718400927457 2.236006498336792 44
1718400927741 2.256847620010376 45
1718400928041 2.2806637287139893 46
1718400928340 2.2990076541900635 47
1718400928639 2.29728627204895 48
1718400928907 2.2565760612487793 49
