1718445732142 0.1 0
1718445732946 0.1 1
1718445733791 0.1 2
1718445734628 0.1 3
1718445735391 0.1 4
1718445736162 0.1 5
1718445736969 0.1 6
1718445737778 0.1 7
1718445738596 0.1 8
1718445739390 0.1 9
1718445740240 0.1 10
1718445741041 0.1 11
1718445741894 0.1 12
1718445742706 0.1 13
1718445743527 0.1 14
1718445744339 0.1 15
1718445745141 0.1 16
1718445745931 0.1 17
1718445746621 0.1 18
1718445747289 0.1 19
1718445747972 0.1 20
1718445748638 0.1 21
1718445749288 0.1 22
1718445750105 0.1 23
1718445750788 0.1 24
1718445751438 0.1 25
1718445752104 0.1 26
1718445752804 0.1 27
1718445753454 0.1 28
1718445754139 0.1 29
1718445754787 0.1 30
1718445755454 0.1 31
1718445756103 0.1 32
1718445756753 0.1 33
1718445757403 0.1 34
1718445758070 0.1 35
1718445758722 0.1 36
1718445759390 0.1 37
1718445760103 0.1 38
1718445760869 0.1 39
1718445761552 0.1 40
1718445762202 0.1 41
1718445762869 0.1 42
1718445763536 0.1 43
1718445764185 0.1 44
1718445764856 0.1 45
1718445765518 0.1 46
1718445766168 0.0 47
1718445766834 0.1 48
1718445767517 0.1 49
