1718445731942 67.23433685302734 0
1718445732778 64.48648834228516 1
1718445733591 28.01187515258789 2
1718445734441 62.99622344970703 3
1718445735212 58.245262145996094 4
1718445735991 36.18472671508789 5
1718445736774 79.56376647949219 6
1718445737608 27.864349365234375 7
1718445738412 62.65235137939453 8
1718445739229 87.9096450805664 9
1718445740060 62.50177764892578 10
1718445740889 91.81282043457031 11
1718445741724 71.6305160522461 12
1718445742523 70.3956069946289 13
1718445743340 20.883588790893555 14
1718445744171 67.57230377197266 15
1718445744973 68.4000244140625 16
1718445745775 26.186819076538086 17
1718445746472 63.78620147705078 18
1718445747159 87.09638977050781 19
1718445747838 72.8653793334961 20
1718445748488 35.639652252197266 21
1718445749172 46.61122512817383 22
1718445749970 115.86531829833984 23
1718445750659 42.092533111572266 24
1718445751321 73.00276184082031 25
1718445751971 39.69023513793945 26
1718445752665 46.34367752075195 27
1718445753332 77.26394653320312 28
1718445754004 69.83448791503906 29
1718445754658 42.63829040527344 30
1718445755320 68.66879272460938 31
1718445755970 58.32368850708008 32
1718445756620 71.59479522705078 33
1718445757270 95.16877746582031 34
1718445757936 68.61198425292969 35
1718445758586 66.41021728515625 36
1718445759255 46.243194580078125 37
1718445759953 65.63196563720703 38
1718445760720 82.82884216308594 39
1718445761419 17.557785034179688 40
1718445762085 25.085216522216797 41
1718445762736 47.47901153564453 42
1718445763402 56.35103225708008 43
1718445764055 98.02564239501953 44
1718445764719 35.69190216064453 45
1718445765387 86.16703796386719 46
1718445766039 38.906883239746094 47
1718445766689 70.68646240234375 48
1718445767351 19.142436981201172 49
