1718415229645 0.1 0
1718415230345 0.1 1
1718415231060 0.1 2
1718415231778 0.1 3
1718415232494 0.1 4
1718415233177 0.1 5
1718415233877 0.1 6
1718415234594 0.1 7
1718415235294 0.1 8
1718415236027 0.1 9
1718415236760 0.1 10
1718415237544 0.1 11
1718415238276 0.1 12
1718415239026 0.1 13
1718415239762 0.1 14
1718415240528 0.1 15
1718415241259 0.1 16
1718415242059 0.1 17
1718415243159 0.0 18
1718415244058 0.1 19
1718415244942 0.1 20
1718415245775 0.1 21
1718415246591 0.1 22
1718415247441 0.0 23
1718415248224 0.1 24
1718415249056 0.1 25
1718415249907 0.1 26
1718415250724 0.1 27
1718415251540 0.1 28
1718415252390 0.1 29
1718415253223 0.1 30
1718415254107 0.1 31
1718415255006 0.1 32
1718415255823 0.1 33
1718415256673 0.1 34
1718415257506 0.1 35
1718415258339 0.1 36
1718415259206 0.1 37
1718415260039 0.1 38
1718415260889 0.1 39
1718415261688 0.1 40
1718415262422 0.1 41
1718415263138 0.1 42
1718415263871 0.1 43
1718415264588 0.1 44
1718415265288 0.1 45
1718415265988 0.1 46
1718415266704 0.1 47
1718415267404 0.1 48
1718415268154 0.1 49
