1718408085151 2.303269147872925 0
1718408085468 2.3358404636383057 1
1718408085751 2.302274465560913 2
1718408086077 2.3050100803375244 3
1718408086384 2.8057432174682617 4
1718408086684 2.4923040866851807 5
1718408086984 2.279263496398926 6
1718408087284 2.3007709980010986 7
1718408087567 2.7700119018554688 8
1718408087867 2.317950963973999 9
1718408088183 2.3102097511291504 10
1718408088467 2.336160898208618 11
1718408088767 2.304642677307129 12
1718408089067 2.6089296340942383 13
1718408089350 2.5670039653778076 14
1718408089650 2.3575551509857178 15
1718408089933 2.3033230304718018 16
1718408090250 2.3068301677703857 17
1718408090550 2.303633689880371 18
1718408090850 2.8157896995544434 19
1718408091167 2.332663059234619 20
1718408091466 2.302276611328125 21
1718408091765 2.3811678886413574 22
1718408092066 6.228699207305908 23
1718408092383 2.3109757900238037 24
1718408092683 4.263494491577148 25
1718408092983 2.340348720550537 26
1718408093304 2.542937755584717 27
1718408093604 4.881915092468262 28
1718408093916 2.3035500049591064 29
1718408094234 2.3041269779205322 30
1718408094549 2.3076236248016357 31
1718408094849 2.320301055908203 32
1718408095185 2.471092462539673 33
1718408095506 3.2344467639923096 34
1718408095807 2.3146908283233643 35
1718408096115 2.3500874042510986 36
1718408096432 2.4077322483062744 37
1718408096748 2.3048789501190186 38
1718408097082 2.304569959640503 39
1718408097415 2.304150342941284 40
1718408097732 2.391481876373291 41
1718408098032 2.324000358581543 42
1718408098365 2.8264429569244385 43
1718408098648 2.2569615840911865 44
1718408098965 2.306339979171753 45
1718408099282 3.8227486610412598 46
1718408099581 2.3058242797851562 47
1718408099881 3.3352861404418945 48
1718408100215 2.3958144187927246 49
