1718433205856 0.0 0
1718433209873 0.0 1
1718433213955 0.0 2
1718433218238 0.0 3
1718433222371 0.0 4
1718433226604 0.0 5
1718433230785 0.0 6
1718433234870 0.0 7
1718433238984 0.0 8
1718433243351 0.0 9
1718433248166 0.0 10
1718433252948 0.0 11
1718433257797 0.0 12
1718433262596 0.0 13
1718433266912 0.0 14
1718433270887 0.0 15
1718433275012 0.0 16
1718433279144 0.0 17
1718433283125 0.0 18
1718433287110 0.0 19
1718433291076 0.0 20
1718433295059 0.0 21
1718433299058 0.0 22
1718433303373 0.0 23
1718433308253 0.0 24
1718433313102 0.0 25
1718433317918 0.0 26
1718433322784 0.0 27
1718433326783 0.0 28
1718433330900 0.0 29
1718433334885 0.0 30
1718433338930 0.0 31
1718433342930 0.0 32
1718433346912 0.0 33
1718433350912 0.0 34
1718433354961 0.0 35
1718433358927 0.0 36
1718433363193 0.0 37
1718433368162 0.0 38
1718433372941 0.0 39
1718433377806 0.0 40
1718433382523 0.0 41
1718433386571 0.0 42
1718433390573 0.0 43
1718433394555 0.0 44
1718433398569 0.0 45
1718433402735 0.0 46
1718433406734 0.0 47
1718433410816 0.0 48
1718433414783 0.0 49
