1718546299416 -25.103049666793254 0
1718546299933 -39.169967599990784 1
1718546300400 -34.422891456270065 2
1718546300867 -33.12136302652584 3
1718546301367 -38.723335407398366 4
1718546301861 -39.111044469505856 5
1718546302360 -37.56699346934103 6
1718546302800 -38.94339598068083 7
1718546303300 -40.59488478252784 8
1718546303783 -38.86665204237606 9
1718546304300 -41.51813164142648 10
1718546304784 -37.47078157675388 11
1718546305266 -41.88156739308778 12
1718546305748 -40.92543146666452 13
1718546306253 -42.6089946605541 14
1718546306716 12.973251914335819 15
1718546307220 -42.43463144398699 16
1718546307699 -39.250254223242365 17
1718546308169 -38.047544023404626 18
1718546308666 11.652787449383979 19
1718546309164 -43.32923195578836 20
1718546309653 -37.511638037684776 21
1718546310132 13.994364311398087 22
1718546310619 -40.463035763313485 23
1718546311132 -31.654417301267884 24
1718546311657 -41.806945505367 25
1718546312165 15.39104169466681 26
1718546312635 -37.84579485755175 27
1718546313115 15.285070952341613 28
1718546313582 5.145297162861937 29
1718546314035 13.613135084158642 30
1718546314553 -39.13657354746603 31
1718546315015 -38.410298048847864 32
1718546315515 -41.114563412136505 33
1718546315968 -36.199760848022876 34
1718546316464 -38.7903044087317 35
1718546316914 -40.519883884725346 36
1718546317433 -39.77074531272605 37
1718546317897 -42.609574738576356 38
1718546318414 -37.286497045446325 39
1718546318897 -36.0909406745474 40
1718546319414 12.618243689488878 41
1718546319900 -38.56974012843686 42
1718546320414 -38.72789359815192 43
1718546320913 12.904715322886247 44
1718546321417 -43.18117710717199 45
1718546321928 -40.28613545838431 46
1718546322446 -39.65248029561157 47
1718546322946 14.398853250625564 48
1718546323413 -35.85257158375751 49
