1718389507780 0.12192392349243164 0
1718389508065 0.09329891204833984 1
1718389508374 0.04462265968322754 2
1718389508689 0.07153546810150146 3
1718389508958 0.10081088542938232 4
1718389509239 0.0821981430053711 5
1718389509522 0.03643369674682617 6
1718389509792 0.04024851322174072 7
1718389510058 0.09850156307220459 8
1718389510338 -0.05865180492401123 9
1718389510609 0.06684684753417969 10
1718389510887 0.021001577377319336 11
1718389511157 0.2008136510848999 12
1718389511437 0.04406416416168213 13
1718389511709 0.007640957832336426 14
1718389511993 -0.19446861743927002 15
1718389512299 0.20922207832336426 16
1718389512595 0.1274099349975586 17
1718389512879 0.004484891891479492 18
1718389513155 -0.03573644161224365 19
1718389513444 -0.025757551193237305 20
1718389513735 0.2030811309814453 21
1718389514044 0.08156466484069824 22
1718389514321 0.0209808349609375 23
1718389514600 0.04138505458831787 24
1718389514899 -0.06314516067504883 25
1718389515187 -0.06164276599884033 26
1718389515494 -0.09276401996612549 27
1718389515973 0.11038804054260254 28
1718389516245 0.10713571310043335 29
1718389516537 0.0457155704498291 30
1718389516827 -0.006497740745544434 31
1718389517103 0.03420579433441162 32
1718389517395 -0.02671337127685547 33
1718389517680 -0.02350032329559326 34
1718389517955 -0.00954967737197876 35
1718389518200 -0.0027982592582702637 36
1718389518484 0.008272290229797363 37
1718389518775 -0.12328284978866577 38
1718389519050 0.13826203346252441 39
1718389519319 0.0541071891784668 40
1718389519568 0.07074987888336182 41
1718389519802 0.00029152631759643555 42
1718389520038 0.020702123641967773 43
1718389520278 -0.03234630823135376 44
1718389520522 -0.0138283371925354 45
1718389520759 -0.026867210865020752 46
1718389520989 -0.05130988359451294 47
1718389521224 -0.06077992916107178 48
1718389521466 -0.010118424892425537 49
