1718510628012 0.09151515151515152 0
1718510628480 0.10242424242424242 1
1718510628964 0.09151515151515152 2
1718510629434 0.09151515151515152 3
1718510629864 0.09151515151515152 4
1718510630348 0.10303030303030303 5
1718510630848 0.09151515151515152 6
1718510631336 0.0458287607079831 7
1718510631801 0.05548021028401997 8
1718510632281 0.05810412573673871 9
1718510632750 0.10848484848484848 10
1718510633234 0.5688095238095238 11
1718510633717 0.09151515151515152 12
1718510634238 0.09151515151515152 13
1718510634718 0.1791630614782514 14
1718510635203 0.09151515151515152 15
1718510635686 0.09151515151515152 16
1718510636186 0.1339723561156662 17
1718510636672 0.09151515151515152 18
1718510637287 0.09151515151515152 19
1718510637753 0.09151515151515152 20
1718510638202 0.043209899939357185 21
1718510638687 0.09151515151515152 22
1718510639138 0.10848484848484848 23
1718510639607 0.09151515151515152 24
1718510640055 0.09151515151515152 25
1718510640526 0.09151515151515152 26
1718510640992 0.09151515151515152 27
1718510641440 0.09212121212121212 28
1718510641923 0.09151515151515152 29
1718510642528 0.16182805347130047 30
1718510643141 0.09151515151515152 31
1718510643792 0.09151515151515152 32
1718510644375 0.3812962894584001 33
1718510644959 0.09151515151515152 34
1718510645560 0.09151515151515152 35
1718510646112 0.09151515151515152 36
1718510646694 0.09271664155736736 37
1718510647277 0.3200089125552592 38
1718510647845 0.09151515151515152 39
1718510648395 0.09151515151515152 40
1718510648899 0.09151515151515152 41
1718510649446 0.09151515151515152 42
1718510649996 0.09151515151515152 43
1718510650563 0.09151515151515152 44
1718510651097 0.09151515151515152 45
1718510651632 0.09151515151515152 46
1718510652181 0.056974814252722925 47
1718510652765 0.09151515151515152 48
1718510653299 0.09151515151515152 49
