1718585762315 0.10848484848484848 0
1718585763259 0.09151515151515152 1
1718585764265 0.10848484848484848 2
1718585765102 0.08727272727272728 3
1718585765886 0.09151515151515152 4
1718585766565 0.09151515151515152 5
1718585767203 0.09151515151515152 6
1718585767832 0.09151515151515152 7
1718585768466 0.13971278557481215 8
1718585769085 0.10848484848484848 9
1718585769915 0.10848484848484848 10
1718585770583 0.09451025455912444 11
1718585771215 0.10848484848484848 12
1718585771850 0.09151515151515152 13
1718585772467 0.09151515151515152 14
1718585773148 0.09151515151515152 15
1718585773799 0.09151515151515152 16
1718585774431 0.10848484848484848 17
1718585775065 0.08083136662575915 18
1718585775707 0.10848484848484848 19
1718585776335 0.10848484848484848 20
1718585776997 0.09151515151515152 21
1718585777658 0.09151515151515152 22
1718585778315 0.5846061346061346 23
1718585778934 0.10848484848484848 24
1718585779550 0.5011875776884738 25
1718585780196 0.10848484848484848 26
1718585780860 0.10848484848484848 27
1718585781683 0.06727979653580997 28
1718585782331 0.09151515151515152 29
1718585782963 0.5846061346061346 30
1718585783613 0.21319533348888436 31
1718585784287 0.10848484848484848 32
1718585784916 0.09212121212121212 33
1718585785566 0.09212121212121212 34
1718585786215 0.10273325536546017 35
1718585786979 0.04496409117718489 36
1718585787613 0.3237602208897123 37
1718585788242 0.21286996216166656 38
1718585788696 0.08727272727272728 39
1718585789164 0.10848484848484848 40
1718585789627 0.10848484848484848 41
1718585790114 0.10848484848484848 42
1718585790594 0.09151515151515152 43
1718585791061 0.09151515151515152 44
1718585791566 0.09151515151515152 45
1718585792073 0.09151515151515152 46
1718585792543 0.09151515151515152 47
1718585792998 0.09151515151515152 48
1718585793474 0.09151515151515152 49
