1718332261776 -0.014162302017211914 0
1718332262086 -0.11452341079711914 1
1718332262509 0.06076681613922119 2
1718332262878 -0.4032301902770996 3
1718332263223 -0.08980977535247803 4
1718332263575 -0.08996498584747314 5
1718332263931 0.04733681678771973 6
1718332264277 -0.30904173851013184 7
1718332264624 -0.3068035840988159 8
1718332264977 0.4180269241333008 9
1718332265330 -0.043001413345336914 10
1718332265664 -0.04561734199523926 11
1718332265973 -0.2738831043243408 12
1718332266280 -0.06068432331085205 13
1718332266611 -0.2008974552154541 14
1718332266922 -0.2516249418258667 15
1718332267234 -0.4101215600967407 16
1718332267568 0.06228959560394287 17
1718332267867 0.10205471515655518 18
1718332268183 -0.11660289764404297 19
1718332268497 0.21036851406097412 20
1718332268797 -0.22659850120544434 21
1718332269097 -0.002974271774291992 22
1718332269426 -0.36068522930145264 23
1718332269729 0.03883218765258789 24
1718332270030 -0.8015044927597046 25
1718332270349 -0.05961966514587402 26
1718332270652 -0.4266040325164795 27
1718332270960 -0.3269801139831543 28
1718332271265 -0.11813437938690186 29
1718332271586 -0.18406188488006592 30
1718332271881 0.05760526657104492 31
1718332272193 -0.39907312393188477 32
1718332272514 0.06726336479187012 33
1718332272833 -0.17717981338500977 34
1718332273139 0.039381980895996094 35
1718332273456 0.17675721645355225 36
1718332273759 0.07601606845855713 37
1718332274059 0.151952862739563 38
1718332274369 -0.2014164924621582 39
1718332274701 -0.09144771099090576 40
1718332274995 0.04469454288482666 41
1718332275300 -0.34171581268310547 42
1718332275613 0.08576488494873047 43
1718332275913 -0.2480231523513794 44
1718332276228 0.11296510696411133 45
1718332276532 -0.5495356321334839 46
1718332276832 -0.18359816074371338 47
1718332277129 -0.34170353412628174 48
1718332277444 0.04074406623840332 49
