1718420791900 0.28148879549456796 0
1718420792119 0.09679323591648427 1
1718420792328 0.2085561497326203 2
1718420792521 0.13540938781710465 3
1718420792751 0.2085561497326203 4
1718420793000 0.19650067294751009 5
1718420793301 0.10768083519761372 6
1718420793523 0.2085561497326203 7
1718420793734 0.2037533512064343 8
1718420793950 0.2085561497326203 9
1718420794166 0.2037533512064343 10
1718420794366 0.2085561497326203 11
1718420794569 0.2037533512064343 12
1718420794783 0.3030827535645862 13
1718420794983 0.05997093771741486 14
1718420795233 0.2085561497326203 15
1718420795449 0.2852972025814731 16
1718420795666 0.18346262308395417 17
1718420795883 0.2085561497326203 18
1718420796299 0.09785253261598068 19
1718420796483 0.2085561497326203 20
1718420796699 0.19650067294751009 21
1718420796918 0.5449784716631078 22
1718420797131 0.2085561497326203 23
1718420797332 0.08156694207156565 24
1718420797536 0.2085561497326203 25
1718420797749 0.19650067294751009 26
1718420797967 0.11053879486550568 27
1718420798199 0.19650067294751009 28
1718420798418 0.06944254211751816 29
1718420798630 0.19650067294751009 30
1718420798850 0.309452384057836 31
1718420799082 0.149006362463287 32
1718420799298 0.12108123084072892 33
1718420799520 0.10989288875241587 34
1718420799753 0.2978040922856725 35
1718420799969 0.23197573489304335 36
1718420800180 0.25768314105898155 37
1718420800386 0.2085561497326203 38
1718420800603 0.19650067294751009 39
1718420800832 0.2037533512064343 40
1718420801036 0.2085561497326203 41
1718420801248 0.2037533512064343 42
1718420801465 0.2085561497326203 43
1718420801714 0.19165703505597967 44
1718420801935 0.3337359343634585 45
1718420802167 0.07973722275795564 46
1718420802382 0.2085561497326203 47
1718420802581 0.19650067294751009 48
1718420802815 0.2085561497326203 49
