1718408119760 2.3544838428497314 0
1718408120105 2.2941677570343018 1
1718408120477 2.2861876487731934 2
1718408120860 2.2867932319641113 3
1718408121194 2.2795629501342773 4
1718408121544 2.291355609893799 5
1718408121893 2.288160562515259 6
1718408122244 2.5531859397888184 7
1718408122543 2.3662707805633545 8
1718408122843 2.292736291885376 9
1718408123127 2.242356538772583 10
1718408123493 2.5395736694335938 11
1718408123793 2.33652663230896 12
1718408124093 2.7817013263702393 13
1718408124426 2.2940878868103027 14
1718408124710 2.306544542312622 15
1718408125026 2.254495859146118 16
1718408125343 2.3866288661956787 17
1718408125693 2.3467023372650146 18
1718408126010 2.319831609725952 19
1718408126310 2.3073203563690186 20
1718408126726 2.404188871383667 21
1718408127043 2.295639991760254 22
1718408127376 2.2984964847564697 23
1718408127693 2.2922351360321045 24
1718408128009 2.2749712467193604 25
1718408128326 2.3058366775512695 26
1718408128643 2.2765111923217773 27
1718408128942 2.281111478805542 28
1718408129259 2.271745443344116 29
1718408129578 2.2913310527801514 30
1718408129895 2.2973644733428955 31
1718408130209 2.5479423999786377 32
1718408130529 2.2893869876861572 33
1718408130846 2.8988564014434814 34
1718408131142 2.2983953952789307 35
1718408131475 2.3084864616394043 36
1718408131775 2.2791342735290527 37
1718408132075 2.3108532428741455 38
1718408132392 2.298750638961792 39
1718408132708 2.4128639698028564 40
1718408133008 2.281477451324463 41
1718408133308 2.2762184143066406 42
1718408133608 2.3987722396850586 43
1718408133908 2.203197717666626 44
1718408134225 4.351626873016357 45
1718408134558 2.244563341140747 46
1718408134875 2.3094289302825928 47
1718408135208 2.3441965579986572 48
1718408135541 2.3577427864074707 49
