1718502626328 0.49329642768100596 0
1718502626678 0.42341695195372875 1
1718502626978 0.42484425520079233 2
1718502627312 0.5284473659094556 3
1718502627662 0.29599133859774857 4
1718502627996 0.46263498360906524 5
1718502628329 0.49106516844684034 6
1718502628679 0.6029966392304922 7
1718502628996 0.49788484482539386 8
1718502629330 0.6661271932998174 9
1718502629648 0.5234275112244323 10
1718502630131 0.5035971780201027 11
1718502630514 0.33832722263628123 12
1718502630913 0.43046024541146877 13
1718502631281 0.5161040976547223 14
1718502631665 0.46194866750032776 15
1718502632051 0.45290732435646874 16
1718502632482 0.5565172365119487 17
1718502632849 0.3383122053263432 18
1718502633166 0.3629562344132254 19
1718502633483 0.5855926281676354 20
1718502633817 0.5347484946603162 21
1718502634167 0.5199248277822278 22
1718502634500 0.49796908178912513 23
1718502634834 0.5008549437350955 24
1718502635152 0.725854430461169 25
1718502635485 0.3659978149432338 26
1718502635868 0.504308863204297 27
1718502636254 0.6120558299646033 28
1718502636585 0.42279642122477545 29
1718502636919 0.5401662862926739 30
1718502637269 0.569673805167697 31
1718502637619 0.3339764068461489 32
1718502637936 0.5043219656672752 33
1718502638270 0.404426333986539 34
1718502638587 0.4598529900596778 35
1718502638937 0.4299713915922558 36
1718502639255 0.4927162804880885 37
1718502639588 0.44122953402998594 38
1718502639921 0.46083976879085176 39
1718502640356 0.3572215510754238 40
1718502640688 0.34157739660860953 41
1718502641022 0.48586716906791716 42
1718502641339 0.5727986322843992 43
1718502641657 0.6853924015833289 44
1718502641989 0.49558281156077466 45
1718502642306 0.5365974824103564 46
1718502642657 0.565911653051882 47
1718502642990 0.4258598704510828 48
1718502643324 0.5813425915412567 49
