1718501846324 0.09151515151515152 0
1718501846780 0.09151515151515152 1
1718501847246 0.09151515151515152 2
1718501847697 0.10303030303030303 3
1718501848147 0.09151515151515152 4
1718501848581 0.09151515151515152 5
1718501849014 0.09151515151515152 6
1718501849481 0.09151515151515152 7
1718501849915 0.11696969696969697 8
1718501850432 0.09151515151515152 9
1718501850916 0.1103030303030303 10
1718501851483 0.10848484848484849 11
1718501852050 0.09151515151515152 12
1718501852534 0.09151515151515152 13
1718501852967 0.09151515151515152 14
1718501853401 0.09151515151515152 15
1718501853835 0.09818181818181818 16
1718501854268 0.09151515151515152 17
1718501854702 0.09151515151515152 18
1718501855136 0.09151515151515152 19
1718501855569 0.09151515151515152 20
1718501856020 0.09151515151515152 21
1718501856470 0.16727272727272727 22
1718501856887 0.09151515151515152 23
1718501857304 0.09151515151515152 24
1718501857738 0.09151515151515152 25
1718501858188 0.09151515151515152 26
1718501858622 0.09151515151515152 27
1718501859039 0.09212121212121212 28
1718501859506 0.09151515151515152 29
1718501859906 0.09151515151515152 30
1718501860340 0.09151515151515152 31
1718501860773 0.06848484848484848 32
1718501861207 0.09151515151515152 33
1718501861674 0.1684848484848485 34
1718501862108 0.09151515151515152 35
1718501862525 0.11636363636363636 36
1718501862958 0.09151515151515152 37
1718501863392 0.09151515151515152 38
1718501863826 0.09151515151515152 39
1718501864276 0.09151515151515152 40
1718501864710 0.09151515151515152 41
1718501865143 0.09151515151515152 42
1718501865627 0.09151515151515152 43
1718501866127 0.09151515151515152 44
1718501866594 0.19272727272727272 45
1718501867111 0.11757575757575757 46
1718501867562 0.10242424242424242 47
1718501868029 0.1096969696969697 48
1718501868479 0.08545454545454545 49
