1718524997810 -0.12852546843615453 0
1718524998160 0.03066464626427856 1
1718524998514 -0.09007299397930946 2
1718524998877 0.16559357670220465 3
1718524999227 -0.04627791498646594 4
1718524999593 -0.15230350783376978 5
1718524999943 -0.03132794842575537 6
1718525000310 -0.02565401070045703 7
1718525000660 0.11628166382963012 8
1718525001010 -0.025656480229262146 9
1718525001360 -0.07405982640656561 10
1718525001712 -0.16821333178968145 11
1718525002046 -0.34232092445546924 12
1718525002426 0.15033945576711139 13
1718525002776 -0.04987614579272992 14
1718525003142 -0.3826242242798661 15
1718525003492 -0.4954942004247145 16
1718525003842 -0.37150970552906837 17
1718525004222 0.08526473153721192 18
1718525004559 0.08167861808430055 19
1718525004925 0.4853677686416742 20
1718525005275 0.043705107587756586 21
1718525005621 -0.16577870556802465 22
1718525005958 0.08205360806349549 23
1718525006314 0.1158694299784574 24
1718525006775 -0.0325787374467561 25
1718525007142 -0.07814565346096503 26
1718525007491 -0.11695282116080774 27
1718525007845 -0.13758611227526807 28
1718525008175 -0.056055805448329776 29
1718525008525 -0.0792839527130127 30
1718525008858 -0.20712173256007116 31
1718525009208 0.07701227791381604 32
1718525009541 -0.4437499434658976 33
1718525009898 -0.04733474868716625 34
1718525010241 0.26146816846096144 35
1718525010574 -0.2948496540387471 36
1718525010941 0.20363415642218152 37
1718525011291 0.2987314038204424 38
1718525011641 0.023524989232872495 39
1718525012004 -0.006966174100384581 40
1718525012341 -0.14160932419878058 41
1718525012702 -0.19288017984592554 42
1718525013040 -0.009876312179998958 43
1718525013359 -0.10312068191441626 44
1718525013723 -0.2519919655539773 45
1718525014057 0.010959217945734623 46
1718525014407 -0.25187015714067407 47
1718525014740 -0.138254875034997 48
1718525015077 -0.4771489555185491 49
