1718330333557 1.9483534097671509 0
1718330333864 1.791598916053772 1
1718330334202 2.026974678039551 2
1718330334511 1.8675438165664673 3
1718330334803 2.003514528274536 4
1718330335113 1.7967009544372559 5
1718330335412 1.7971473932266235 6
1718330335710 1.9915069341659546 7
1718330336009 1.6554584503173828 8
1718330336303 1.6070492267608643 9
1718330336602 2.241706132888794 10
1718330336900 1.7415354251861572 11
1718330337197 1.9801726341247559 12
1718330337485 1.9320181608200073 13
1718330337786 2.0035500526428223 14
1718330338084 2.296611785888672 15
1718330338376 3.018383264541626 16
1718330338684 1.7913466691970825 17
1718330339006 1.9725406169891357 18
1718330339302 1.89298677444458 19
1718330339622 1.760726809501648 20
1718330339921 1.95354425907135 21
1718330340236 2.066895008087158 22
1718330340537 2.232321262359619 23
1718330340835 2.0272505283355713 24
1718330341144 2.191056728363037 25
1718330341436 2.1708297729492188 26
1718330341734 1.705290675163269 27
1718330342065 2.045170307159424 28
1718330342424 2.1583049297332764 29
1718330342777 1.65812087059021 30
1718330343138 2.3332183361053467 31
1718330343475 2.340181589126587 32
1718330343832 2.0276169776916504 33
1718330344177 1.6629140377044678 34
1718330344498 1.7488051652908325 35
1718330344806 2.075242280960083 36
1718330345116 1.6912376880645752 37
1718330345405 2.0763983726501465 38
1718330345699 1.9973732233047485 39
1718330346022 2.0919337272644043 40
1718330346324 2.0277183055877686 41
1718330346613 1.8180981874465942 42
1718330346912 1.6457427740097046 43
1718330347221 1.7021297216415405 44
1718330347517 1.8868772983551025 45
1718330347814 1.9020378589630127 46
1718330348117 1.7522708177566528 47
1718330348416 1.9668527841567993 48
1718330348719 1.9356555938720703 49
