1718492958487 2.3795519480064735 0
1718492959317 2.36220484349265 1
1718492960118 2.435026616302889 2
1718492960902 2.4098625957076227 3
1718492961702 2.429550428888691 4
1718492962486 2.3826617705288218 5
1718492963319 2.4566704128215564 6
1718492964104 2.3817616345277473 7
1718492964955 2.4214013939473165 8
1718492965873 2.372277682396903 9
1718492966773 2.431152325957569 10
1718492967591 2.3819833896053373 11
1718492968357 2.4609052645626353 12
1718492969158 2.3911252261987372 13
1718492970029 2.394880648869187 14
1718492970825 2.4063240325272974 15
1718492971644 2.3868853200727433 16
1718492972460 2.3761806483589 17
1718492973261 2.3945245920722162 18
1718492974095 2.390463793010854 19
1718492974861 2.400228665835822 20
1718492975646 2.3789999164752107 21
1718492976446 2.3602461276659326 22
1718492977198 2.3770115010773956 23
1718492977998 2.3806719406327206 24
1718492978802 2.40426963122923 25
1718492979583 2.3911979029427712 26
1718492980351 2.438724433308217 27
1718492981217 2.397481800015293 28
1718492982067 2.41008331971382 29
1718492982868 2.423016880875203 30
1718492983706 2.401721666997938 31
1718492984519 2.4308999251963486 32
1718492985319 2.4053178082651168 33
1718492986087 2.3834159418718137 34
1718492986891 2.388491159944392 35
1718492987638 2.43381841236086 36
1718492988489 2.4384358009295677 37
1718492989327 2.4031251402043585 38
1718492990123 2.3938217501142134 39
1718492990910 2.3896024609679607 40
1718492991875 2.4550210682313836 41
1718492992775 2.4375660228195475 42
1718492993597 2.415450912802967 43
1718492994393 2.3970703713929473 44
1718492995197 2.3651788065682595 45
1718492995996 2.4083542717036917 46
1718492996745 2.427003316025236 47
1718492997546 2.463890014299706 48
1718492998363 2.3931518045823967 49
