1718387628187 -0.09111559391021729 0
1718387628415 -0.10132229328155518 1
1718387628668 -0.09606415033340454 2
1718387628935 -0.14488795399665833 3
1718387629179 -0.11154419183731079 4
1718387629417 -0.10400119423866272 5
1718387629669 -0.1471349596977234 6
1718387629903 -0.07570168375968933 7
1718387630128 -0.10240215063095093 8
1718387630369 -0.12011680006980896 9
1718387630611 -0.0989769697189331 10
1718387630846 -0.13351863622665405 11
1718387631078 -0.11355593800544739 12
1718387631306 -0.11820922791957855 13
1718387631733 -0.12397730350494385 14
1718387631957 -0.10255435109138489 15
1718387632190 -0.12629595398902893 16
1718387632424 -0.13191404938697815 17
1718387632674 -0.1345290243625641 18
1718387632908 -0.1280943751335144 19
1718387633127 -0.09378886222839355 20
1718387633349 -0.08868607878684998 21
1718387633586 -0.08960792422294617 22
1718387633827 -0.11258721351623535 23
1718387634059 -0.12636005878448486 24
1718387634279 -0.10057270526885986 25
1718387634507 -0.11562824249267578 26
1718387634747 -0.16684716939926147 27
1718387634983 -0.11576402187347412 28
1718387635211 -0.17859894037246704 29
1718387635463 -0.1951303482055664 30
1718387635716 -0.04687458276748657 31
1718387635945 -0.1198107898235321 32
1718387636180 -0.1419663429260254 33
1718387636419 -0.14298895001411438 34
1718387636653 -0.12976613640785217 35
1718387636891 -0.17525365948677063 36
1718387637134 -0.11937516927719116 37
1718387637422 -0.14628222584724426 38
1718387637668 -0.14771440625190735 39
1718387637945 -0.122547447681427 40
1718387638222 -0.14498817920684814 41
1718387638488 -0.13194921612739563 42
1718387638738 -0.1144779622554779 43
1718387638981 -0.12477338314056396 44
1718387639213 -0.16373690962791443 45
1718387639452 -0.19016748666763306 46
1718387639687 -0.11295753717422485 47
1718387639920 -0.10709682106971741 48
1718387640159 -0.08634567260742188 49
