1718387628236 0.8711176581707881 0
1718387628467 0.8659230273968476 1
1718387628724 0.8827714509244714 2
1718387628994 0.8780514405562937 3
1718387629234 0.8873360118225332 4
1718387629469 0.8757288894525972 5
1718387629722 0.8557439654867027 6
1718387629954 0.8710485923944672 7
1718387630183 0.8770323598127188 8
1718387630421 0.875921344934261 9
1718387630663 0.8989335857581789 10
1718387630899 0.8770652424094083 11
1718387631126 0.8953198971691546 12
1718387631361 0.8812795976182619 13
1718387631782 0.8895162292369801 14
1718387632008 0.890142263486596 15
1718387632245 0.8831469284829768 16
1718387632481 0.8814697992525654 17
1718387632726 0.8753693784614436 18
1718387632955 0.8766702613452214 19
1718387633181 0.8821616451361747 20
1718387633404 0.8903246708998797 21
1718387633644 0.895334560984455 22
1718387633879 0.8951978150120844 23
1718387634109 0.8855866786296167 24
1718387634332 0.8832930432020742 25
1718387634554 0.8697835881139228 26
1718387634800 0.8708908177009557 27
1718387635034 0.8840795965022058 28
1718387635265 0.8424285848908746 29
1718387635520 0.8273831648761039 30
1718387635770 0.871205174585571 31
1718387636001 0.8635573149616036 32
1718387636235 0.8722329312216827 33
1718387636470 0.8750083621294101 34
1718387636711 0.8784233716094745 35
1718387636945 0.8765154549865043 36
1718387637196 0.8844080893183415 37
1718387637478 0.8746658270863185 38
1718387637730 0.8761701032326419 39
1718387638010 0.8830177216672369 40
1718387638288 0.8715206773663295 41
1718387638545 0.8840599306470462 42
1718387638794 0.8833284906854798 43
1718387639035 0.8885642475877357 44
1718387639267 0.8800393666838614 45
1718387639504 0.877154447653034 46
1718387639742 0.8578322497237959 47
1718387639977 0.8692953863566188 48
1718387640214 0.8889227697924179 49
