1718375501406 0.7400097846984863 0
1718375502450 0.5782301425933838 1
1718375503613 0.5717949867248535 2
1718375504294 0.5665249824523926 3
1718375505030 0.6174566745758057 4
1718375505769 0.6195549964904785 5
1718375506432 0.6303868293762207 6
1718375507215 0.29590463638305664 7
1718375507928 0.5856002569198608 8
1718375508616 0.912057638168335 9
1718375509368 0.36521971225738525 10
1718375510117 0.6178590059280396 11
1718375511384 0.6761466264724731 12
1718375512566 0.4676542282104492 13
1718375513535 0.6376024484634399 14
1718375514269 0.6324434280395508 15
1718375514965 0.43728458881378174 16
1718375515702 0.19901728630065918 17
1718375516422 0.7243020534515381 18
1718375517103 0.5458455085754395 19
1718375517865 0.6165528297424316 20
1718375518616 0.2905724048614502 21
1718375519352 0.6389849185943604 22
1718375520069 0.6935080289840698 23
1718375520720 0.5741989612579346 24
1718375521384 0.47467565536499023 25
1718375522053 0.5468108654022217 26
1718375522740 0.16283154487609863 27
1718375523576 0.3519248962402344 28
1718375524320 0.528213381767273 29
1718375525017 0.916225790977478 30
1718375525677 0.5077552795410156 31
1718375526350 0.5332744121551514 32
1718375527039 0.9925851821899414 33
1718375527736 0.20402109622955322 34
1718375528457 -0.12685585021972656 35
1718375529160 0.7463881969451904 36
1718375529866 0.4893302917480469 37
1718375530565 0.5466440916061401 38
1718375531268 0.508721113204956 39
1718375532031 0.6324994564056396 40
1718375532689 0.6339726448059082 41
1718375533525 0.5767002105712891 42
1718375534263 0.5086486339569092 43
1718375535361 0.41891372203826904 44
1718375536253 0.6467294692993164 45
1718375537166 0.441922664642334 46
1718375538273 0.5760644674301147 47
1718375539216 0.9916298389434814 48
1718375539980 0.4208652973175049 49
