1718338125106 3.890263319015503 0
1718338127657 5.113440036773682 1
1718338130428 6.121417045593262 2
1718338133140 5.023495197296143 3
1718338135963 3.5879664421081543 4
1718338138734 6.110367298126221 5
1718338141406 4.54874849319458 6
1718338144298 3.4299216270446777 7
1718338147033 9.494806289672852 8
1718338149548 3.4191417694091797 9
1718338152321 2.6925716400146484 10
1718338154927 7.48944091796875 11
1718338157703 6.7041802406311035 12
1718338160335 10.942039489746094 13
1718338163103 2.6702334880828857 14
1718338165710 5.063749313354492 15
1718338168463 9.070873260498047 16
1718338170958 2.8848440647125244 17
1718338173751 5.634800910949707 18
1718338176280 5.649017333984375 19
1718338178970 10.351313591003418 20
1718338181464 5.2134809494018555 21
1718338184168 6.107359886169434 22
1718338186805 1.8592742681503296 23
1718338189532 7.313427925109863 24
1718338192101 6.116103172302246 25
1718338194824 11.16362190246582 26
1718338197533 5.648229598999023 27
1718338200170 3.9733142852783203 28
1718338203024 8.07355785369873 29
1718338206005 5.5372724533081055 30
1718338208421 1.8422740697860718 31
1718338211022 3.419135570526123 32
1718338213619 7.046627998352051 33
1718338216243 2.3593735694885254 34
1718338218930 7.109130382537842 35
1718338221490 5.159731864929199 36
1718338224245 2.884770393371582 37
1718338226788 2.8847453594207764 38
1718338229399 2.3592870235443115 39
1718338231919 1.8422743082046509 40
1718338234695 4.0035786628723145 41
1718338237337 10.655197143554688 42
1718338240051 5.630218505859375 43
1718338242509 3.4191360473632812 44
1718338245250 3.9733524322509766 45
1718338247868 3.739203453063965 46
1718338250716 2.884770393371582 47
1718338253271 1.8422740697860718 48
1718338256056 2.371608018875122 49
